1741
0
1740
0.965944469
0.9752167463
0.9819415212
0.9868124127
0.9903407693
0.9928994775
0.9947584271
0.9961123466
0.9971013069
0.997826159
0.9983594418
0.9987533092
0.9990452528
0.9992623329
0.9994239211
0.999543786
0.9996312857
0.9996926188
0.9997309446
0.9997465611
0.9997365475
0.999694109
0.9996070862
0.9994564056
0.9992133975
0.9988370538
0.9982703924
0.9974366426
0.9962360263
0.9945424199
0.99220258
0.9890364408
0.9848412871
0.979398489
0.9724836946
0.9638773203
0.9533729553
0.9407806993
0.9259229302
0.9086251259
0.8887043595
0.8659601808
0.8401725888
0.8111103177
0.7785542607
0.7423413396
0.7024300098
0.6589832902
0.612444222
0.5635654926
0.5133576989
0.4629656971
0.4135211408
0.3660236001
0.3212706745
0.2798315883
0.2420520931
0.2080785632
0.1778932512
0.1513535231
0.1282298565
0.1082394421
0.09107328206
0.07641685754
0.06396469474
0.05342977494
0.04454905912
0.0370859988
0.03083101474
0.02560061589
0.02123567089
0.01759925857
0.01457431912
0.01206131652
0.009975983761
0.008247260936
0.006815410219
0.005630354397
0.004650210496
0.003840021789
0.003170661861
0.002617900958
0.00216160831
0.001785078086
0.001474461285
0.001218287274
0.001007062267
0.0008329344564
0.0006894140388
0.0005711395061
0.0004736835544
0.0003933920816
0.0003272499889
0.0002727702667
0.0002279021428
0.0001909548737
0.0001605348662
0.0001354936539
0.0001148848824
9.792889614e-05
8.398337377e-05
7.251922943e-05
6.310064055e-05
5.536865501e-05
4.902761066e-05
4.383399209e-05
3.958723755e-05
3.612215369e-05
3.330267282e-05
3.101671609e-05
2.917196434e-05
2.769236016e-05
2.651525028e-05
2.55890136e-05
2.487111487e-05
2.432650763e-05
2.392630995e-05
2.364672036e-05
2.346812289e-05
2.337434853e-05
2.335207137e-05
2.339031016e-05
2.348000817e-05
2.361370753e-05
2.378526005e-05
2.398959987e-05
2.42225542e-05
2.448068881e-05
2.476117697e-05
2.506169585e-05
2.538033732e-05
2.571553159e-05
2.60659981e-05
2.64306891e-05
2.680874968e-05
2.719948316e-05
2.760233292e-05
2.801684241e-05
2.844265509e-05
2.887948904e-05
2.932711868e-05
2.978538032e-05
3.025414662e-05
3.07333321e-05
3.122287671e-05
3.172274955e-05
3.22329397e-05
3.275345807e-05
3.328432285e-05
3.382557043e-05
3.437725172e-05
3.493941404e-05
3.551213013e-05
3.609546911e-05
3.668950376e-05
3.729431774e-05
3.790999835e-05
3.85366402e-05
3.91743306e-05
3.982316775e-05
4.048325718e-05
4.11546971e-05
4.183759302e-05
4.253205771e-05
4.323819303e-05
4.395611904e-05
4.468594125e-05
4.54277797e-05
4.618174717e-05
4.694796735e-05
4.772655666e-05
4.851763879e-05
4.932133379e-05
5.013776899e-05
5.096706809e-05
5.180935841e-05
5.266476728e-05
5.353342567e-05
5.441546455e-05
5.531101488e-05
5.622021126e-05
5.714318831e-05
5.808008427e-05
5.90310301e-05
5.999617133e-05
6.097563892e-05
6.196958566e-05
6.297813525e-05
6.400144775e-05
6.503966142e-05
6.609292177e-05
6.716137432e-05
6.824516458e-05
6.934444536e-05
7.045936945e-05
7.159007509e-05
7.273672963e-05
7.389947859e-05
7.507847477e-05
7.627387822e-05
7.748584176e-05
7.871452544e-05
7.996008208e-05
8.122268628e-05
8.250248356e-05
8.379964129e-05
8.511431952e-05
8.644669288e-05
8.779691416e-05
8.916515799e-05
9.055158444e-05
9.195636812e-05
9.33796764e-05
9.482167661e-05
9.628254338e-05
9.776245133e-05
9.926156781e-05
0.0001007800674
0.0001023181321
0.0001038759365
0.0001054536551
0.00010705147
0.0001086695556
0.000110308094
0.000111967267
0.0001136472565
0.0001153482517
0.0001170704272
0.0001188139722
0.0001205790759
0.0001223659201
0.0001241746941
0.0001260056015
0.0001278588024
0.0001297345152
0.0001316329144
0.0001335541892
0.0001354985579
0.0001374661952
0.0001394573046
0.0001414720609
0.0001435106969
0.0001455733727
0.0001476603211
0.0001497717167
0.0001519077778
0.0001540686935
0.0001562546677
0.000158465904
0.0001607026061
0.0001629649778
0.0001652532228
0.0001675675594
0.0001699081768
0.0001722752932
0.0001746690978
0.000177089838
0.0001795376884
0.0001820128673
0.000184515593
0.0001870460837
0.0001896045287
0.0001921911753
0.0001948061981
0.0001974498446
0.0002001223038
0.0002028238086
0.0002055545774
0.0002083148138
0.0002111047506
0.0002139245917
0.0002167745697
0.000219654903
0.0002225657954
0.0002255074942
0.0002284801885
0.0002314841404
0.0002345195389
0.000237586617
0.0002406856074
0.0002438167139
0.0002469801984
0.0002501762356
0.0002534051018
0.0002566670009
0.0002599621366
0.0002632907999
0.0002666531364
0.0002700494369
0.0002734799054
0.0002769447747
0.0002804442775
0.0002839786466
0.000287548115
0.0002911528863
0.0002947932226
0.0002984693274
0.0003021814628
0.0003059298615
0.0003097147273
0.0003135362931
0.0003173948207
0.0003212905431
0.0003252236929
0.000329194474
0.0003332031483
0.0003372499195
0.0003413350787
0.0003454588295
0.0003496213758
0.0003538230085
0.0003580639604
0.0003623444063
0.0003666646662
0.0003710249148
0.0003754254139
0.0003798663965
0.0003843480954
0.0003888707433
0.0003934346023
0.000398039876
0.0004026868555
0.0004073757154
0.0004121067468
0.0004168801242
0.0004216961679
0.0004265550524
0.0004314570397
0.0004364023625
0.0004413912829
0.0004464240046
0.0004515007604
0.0004566218413
0.0004617874511
0.0004669977934
0.0004722531885
0.0004775538109
0.0004828998935
0.0004882917274
0.0004937295453
0.0004992135218
0.0005047439481
0.0005103209987
0.0005159450229
0.0005216161953
0.0005273347488
0.0005331009161
0.0005389149301
0.0005447770236
0.0005506874877
0.0005566465552
0.0005626543425
0.0005687112571
0.0005748174153
0.0005809730501
0.0005871784524
0.0005934338551
0.000599739491
0.000606095593
0.0006125023356
0.0006189600099
0.0006254688487
0.000632029085
0.0006386408932
0.0006453046226
0.0006520203897
0.0006587884855
0.0006656091427
0.0006724825362
0.0006794089568
0.0006863886374
0.0006934217527
0.0007005085936
0.0007076493348
0.0007148442673
0.0007220935659
0.0007293974631
0.0007367561921
0.0007441699854
0.000751639076
0.0007591636386
0.000766743964
0.0007743802853
0.0007820727187
0.0007898216136
0.0007976271445
0.0008054894861
0.0008134089294
0.000821385649
0.0008294198778
0.0008375118487
0.0008456617361
0.0008538698312
0.0008621363086
0.0008704613429
0.0008788452251
0.0008872881299
0.0008957902901
0.0009043519385
0.0009129731916
0.0009216543986
0.0009303956176
0.000939197198
0.0009480593144
0.0009569821414
0.0009659658535
0.000975010742
0.0009841170395
0.0009932847461
0.001002514386
0.001011805842
0.00102115958
0.0010305756
0.001040054136
0.001049595536
0.001059199916
0.00106886751
0.001078598318
0.001088392804
0.001098251087
0.001108173165
0.001118159504
0.00112821022
0.001138325431
0.001148505369
0.00115875015
0.001169060124
0.001179435407
0.001189876115
0.001200382598
0.001210954855
0.00122159312
0.001232297625
0.001243068604
0.001253906055
0.001264810329
0.001275781658
0.001286819926
0.001297925599
0.001309098792
0.001320339506
0.001331648207
0.001343024778
0.001354469568
0.001365982695
0.001377564273
0.001389214653
0.001400933717
0.001412721933
0.001424579299
0.001436505932
0.001448502182
0.001460567932
0.001472703647
0.001484909328
0.001497185091
0.001509531168
0.001521947677
0.00153443485
0.001546992688
0.001559621538
0.001572321402
0.001585092396
0.001597934868
0.001610848703
0.001623834367
0.001636891626
0.001650020946
0.001663222327
0.001676495885
0.001689841854
0.001703260234
0.001716751256
0.001730315154
0.001743951812
0.001757661579
0.001771444455
0.001785300672
0.001799230231
0.001813233364
0.001827310189
0.00184146082
0.001855685259
0.001869983855
0.001884356607
0.001898803515
0.00191332493
0.00192792085
0.001942591392
0.001957336674
0.00197215681
0.001987051917
0.002002021996
0.00201706728
0.002032188
0.002047383925
0.002062655287
0.002078002552
0.002093425253
0.002108923858
0.002124498365
0.002140148776
0.002155875321
0.002171678003
0.002187557053
0.002203512471
0.002219544258
0.002235652646
0.002251837635
0.002268099459
0.002284437884
0.002300853143
0.002317345468
0.002333914861
0.002350561554
0.00236728508
0.00238408614
0.002400964499
0.002417920157
0.002434953349
0.002452064073
0.002469252562
0.002486518584
0.002503862372
0.002521283925
0.002538783476
0.002556361025
0.00257401634
0.002591749886
0.002609561663
0.002627451438
0.002645419445
0.002663465682
0.002681590384
0.002699793316
0.002718074713
0.002736434573
0.00275487313
0.002773389919
0.002791985637
0.002810659818
0.002829412697
0.002848244272
0.002867154544
0.002886143513
0.002905211411
0.002924358239
0.002943583997
0.002962888451
0.002982271835
0.003001734382
0.003021275857
0.003040896263
0.003060595598
0.003080374096
0.003100231756
0.003120168345
0.003140184097
0.003160278779
0.003180452855
0.003200705862
0.003221038263
0.003241449594
0.003261940088
0.003282509977
0.003303158795
0.003323886776
0.003344694152
0.003365580458
0.003386546159
0.00340759079
0.003428714816
0.003449917771
0.003471200122
0.003492561402
0.003514001844
0.00353552145
0.003557120217
0.003578798147
0.003600555006
0.003622391028
0.00364430598
0.003666300094
0.003688373137
0.00371052511
0.003732756013
0.003755065845
0.003777454607
0.003799922299
0.00382246892
0.003845094237
0.003867798485
0.003890581196
0.00391344307
0.003936382942
0.003959401976
0.003982499707
0.00400567567
0.004028930329
0.004052263219
0.004075674806
0.004099164624
0.004122733139
0.004146379419
0.004170104396
0.004193907604
0.004217788577
0.004241747782
0.004265785217
0.004289900418
0.004314093851
0.004338364583
0.004362713546
0.004387140274
0.004411644768
0.004436226562
0.004460886121
0.00448562298
0.004510437604
0.004535329528
0.004560298286
0.00458534481
0.004610468168
0.004635668825
0.004660946317
0.004686300643
0.004711732268
0.004737240262
0.00476282509
0.004788486753
0.004814224318
0.004840039182
0.00486592995
0.004891897086
0.004917940125
0.004944059532
0.004970255308
0.004996526521
0.005022873636
0.005049296655
0.005075795576
0.005102369934
0.00512901973
0.005155744962
0.005182545166
0.005209420808
0.00523637142
0.00526339747
0.005290498026
0.005317673553
0.005344923586
0.005372248124
0.005399647634
0.005427121185
0.005454669241
0.005482291337
0.005509987473
0.005537757184
0.005565601401
0.005593518727
0.005621510092
0.005649575032
0.005677713081
0.005705924705
0.005734208971
0.005762566812
0.005790997297
0.00581950089
0.005848077126
0.00587672554
0.005905446596
0.005934240296
0.005963105708
0.005992043298
0.006021053065
0.006050134543
0.006079287734
0.006108512636
0.006137808785
0.006167176645
0.006196615286
0.006226125173
0.006255705841
0.006285357289
0.006315079518
0.006344872527
0.006374735385
0.006404669024
0.006434672512
0.006464745849
0.006494889501
0.006525102537
0.006555384956
0.006585737225
0.006616158411
0.006646648981
0.006677208934
0.006707837339
0.006738534663
0.006769300438
0.006800134666
0.006831036881
0.006862007547
0.006893046666
0.00692415284
0.006955327466
0.006986569148
0.00701787835
0.007049255073
0.007080698851
0.007112209219
0.007143787108
0.007175431121
0.007207141723
0.007238918915
0.007270762231
0.007302671205
0.007334646769
0.007366687525
0.00739879394
0.007430966012
0.007463203743
0.007495506201
0.007527873386
0.007560305763
0.007592802402
0.007625363767
0.00765798986
0.007690679748
0.007723433897
0.007756251376
0.007789133117
0.007822078653
0.007855086587
0.007888158783
0.007921293378
0.007954491302
0.007987751625
0.008021074347
0.008054459468
0.008087906986
0.008121416904
0.00815498922
0.008188622072
0.008222317323
0.008256074041
0.008289891295
0.008323770016
0.008357710205
0.00839171093
0.00842577219
0.008459893055
0.008494075388
0.008528317325
0.008562618867
0.008596980944
0.008631401695
0.008665882982
0.008700422943
0.008735021576
0.008769679815
0.008804396726
0.00883917138
0.008874005638
0.008908897638
0.008943847381
0.008978855796
0.009013921022
0.009049044922
0.009084225632
0.009119463153
0.009154758416
0.00919011049
0.009225519374
0.009260984138
0.009296505712
0.009332084097
0.009367718361
0.009403407574
0.009439153597
0.009474954568
0.009510810487
0.009546722285
0.009582689032
0.009618710726
0.009654786438
0.009690917097
0.009727102704
0.009763341397
0.009799635038
0.009835982695
0.009872383438
0.009908837266
0.009945345111
0.009981906042
0.01001851913
0.01005518623
0.01009190548
0.01012867689
0.01016550139
0.0102023771
0.01023930591
0.01027628593
0.01031331718
0.01035040058
0.01038753521
0.01042472012
0.01046195719
0.01049924456
0.01053658221
0.01057397109
0.01061140932
0.01064889878
0.0106864376
0.01072402578
0.01076166425
0.01079935208
0.01083708927
0.01087487489
0.0109127108
0.01095059421
0.01098852698
0.01102650817
0.0110645378
0.01110261492
0.01114074048
0.01117891446
0.011217135
0.01125540398
0.01129371952
0.01133208256
0.0113704931
0.0114089502
0.01144745387
0.01148600411
0.01152459998
0.01156324334
0.01160193142
0.01164066605
0.01167944726
0.01171827316
0.0117571447
0.01179606095
0.01183502283
0.01187402941
0.01191308163
0.01195217762
0.01199131832
0.01203050278
0.01206973195
0.01210900582
0.01214832254
0.01218768302
0.01222708728
0.01226653531
0.01230602618
0.01234556083
0.01238513738
0.0124247577
0.01246441994
0.01250412501
0.012543872
0.01258366182
0.01262349356
0.0126633672
0.01270328183
0.01274323929
0.01278323773
0.01282327715
0.01286335848
0.01290347986
0.01294364315
0.01298384648
0.01302409079
0.01306437608
0.01310470048
0.01314506587
0.0131854713
0.01322591677
0.01326640137
0.013306926
0.01334749069
0.01338809356
0.01342873648
0.01346941851
0.01351013873
0.01355089899
0.01359169744
0.01363253407
0.01367340889
0.01371432282
0.01375527494
0.01379626431
0.01383729186
0.0138783576
0.01391946059
0.01396060083
0.01400177926
0.01404299401
0.01408424694
0.0141255362
0.0141668627
0.01420822553
0.01424962562
0.01429106202
0.01433253475
0.01437404379
0.01441558823
0.01445716992
0.014498787
0.0145404404
0.01458212826
0.01462385245
0.01466561295
0.01470740791
0.01474923827
0.01479110308
0.01483300328
0.01487493888
0.01491690893
0.01495891437
0.01500095334
0.0150430277
0.01508513559
0.01512727793
0.01516945474
0.01521166507
0.01525390986
0.01529618818
0.01533850096
0.01538084634
0.01542322524
0.0154656386
0.01550808456
0.01555056404
0.01559307612
0.01563562267
0.01567820087
0.0157208126
0.015763456
0.01580613293
0.01584884152
0.01589158364
0.01593435928
0.01597716473
0.01602000371
0.01606287435
0.01610577852
0.01614871249
0.01619167998
0.01623467728
0.01627770811
0.01632077061
0.01636386476
0.01640698873
0.01645014435
0.0164933335
0.01653655246
0.01657980122
0.0166230835
0.01666639559
0.01670973748
0.0167531129
0.01679651625
0.01683995314
0.01688341796
0.01692691445
0.01697044261
0.01701400056
0.01705758832
0.01710120589
0.01714485511
0.01718853414
0.01723224297
0.01727598161
0.01731975004
0.01736354828
0.01740737818
0.01745123602
0.01749512553
0.01753904298
0.01758299023
0.01762696728
0.017670976
0.01771501079
0.01775907725
0.01780317351
0.01784729771
0.01789145172
0.01793563552
0.01797984727
0.01802408881
0.01806836016
0.01811265945
0.01815698855
0.01820134744
0.01824573427
0.01829014905
0.01833459362
0.018379068
0.01842357032
0.01846810244
0.0185126625
0.0185572505
0.0186018683
0.01864651404
0.01869118959
0.01873589307
0.01878062449
0.01882538572
0.01887017488
0.01891499199
0.0189598389
0.01900471374
0.01904961653
0.01909454912
0.01913950779
0.01918449625
0.01922951452
0.01927455887
0.01931963302
0.01936473511
0.01940986514
0.01945502311
0.01950021088
0.01954542659
0.01959067024
0.01963594183
0.01968124323
0.0197265707
0.01977192797
0.01981731318
0.01986272819
0.01990816928
0.01995364018
0.01999913901
0.02004466578
0.0200902205
0.02013580501
0.0201814156
0.020227056
0.02027272619
0.02031842247
0.02036414854
0.02040990256
0.02045568451
0.02050149441
0.0205473341
0.02059320174
0.02063909918
0.02068502456
0.02073097788
0.02077695914
0.0208229702
0.0208690092
0.020915078
0.02096117474
0.02100729942
0.02105345391
0.02109963633
0.02114584856
0.02119208872
0.02123835869
0.02128465846
0.02133098617
0.02137734182
0.02142372727
0.02147014253
0.02151658572
0.02156305872
0.02160956152
0.02165609412
0.02170265466
0.021749245
0.02179586515
0.0218425151
0.02188919485
0.02193590254
0.02198264189
0.02202940919
0.02207620814
0.02212303504
0.02216989361
0.02221678011
0.02226369828
0.02231064625
0.02235762402
0.02240463346
0.0224516727
0.02249874175
0.02254584059
0.0225929711
0.02264013141
0.02268732339
0.02273454703
0.02278179862
0.02282908373
0.02287639864
0.02292374521
0.02297112346
0.0230185315
0.02306597307
0.02311344445
0.02316094749
0.02320848405
0.02325605042
0.02330364846
0.02335128002
0.02339894325
0.02344663814
0.02349436469
0.02354212478
0.02358991653
0.0236377418
0.02368560061
0.02373348922
0.02378141321
0.02382936887
0.02387735993
0.02392538264
0.02397343889
0.02402152866
0.02406965196
0.02411780879
0.02416599914
0.02421422303
0.0242624823
0.02431077696
0.02435910329
0.02440746687
0.02445586398
0.02450429462
0.02455276065
0.02460126393
0.02464980073
0.02469837293
0.02474698052
0.0247956235
0.02484430186
0.02489301749
0.0249417685
0.02499055676
0.02503938042
0.02508824132
0.02513713762
0.02518607117
0.02523504198
0.02528405003
0.0253330972
0.02538217977
0.02543129958
0.02548045851
0.0255296547
0.02557889
0.02562816255
0.02567747422
0.025726825
0.0257762149
0.02582564391
0.02587511018
0.02592461742
0.02597416565
0.02602375112
0.02607337758
0.02612304501
0.02617275156
0.02622250095
0.02627228945
0.02632211894
0.0263719894
0.0264219027
0.02647185512
0.02652185224
0.02657189034
0.02662196942
0.02667209134
0.02672225796
0.02677246556
0.026822716
0.02687301114
0.02692334913
0.02697373182
0.02702415735
0.02707462758
0.02712514251
0.02717570215
0.0272263065
0.02727695554
0.02732765116
0.02737839147
0.02742917836
0.02748001181
0.02753088996
0.02758181654
0.02763278969
0.0276838094
0.02773487754
0.02778599225
0.02783715539
0.02788836695
0.02793962881
0.02799093723
0.02804229409
0.02809370123
0.02814515866
0.02819666639
0.02824822254
0.02829983085
0.02835148759
0.02840319835
0.02845495753
0.02850677073
0.02855863422
0.02861055173
0.02866251953
0.02871454135
0.02876661718
0.02881874517
0.02887092717
0.02892316319
0.02897545509
0.02902779914
0.02908020094
0.02913265675
0.02918516845
0.02923773602
0.02929035947
0.02934304066
0.02939577773
0.02944857441
0.02950142696
0.02955433726
0.02960730717
0.02966033667
0.02971342392
0.02976657078
0.02981977724
0.02987304516
0.02992637269
0.02997976169
0.03003321216
0.03008672409
0.03014029935
0.03019393608
0.03024763614
0.03030139953
0.03035522625
0.03040911816
0.0304630734
0.03051709384
0.03057117946
0.03062533215
0.03067955002
0.03073383309
0.03078818507
0.03084260412
0.03089709207
0.03095164709
0.03100627102
0.03106096387
0.0311157275
0.03117056005
0.03122546338
0.03128043935
0.03133548424
0.03139060363
0.03144579381
0.03150105476
0.03155639395
0.03161180392
0.03166728839
0.03172284737
0.03177848086
0.03183419257
0.0318899788
0.03194584325
0.03200178593
0.03205780312
0.03211390227
0.03217007965
0.03222633526
0.0322826691
0.03233908862
0.03239558265
0.03245216236
0.03250882402
0.03256556764
0.03262239695
0.03267930448
0.03273630142
0.03279338032
0.03285054862
0.03290779889
0.03296513855
0.0330225639
0.03308007866
0.0331376791
0.03319536895
0.03325315192
0.03331102431
0.0333689861
0.03342704102
0.03348518535
0.03354342654
0.03360175714
0.03366018459
0.0337187089
0.03377732635
0.03383604065
0.03389484808
0.03395375982
0.03401276469
0.03407187015
0.03413107619
0.03419037908
0.03424978629
0.03430929407
0.03436890617
0.03442861885
0.03448843956
0.03454836085
0.03460839018
0.03466852382
0.03472876549
0.03478911519
0.03484957665
0.03491014242
0.03497081995
0.03503160924
0.03509251028
0.03515352309
0.03521465138
0.03527589142
0.03533724695
0.03539871797
0.03546030819
0.0355220139
0.03558383882
0.03564578667
0.03570785001
0.03577003628
0.03583234549
0.03589477763
0.0359573327
0.03602001444
0.0360828191
0.03614575416
0.03620881215
0.03627200425
0.03633532301
0.03639877215
0.03646235541
0.03652606905
0.0365899168
0.03665390238
0.03671802208
0.03678227589
0.03684667125
0.03691120446
0.0369758755
0.0370406881
0.03710564598
0.03717074543
0.03723599017
0.03730138019
0.03736691549
0.03743259981
0.03749843314
0.03756441548
0.03763055056
0.03769683838
0.03776327893
0.03782987595
0.03789662942
0.03796353936
0.03803060949
0.03809783608
0.0381652303
0.03823278099
0.03830049932
0.03836838156
0.03843643144
0.03850464895
0.03857303783
0.03864159435
0.03871032223
0.03877922893
0.03884830698
0.03891756013
0.03898699582
0.03905660659
0.0391263999
0.03919637576
0.03926653787
0.03933688253
0.03940741718
0.03947813809
0.03954904899
0.03962015361
0.03969144821
0.03976294026
0.03983462974
0.03990651667
0.03997860476
0.04005089402
0.04012338817
0.04019608721
0.04026899114
0.04034210742
0.0404154323
0.04048896953
0.04056272283
0.0406366922
0.04071088135
0.04078528658
0.04085991904
0.0409347713
0.04100985453
0.04108516127
0.04116069898
0.04123647138
0.04131247476
0.04138871655
0.04146520048
0.04154191911
0.04161888361
0.04169609398
0.04177355021
0.04185125604
0.04192921519
0.04200742766
0.04208589718
0.04216462746
0.04224361852
0.04232287407
0.04240239412
0.04248218238
0.0425622426
0.04264257848
0.04272319004
0.04280408099
0.04288525507
0.04296671227
0.04304845631
0.04313049093
0.04321281984
0.04329544306
0.04337836802
0.04346159101
0.04354511946
0.0436289534
0.04371310025
0.04379756004
0.04388233647
0.04396743327
0.04405285418
0.04413859919
0.04422467574
0.04431108385
0.04439783096
0.04448491335
0.04457234219
0.04466011748
0.04474823922
0.04483671859
0.04492555559
0.04501475021
0.04510431364
0.04519424587
0.04528454691
0.04537522793
0.04546628892
0.04555773363
0.04564956576
0.04574179277
0.04583441466
0.04592743888
0.04602086917
0.04611470923
0.04620896652
0.04630363733
0.04639873654
0.04649426043
0.04659022018
0.04668661579
0.04678345472
0.04688074067
0.04697848111
0.04707667604
0.04717533663
0.04727446288
0.04737406597
0.04747414589
0.0475747101
0.04767576233
0.04777731374
0.04787936434
0.04798192158
0.04808499292
0.04818858579
0.0482927002
0.04839735106
0.04850253463
0.04860826582
0.04871454835
0.04882138595
0.04892878979
0.04903676733
0.04914531857
0.0492544584
0.04936419055
0.04947452247
0.04958546162
0.04969701543
0.04980919138
0.04992200062
0.05003544688
0.05014954135
0.05026429147
0.05037970468
0.05049578846
0.05061255395
0.05073000863
0.05084816366
0.0509670265
0.05108660832
0.05120691657
0.05132796243
0.05144975334
0.05157230049
0.05169561878
0.05181971192
0.05194459483
0.05207027495
0.05219676718
0.05232407898
0.05245222524
0.05258121714
0.05271106586
0.05284178257
0.05297338217
0.05310587585
0.0532392785
0.05337359756
0.0535088554
0.05364505574
0.05378222093
0.05392036214
0.05405949056
0.05419962853
0.05434078723
0.05448297784
0.0546262227
0.05477053672
0.05491593853
0.05506243557
0.05521005765
0.05535881221
0.05550872535
0.05565980822
0.05581208318
0.05596556887
0.05612028763
0.05627625808
0.05643349886
0.05659203231
0.05675187707
0.0569130592
0.0570756048
0.05723952502
0.05740485713
0.05757161602
0.05773982778
0.05790951848
0.05808071792
0.05825344846
0.05842773616
0.05860361457
0.05878110602
0.05896024406
0.05914105847
0.05932357907
0.05950783566
0.05969386175
0.05988169461
0.06007136032
0.06026290357
0.06045635045
0.06065174565
0.0608491227
0.06104852259
0.06124998629
0.06145355105
0.06165926531
0.06186716259
0.06207729876
0.06228971109
0.06250445545
0.06272156537
0.06294111162
0.06316312402
0.06338767707
0.06361480802
0.06384457648
0.06407704949
0.06431227922
0.06455032527
0.06479126215
0.065035142
0.06528203189
0.06553201377
0.0657851547
0.06604152173
0.06630119681
0.06656426191
0.06683079153
0.06710087508
0.06737460196
0.06765205413
0.0679333359
0.06821853667
0.06850776076
0.06880110502
0.06909868121
0.06940060854
0.06970698386
0.0700179413
0.07033360004
0.07065409422
0.07097954303
0.07131010294
0.07164590806
0.07198711485
0.07233386487
0.07268633693
0.07304469496
0.07340910286
0.07377976179
0.07415685058
0.07454057038
0.07493112236
0.0753287375
0.07573363185
0.07614603639
0.07656621188
0.0769944042
0.07743088156
0.07787593454
0.07832985371
0.07879294455
0.07926554233
0.07974798232
0.08024061471
0.08074382693
0.08125801384
0.08178358525
0.08232097328
0.08287064731
0.08343309164
0.08400882035
0.0845983699
0.08520231396
0.08582126349
0.08645584434
0.08710674942
0.08777468652
0.08846042305
0.08916477114
0.08988859504
0.09063280374
0.0913983807
0.092186369
0.09299788624
0.0938341096
0.09469632804
0.09558589756
0.09650429338
0.09745308012
0.09843396395
0.09944876283
0.1004994512
0.1015881673
0.1027172059
0.1038890705
0.1051064879
0.106372416
0.1076900735
0.1090629846
0.1104950085
0.1119903922
0.1135537699
0.1151902974
0.1169056296
0.1187060624
0.1205985695
0.1225909442
0.1246918887
0.1269111484
0.1292596906
0.131749928
0.1343958974
0.1372136027
0.1402212977
0.1434399933
0.1468938738
0.150611043
0.1546242386
0.1589718461
0.1636991799
0.1688600928
0.1745189726
0.1807534248
0.1876577437
0.1953473985
0.2039650232
0.2136884183
0.2247411162
0.2374065518
0.2520468235
0.2691267729
0.2892437279
0.3131593168
0.3418211341
0.3763387501
0.4178320467
0.4670287073
0.5236259103
0.5858736634
0.6508196592
0.7148521543
0.7742907405
0.8261991143
0.8690707088
0.9028996229
0.9287099242
0.9479596615
0.9621130824
0.9724328518
0.9799240232
0.9853512645
0.9892820716
