1737
0
1
0.3686732054
0.3878875077
0.4064260423
0.4242590368
0.44137308
0.4577644169
0.4734350741
0.4883909523
0.502640605
0.5161947012
0.529065609
0.5412671566
0.5528144836
0.5637239218
0.5740126371
0.5836985111
0.5928001404
0.6013364196
0.6093264222
0.6167892814
0.6237440109
0.6302093863
0.6362038255
0.6417450905
0.6468504071
0.6515364647
0.6558189392
0.6597127318
0.6632317901
0.6663891077
0.6691967249
0.6716655493
0.6738057733
0.6756268144
0.6771374345
0.6783456206
0.6792586446
0.6798824072
0.680220902
0.6802754998
0.6800445318
0.6795231104
0.6787030101
0.6775736213
0.6761224866
0.6743371487
0.6722067595
0.6697235703
0.6668837667
0.6636875272
0.6601375341
0.6562383175
0.6519955993
0.6474176645
0.6425165534
0.6373089552
0.6318165064
0.6260647774
0.6200821996
0.6138986945
0.6075441837
0.6010475755
0.5944361091
0.5877347589
0.580966115
0.5741502643
0.5673050284
0.5604459047
0.553586483
0.5467383265
0.5399115682
0.5331148505
0.5263556242
0.5196402669
0.5129740834
0.5063617229
0.4998070598
0.4933133721
0.4868833721
0.4805193841
0.4742232859
0.4679965675
0.4618405104
0.4557560682
0.4497439563
0.4438047707
0.4379388392
0.4321463406
0.426427424
0.4207819998
0.415209949
0.4097110033
0.4042848945
0.3989312053
0.3936495185
0.3884393275
0.383300066
0.3782311976
0.3732320666
0.3683020473
0.363440454
0.3586466014
0.3539197743
0.3492592275
0.344664216
0.3401339948
0.335667789
0.3312648237
0.326924324
0.3226454854
0.3184275627
0.3142697513
0.3101712465
0.3061313033
0.3021490872
0.2982238233
0.2943547666
0.2905411124
0.2867820859
0.283076942
0.2794249058
0.2758252323
0.2722771466
0.2687799335
0.265332818
0.2619351149
0.2585861087
0.2552850246
0.2520312369
0.2488239706
0.24566257
0.2425463647
0.2394746542
0.2364467829
0.2334621102
0.2305199504
0.2276197076
0.2247607112
0.2219423503
0.219163999
0.2164250761
0.2137249708
0.211063087
0.2084388435
0.2058516592
0.2033009827
0.2007862628
0.198306933
0.1958624572
0.1934523135
0.1910759658
0.1887329072
0.1864226162
0.1841446012
0.1818983555
0.1796834171
0.1774992794
0.1753454953
0.1732215881
0.1711271107
0.1690616012
0.1670246273
0.1650157422
0.1630345434
0.1610805839
0.1591534466
0.1572527438
0.1553780735
0.1535290182
0.1517052054
0.1499062628
0.1481317878
0.1463814229
0.1446548104
0.1429515779
0.1412713826
0.1396138817
0.1379787177
0.1363655627
0.1347741038
0.1332039833
0.1316549033
0.1301265508
0.1286186129
0.1271307766
0.125662744
0.1242142245
0.1227849275
0.1213745773
0.1199828833
0.1186095625
0.1172543615
0.1159169972
0.1145972162
0.1132947579
0.1120093688
0.1107407957
0.1094888002
0.1082531288
0.1070335433
0.10582982
0.1046417281
0.1034690291
0.1023115069
0.101168938
0.1000411138
0.09892781824
0.0978288427
0.09674397111
0.0956730172
0.09461577237
0.09357204288
0.09254163504
0.09152435511
0.0905200243
0.08952844888
0.08854945749
0.08758286387
0.08662849665
0.08568618447
0.08475576341
0.08383704722
0.08292989433
0.08203411847
0.08114958555
0.08027612418
0.07941357791
0.07856179774
0.07772064209
0.07688995451
0.07606959343
0.0752594173
0.07445927709
0.07366904616
0.07288858294
0.07211775333
0.0713564232
0.07060447335
0.06986176223
0.06912816316
0.06840356439
0.06768783927
0.06698086858
0.06628252566
0.0655927062
0.06491128355
0.0642381534
0.06357319653
0.06291630864
0.0622673817
0.06162631139
0.06099298969
0.06036731228
0.05974917859
0.05913849175
0.05853514746
0.05793905631
0.05735011399
0.05676823109
0.05619331822
0.0556252785
0.05506402254
0.05450946465
0.0539615117
0.05342008546
0.05288509652
0.0523564592
0.05183409899
0.0513179265
0.0508078672
0.05030383915
0.04980576411
0.0493135713
0.04882717878
0.04834651947
0.04787151143
0.04740209132
0.04693818092
0.0464797169
0.04602662474
0.04557884112
0.04513629526
0.0446989201
0.04426665604
0.04383943602
0.04341719672
0.0429998748
0.04258741438
0.04217974469
0.04177681729
0.04137856513
0.04098493606
0.04059586674
0.04021130875
0.03983119875
0.03945548832
0.03908412158
0.03871704265
0.03835419938
0.03799554706
0.03764102608
0.03729058802
0.03694418818
0.03660177067
0.03626329452
0.03592870757
0.03559796512
0.03527102247
0.03494782746
0.03462834284
0.03431252018
0.03400031477
0.03369168565
0.03338659182
0.03308499232
0.03278683871
0.03249209747
0.03220072761
0.03191268444
0.03162793443
0.03134643659
0.03106815182
0.03079304472
0.03052107804
0.03025221452
0.02998641878
0.02972365543
0.02946388908
0.02920708619
0.02895321138
0.02870223112
0.02845411189
0.02820882201
0.02796632983
0.02772660181
0.02748960815
0.02725531533
0.02702369541
0.02679471858
0.02656835131
0.02634456754
0.02612333931
0.02590463497
0.02568842657
0.02547468804
0.02526339144
0.02505450882
0.02484801412
0.02464388125
0.02444208227
0.02424259484
0.02404538915
0.0238504447
0.02365773357
0.0234672334
0.02327891812
0.02309276536
0.02290875278
0.02272685431
0.02254704945
0.02236931399
0.02219362743
0.02201996557
0.02184830979
0.02167863585
0.02151092514
0.02134515345
0.02118130401
0.0210193526
0.02085928246
0.02070107125
0.02054470219
0.02039015479
0.02023740858
0.02008644491
0.01993724704
0.01978979632
0.01964407414
0.01950006187
0.01935774088
0.01921709813
0.01907811128
0.01894076727
0.0188050475
0.01867093518
0.01853841357
0.01840746775
0.01827808283
0.01815024018
0.0180239249
0.01789912395
0.01777581871
0.01765399799
0.01753364317
0.01741474308
0.01729728095
0.01718124375
0.01706661656
0.0169533845
0.01684153639
0.01673105732
0.01662193425
0.01651415415
0.01640770212
0.01630256698
0.01619873568
0.01609619521
0.01599493437
0.01589493826
0.01579619758
0.01569869928
0.01560243126
0.01550738141
0.01541353855
0.01532089245
0.01522942912
0.01513914019
0.01505001262
0.01496203709
0.01487520151
0.01478949655
0.01470491011
0.01462143287
0.01453905459
0.01445776504
0.01437755395
0.01429841202
0.014220329
0.01414329465
0.01406729966
0.01399233565
0.01391839329
0.01384546142
0.01377353258
0.01370259747
0.01363264769
0.01356367301
0.01349566597
0.0134286182
0.01336251944
0.01329736318
0.01323314104
0.0131698437
0.01310746279
0.0130459927
0.01298542321
0.01292574685
0.01286695711
0.01280904468
0.01275200304
0.01269582473
0.0126405023
0.01258602832
0.01253239531
0.01247959677
0.01242762525
0.01237647422
0.0123261353
0.01227660384
0.01222787146
0.01217993256
0.0121327797
0.01208640635
0.01204080787
0.01199597493
0.01195190381
0.01190858707
0.01186601911
0.01182419341
0.01178310346
0.01174274459
0.0117031103
0.01166419405
0.0116259912
0.01158849522
0.01155170146
0.01151560433
0.01148019638
0.01144547481
0.01141143218
0.01137806475
0.01134536602
0.01131333131
0.01128195506
0.01125123352
0.01122115925
0.01119173039
0.01116293855
0.01113478187
0.01110725384
0.01108035073
0.01105406601
0.0110283969
0.0110033378
0.01097888499
0.01095503289
0.01093177777
0.01090911496
0.01088703983
0.01086554863
0.01084463671
0.01082429942
0.01080453303
0.01078533381
0.01076669712
0.01074861828
0.01073109452
0.01071412116
0.0106976945
0.01068181079
0.01066646539
0.0106516555
0.01063737646
0.01062362548
0.01061039697
0.01059769001
0.010585499
0.01057382114
0.01056265179
0.01055198908
0.01054182835
0.01053216681
0.01052300073
0.01051432639
0.01050614193
0.01049844176
0.01049122401
0.01048448589
0.01047822274
0.01047243271
0.01046711206
0.01046225801
0.01045786683
0.01045393571
0.01045046188
0.0104474416
0.01044487301
0.01044275332
0.01044107787
0.01043984573
0.01043905318
0.01043869741
0.01043877471
0.01043928415
0.01044022199
0.01044158544
0.01044337265
0.01044557989
0.01044820435
0.01045124419
0.0104546966
0.01045855973
0.01046282984
0.01046750508
0.01047258265
0.01047806069
0.01048393548
0.01049020607
0.01049686875
0.01050392259
0.01051136386
0.01051919069
0.01052740123
0.01053599268
0.01054496318
0.01055430993
0.01056403108
0.01057412475
0.01058458816
0.01059541851
0.0106066158
0.01061817538
0.01063009724
0.01064237766
0.01065501571
0.01066800859
0.01068135444
0.0106950514
0.01070909761
0.0107234912
0.01073822938
0.01075331029
0.01076873299
0.01078449562
0.01080059446
0.01081702951
0.01083379798
0.01085089892
0.01086832862
0.01088608801
0.01090417244
0.01092258189
0.01094131358
0.01096036658
0.01097973902
0.01099942904
0.01101943478
0.01103975438
0.0110603869
0.01108132955
0.01110258233
0.01112414151
0.01114600711
0.01116817631
0.01119064819
0.01121342089
0.01123649348
0.01125986315
0.01128352992
0.01130749099
0.01133174542
0.01135629136
0.01138112694
0.01140625123
0.0114316633
0.01145736035
0.01148334239
0.01150960661
0.0115361521
0.01156297792
0.0115900822
0.01161746308
0.01164511964
0.01167305093
0.01170125511
0.01172973029
0.01175847556
0.01178748999
0.0118167717
0.01184631977
0.01187613234
0.01190620847
0.01193654723
0.01196714677
0.01199800521
0.01202912256
0.01206049696
0.01209212746
0.01212401222
0.01215615124
0.0121885417
0.0122211827
0.01225407328
0.01228721347
0.01232059952
0.01235423237
0.01238811109
0.01242223196
0.01245659683
0.01249120198
0.01252604835
0.01256113313
0.01259645633
0.01263201609
0.01266781241
0.01270384248
0.01274010632
0.01277660299
0.01281333063
0.01285028923
0.01288747601
0.0129248919
0.01296253409
0.01300040353
0.01303849649
0.01307681389
0.01311535481
0.01315411739
0.01319310069
0.01323230285
0.01327172481
0.01331136469
0.01335122157
0.01339129359
0.01343158074
0.01347208116
0.01351279579
0.0135537209
0.01359485835
0.01363620441
0.01367776003
0.01371952426
0.01376149524
0.01380367205
0.01384605467
0.01388864126
0.01393143181
0.01397442445
0.01401761919
0.01406101417
0.01410460845
0.01414840296
0.01419239398
0.01423658337
0.01428096835
0.01432554889
0.01437032409
0.01441529207
0.01446045376
0.01450580638
0.01455135085
0.0145970853
0.01464300975
0.0146891214
0.0147354221
0.01478190906
0.01482858136
0.01487543993
0.01492248196
0.0149697084
0.01501711737
0.01506470796
0.01511247922
0.01516043209
0.01520856377
0.01525687426
0.01530536264
0.01535402797
0.01540287025
0.01545188762
0.01550108008
0.0155504467
0.01559998654
0.01564969867
0.01569958404
0.0157496389
0.01579986513
0.01585025899
0.01590082236
0.01595155522
0.01600245386
0.01605352014
0.0161047522
0.01615614817
0.01620770991
0.01625943556
0.01631132327
0.01636337303
0.01641558483
0.01646795683
0.01652049087
0.01657318324
0.01662603393
0.01667904109
0.01673220843
0.01678553037
0.01683900878
0.01689264365
0.01694643311
0.01700037532
0.01705447026
0.0171087198
0.01716311835
0.01721766964
0.0172723718
0.01732722484
0.01738222502
0.01743737608
0.01749267243
0.01754811779
0.01760370843
0.01765944622
0.0177153293
0.01777135767
0.01782752946
0.01788384467
0.01794030145
0.01799690165
0.01805364341
0.01811052486
0.01816754788
0.0182247106
0.01828201115
0.0183394514
0.01839702949
0.01845474355
0.01851259544
0.01857058331
0.01862870529
0.01868696325
0.01874535531
0.01880387962
0.01886253804
0.01892132871
0.01898025163
0.01903930493
0.01909849048
0.01915780455
0.01921724714
0.01927682012
0.01933652163
0.01939634979
0.01945630647
0.01951638795
0.01957659796
0.0196369309
0.0196973905
0.01975797303
0.01981868036
0.01987950876
0.01994046196
0.02000153624
0.02006273344
0.02012404986
0.02018548921
0.0202470459
0.02030872367
0.02037051879
0.02043243311
0.02049446478
0.0205566138
0.0206188783
0.02068126015
0.02074375749
0.02080636844
0.02086909674
0.0209319368
0.02099489048
0.02105795778
0.02112113684
0.02118442953
0.0212478321
0.02131134644
0.02137497067
0.02143870294
0.02150254697
0.02156649902
0.02163055912
0.02169472724
0.0217590034
0.02182338573
0.02188787423
0.0219524689
0.02201716974
0.02208197303
0.02214688249
0.02221189626
0.02227701247
0.02234223112
0.02240755223
0.02247297578
0.02253850177
0.02260412835
0.02266985364
0.02273567952
0.02280160598
0.02286763117
0.02293375507
0.02299997583
0.02306629531
0.02313271165
0.02319922484
0.0232658349
0.02333253995
0.02339933999
0.02346623689
0.02353322692
0.02360031009
0.02366748638
0.02373475768
0.02380212024
0.02386957593
0.0239371229
0.02400476113
0.02407249063
0.02414030954
0.02420821786
0.02427621745
0.02434430644
0.02441248298
0.02448074706
0.02454909869
0.02461753972
0.02468606643
0.02475467883
0.02482337877
0.02489216439
0.02496103384
0.02502998896
0.0250990279
0.02516815253
0.02523735911
0.02530664951
0.02537602186
0.02544547617
0.02551501244
0.02558463253
0.02565433085
0.02572411112
0.02579397149
0.02586391196
0.02593393251
0.0260040313
0.02607420832
0.02614446357
0.02621479705
0.02628520876
0.02635569684
0.02642626315
0.02649690397
0.02656762116
0.02663841471
0.02670928277
0.02678022534
0.02685124241
0.02692233399
0.02699349821
0.02706473693
0.02713604644
0.02720743045
0.02727888711
0.02735041454
0.02742201276
0.02749368362
0.0275654234
0.02763723582
0.0277091153
0.02778106742
0.02785308659
0.02792517468
0.02799733356
0.02806955762
0.02814185247
0.02821421251
0.0282866396
0.02835913561
0.02843169682
0.02850432321
0.02857701667
0.02864977531
0.02872259915
0.02879548632
0.02886843868
0.02894145623
0.02901453525
0.02908767946
0.029160887
0.02923415601
0.02930748835
0.02938088216
0.02945433743
0.02952785604
0.02960143425
0.02967507206
0.02974877134
0.02982253209
0.02989635058
0.02997023053
0.03004416823
0.03011816554
0.03019222058
0.03026633523
0.03034050763
0.03041473776
0.03048902377
0.03056336753
0.03063776903
0.03071222641
0.03078673966
0.0308613088
0.03093593381
0.03101061285
0.03108534776
0.03116013855
0.03123498335
0.03130988032
0.03138483316
0.03145983815
0.03153489903
0.03161000833
0.03168517351
0.03176039085
0.03183566034
0.03191098198
0.03198635578
0.03206177801
0.03213725239
0.03221277893
0.03228835762
0.03236398473
0.03243966028
0.03251538798
0.03259116411
0.03266698867
0.03274286166
0.0328187868
0.03289475664
0.03297077492
0.03304684162
0.03312296048
0.03319912031
0.0332753323
0.03335158899
0.03342789039
0.03350424021
0.03358063847
0.03365708143
0.03373356909
0.03381010145
0.03388668224
0.03396330401
0.03403997421
0.03411668539
0.034193445
0.03427024558
0.03434709087
0.03442398086
0.03450091556
0.03457789123
0.03465491161
0.03473197296
0.0348090753
0.03488622233
0.03496341407
0.03504064307
0.03511791676
0.03519523144
0.03527258709
0.03534998372
0.03542742133
0.03550489992
0.03558241948
0.03565998003
0.03573758155
0.03581522033
0.03589290008
0.03597061709
0.03604837507
0.03612617403
0.03620401025
0.03628188744
0.03635979816
0.03643775359
0.03651574254
0.03659377247
0.03667183965
0.03674994409
0.03682808578
0.03690626472
0.03698448092
0.03706273437
0.03714102507
0.03721935302
0.0372977145
0.03737611696
0.03745455295
0.03753302619
0.03761153296
0.03769007698
0.03776865825
0.03784727305
0.03792592138
0.03800460696
0.0380833298
0.03816208243
0.03824087232
0.03831969947
0.03839855641
0.03847745061
0.03855637833
0.03863533959
0.03871433437
0.03879336268
0.03887242824
0.0389515236
0.03903065249
0.03910981491
0.03918901086
0.03926824033
0.03934749961
0.03942679614
0.03950612247
0.03958548233
0.03966487199
0.03974429891
0.0398237519
0.03990324214
0.03998276219
0.04006231204
0.04014189541
0.04022151232
0.04030115902
0.04038083553
0.04046054557
0.04054028541
0.04062005877
0.04069986194
0.04077969491
0.04085955769
0.04093945399
0.04101938009
0.041099336
0.04117932171
0.04125934094
0.04133938998
0.04141946509
0.04149957374
0.04157971218
0.04165988043
0.04174007848
0.04182030633
0.04190056399
0.04198085144
0.0420611687
0.04214151576
0.04222189263
0.04230229557
0.04238273203
0.0424631983
0.04254369065
0.0426242128
0.04270476475
0.04278534651
0.04286595806
0.04294659942
0.04302726686
0.0431079641
0.04318869114
0.04326944798
0.0433502309
0.04343104362
0.04351188615
0.04359275475
0.04367365688
0.04375458509
0.04383553937
0.04391652718
0.04399754107
0.04407858476
0.04415965453
0.0442407541
0.04432188347
0.04440303892
0.04448422417
0.04456543922
0.04464668036
0.04472795129
0.04480925202
0.04489057884
0.04497193545
0.04505332187
0.04513473436
0.04521617666
0.04529764503
0.04537914321
0.04546067119
0.04554222524
0.04562381282
0.04570542276
0.04578706622
0.04586873576
0.0459504351
0.04603216052
0.04611391574
0.04619570076
0.04627751559
0.04635935649
0.0464412272
0.0465231277
0.04660505429
0.04668701068
0.04676899686
0.04685101286
0.04693305865
0.04701513052
0.04709723219
0.04717936367
0.04726152495
0.0473437123
0.04742593318
0.04750818014
0.0475904569
0.04767276347
0.04775509983
0.047837466
0.04791986197
0.04800228775
0.04808474332
0.0481672287
0.04824974388
0.04833228886
0.04841486365
0.04849747196
0.04858010635
0.04866277054
0.04874546826
0.04882819578
0.0489109531
0.04899374023
0.04907656088
0.04915941134
0.0492422916
0.04932520166
0.04940814525
0.04949111864
0.04957412556
0.04965716228
0.04974023253
0.04982333258
0.04990646616
0.04998962954
0.05007282645
0.05015605316
0.05023931712
0.05032261088
0.05040593445
0.05048929527
0.0505726859
0.05065611005
0.05073956773
0.05082305893
0.05090658367
0.05099014193
0.05107373372
0.05115735903
0.05124101788
0.05132471398
0.05140843987
0.05149220303
0.05157599971
0.05165982991
0.05174369738
0.05182759836
0.0519115366
0.05199550837
0.05207951739
0.05216356367
0.05224764347
0.0523317568
0.05241591111
0.05250009894
0.05258432403
0.05266858637
0.05275288969
0.05283722654
0.05292160064
0.05300601199
0.0530904606
0.05317495018
0.05325947702
0.05334404111
0.05342864618
0.0535132885
0.0535979718
0.05368269235
0.05376745388
0.05385225266
0.05393709615
0.05402197689
0.05410689861
0.0541918613
0.05427686498
0.05436190963
0.05444699526
0.05453212187
0.05461729318
0.05470250547
0.05478776246
0.05487305671
0.05495839939
0.05504378304
0.0551292114
0.05521468073
0.0553001985
0.05538575724
0.05547136068
0.05555701256
0.05564270541
0.05572844669
0.05581423268
0.05590006337
0.05598594248
0.0560718663
0.05615783855
0.05624385923
0.05632992834
0.05641604215
0.05650220439
0.05658841878
0.05667467788
0.05676098913
0.05684734881
0.05693375692
0.05702021718
0.05710672587
0.05719328672
0.05727989972
0.05736656487
0.05745327845
0.05754004791
0.0576268658
0.05771373957
0.05780066922
0.0578876473
0.05797468498
0.05806177109
0.05814891681
0.05823611468
0.05832337216
0.05841068178
0.05849805102
0.0585854724
0.0586729534
0.05876049399
0.05884809047
0.05893574655
0.05902345851
0.0591112338
0.0591990687
0.05928695947
0.05937491357
0.05946292728
0.05955100432
0.05963914469
0.05972734466
0.05981560796
0.0599039346
0.05999232456
0.06008077785
0.06016929448
0.06025787815
0.06034652889
0.06043524295
0.06052402779
0.06061287597
0.0607017912
0.06079077721
0.06087983027
0.06096895039
0.06105814129
0.06114740297
0.06123673543
0.06132613868
0.0614156127
0.06150516123
0.06159478053
0.06168447435
0.06177423894
0.06186408177
0.0619539991
0.06204399094
0.06213405728
0.06222420186
0.06231442094
0.06240472198
0.06249509752
0.06258555502
0.06267609447
0.06276670843
0.06285740435
0.06294818223
0.06303904206
0.06312998384
0.06322101504
0.06331212819
0.06340332329
0.06349460036
0.06358596683
0.0636774227
0.06376896054
0.06386058778
0.06395230442
0.06404411048
0.06413600594
0.06422799081
0.06432007253
0.06441224366
0.0645045042
0.0645968616
0.06468931586
0.06478185952
0.06487450004
0.06496723741
0.06506007165
0.06515301019
0.06524603814
0.0653391704
0.06543240696
0.06552574039
0.06561917812
0.06571271271
0.06580635905
0.06590010226
0.06599395722
0.06608791649
0.06618198007
0.06627615541
0.06637043506
0.06646482646
0.06655932963
0.06665394455
0.06674867123
0.06684350967
0.06693846732
0.06703353673
0.0671287179
0.06722402573
0.06731944531
0.06741498411
0.06751064211
0.06760641932
0.0677023232
0.06779834628
0.06789448857
0.06799076498
0.06808716059
0.06818369031
0.06828033924
0.06837712228
0.06847403944
0.06857108325
0.06866825372
0.06876556575
0.0688630119
0.06896059215
0.06905830652
0.06915616244
0.06925415248
0.06935228407
0.06945056468
0.0695489794
0.06964754313
0.06974624842
0.06984510273
0.06994409859
0.07004325092
0.07014255226
0.07024200261
0.07034160197
0.07044135779
0.07054127008
0.07064133883
0.07074157149
0.07084195316
0.07094249874
0.07104320824
0.07114408165
0.07124511898
0.07134632021
0.07144769281
0.07154923677
0.07165094465
0.07175283134
0.07185488939
0.07195711881
0.07205952704
0.07216211408
0.07226487994
0.07236783206
0.072470963
0.0725742802
0.07267778367
0.07278148085
0.07288535684
0.072989434
0.07309369743
0.07319816202
0.07330282032
0.0734076798
0.07351273298
0.07361799479
0.07372345775
0.07382912189
0.07393500209
0.07404109091
0.07414738834
0.07425390184
0.07436062396
0.07446756959
0.07457473874
0.07468212396
0.07478973269
0.0748975724
0.07500563562
0.07511392981
0.07522245497
0.07533121854
0.07544021308
0.07554944605
0.07565892488
0.07576864958
0.0758786127
0.07598882914
0.07609929144
0.07621001452
0.07632099092
0.07643222064
0.07654371113
0.07665546983
0.07676748931
0.07687977701
0.07699234039
0.07710517198
0.07721828669
0.07733166963
0.07744534314
0.07755929977
0.07767353952
0.07778807729
0.07790290564
0.07801802456
0.07813344896
0.07824917138
0.07836519927
0.07848154008
0.07859819382
0.07871516049
0.07883244008
0.07895004749
0.07906797528
0.0791862309
0.07930482179
0.07942374796
0.0795430094
0.07966262102
0.07978256792
0.07990287244
0.08002352715
0.08014453948
0.08026591688
0.08038765192
0.08050975949
0.08063223958
0.08075509965
0.08087833971
0.08100195974
0.08112597466
0.08125038445
0.08137518913
0.08150040358
0.08162602037
0.08175204694
0.08187849075
0.08200535923
0.0821326524
0.08226037771
0.08238854259
0.08251714706
0.08264619112
0.08277569711
0.08290565014
0.08303607255
0.08316696435
0.08329832554
0.08343016356
0.08356248587
0.08369530737
0.08382861316
0.08396243304
0.08409675211
0.08423159271
0.08436695486
0.08450283855
0.08463926613
0.08477623016
0.08491373807
0.08505180478
0.08519043028
0.08532962948
0.08546940237
0.08560976386
0.08575070649
0.08589226007
0.0860344097
0.08617717773
0.0863205716
0.08646459877
0.08660925925
0.08675457537
0.0869005397
0.08704717457
0.08719448745
0.08734247833
0.08749116957
0.08764056116
0.08779066801
0.08794149756
0.08809306473
0.08824536949
0.08839843422
0.08855225891
0.08870686591
0.08886226267
0.08901844919
0.08917545527
0.08933328837
0.08949194849
0.08965146542
0.08981183916
0.08997308463
0.09013522416
0.09029826522
0.0904622227
0.09062710404
0.09079293907
0.09095972776
0.09112749249
0.09129624814
0.09146601707
0.09163679928
0.09180863202
0.09198151529
0.09215547889
0.09233053029
0.09250669926
0.09268400073
0.09286244959
0.09304206818
0.09322287887
0.09340490401
0.09358815849
0.09377267212
0.09395846725
0.09414555877
0.09433397651
0.09452375025
0.09471489489
0.0949074477
0.09510142356
0.09529685229
0.09549377114
0.09569220245
0.09589216858
0.09609372169
0.09629686922
0.09650165588
0.09670811892
0.09691628814
0.09712619334
0.09733788669
0.09755139053
0.09776674956
0.09798400104
0.09820319712
0.09842436761
0.09864756465
0.0988728404
0.09910022467
0.09932977706
0.09956155717
0.09979560226
0.1000319719
0.1002707258
0.100511916
0.1007556096
0.1010018736
0.1012507603
0.101502344
0.1017566994
0.1020138934
0.1022740081
0.1025371104
0.1028032973
0.1030726507
0.10334526
0.1036212146
0.1039006114
0.1041835546
0.1044701487
0.1047605127
0.105054751
0.1053529903
0.1056553647
0.1059619933
0.1062730327
0.106588617
0.1069089025
0.1072340533
0.1075642407
0.1078996509
0.1082404628
0.108586885
0.1089391261
0.1092974097
0.109661974
0.1100330725
0.110410966
0.1107959449
0.1111883074
0.1115883738
0.1119964868
0.1124130189
0.1128383577
0.1132729203
0.1137171537
0.1141715497
0.1146366298
0.1151129454
0.1156011149
0.1161018014
0.1166157052
0.1171436086
0.1176863685
0.1182449013
0.1188202277
0.1194134727
0.1200258508
0.1206587404
0.1213136464
0.1219922602
0.1226964593
0.1234283596
0.1241903454
0.1249851212
0.1258157641
0.1266857982
0.1275992692
0.1285608709
0.1295761019
0.1306513846
0.1317943633
0.1330141276
0.1343216896
0.1357304007
0.1372567713
0.1389213204
0.1407499611
0.1427758336
0.1450418681
0.1476044506
0.1505386084
0.1539450735
0.1579596549
0.1627642959
0.1685968637
0.1757521033
0.1845631003
0.1953548938
0.2083672881
0.2236583829
0.2410353571
0.260068208
0.2801941335
0.3008538783
0.3215885758
0.3420708477
0.3620898724
