307
0
306
0.3625131547
0.436396718
0.4985682964
0.5495547056
0.5902451873
0.6217804551
0.6453740597
0.6621550918
0.6730614305
0.6787979603
0.6798379421
0.6762020588
0.6673054695
0.6527783275
0.6329451203
0.6089350581
0.5825175047
0.5552196503
0.5280190706
0.5014688969
0.47586447
0.4513533413
0.4279987812
0.4058151841
0.3847883046
0.3648870289
0.3460704386
0.3282920718
0.3115027845
0.2956525683
0.2806915939
0.2665709853
0.2532434762
0.2406634837
0.2287875414
0.217574209
0.2069842219
0.1969804764
0.1875279248
0.178593576
0.1701464355
0.1621573567
0.1545990109
0.1474457532
0.1406735629
0.1342599094
0.1281837225
0.1224252358
0.1169659644
0.1117885709
0.1068768352
0.1022155657
0.09779051691
0.09358834475
0.08959654719
0.085803397
0.08219790459
0.07876975089
0.07550926507
0.07240734994
0.06945548207
0.06664564461
0.06397031993
0.06142242253
0.05899530277
0.05668270215
0.05447873101
0.05237784982
0.05037483573
0.04846477881
0.0466430448
0.04490527511
0.04324734956
0.04166538641
0.04015573114
0.03871492296
0.03733970225
0.0360269919
0.03477388248
0.03357762098
0.03243561089
0.03134540096
0.03030466288
0.02931120433
0.02836294286
0.02745791525
0.02659425512
0.02577020228
0.02498408221
0.02423431724
0.02351940237
0.02283792198
0.02218852378
0.02156993188
0.02098093182
0.02042037621
0.01988717355
0.01938028634
0.0188987311
0.01844157465
0.01800793037
0.01759695448
0.01720784791
0.01683984883
0.01649223268
0.016164314
0.01585543714
0.01556497999
0.01529235207
0.01503698807
0.01479835436
0.01457593869
0.01436925493
0.01417784207
0.01400125679
0.01383908
0.01369091123
0.01355636772
0.01343508624
0.01332671847
0.01323093381
0.01314741559
0.01307586115
0.01301598176
0.0129675027
0.01293016039
0.01290370245
0.01288788766
0.01288248692
0.01288727857
0.01290205214
0.01292660367
0.0129607413
0.01300427783
0.01305703539
0.01311884262
0.01318953559
0.01326895505
0.01335695107
0.01345337555
0.0135580888
0.01367095578
0.01379184611
0.01392063219
0.01405719481
0.0142014157
0.01435318124
0.01451238245
0.01467891224
0.01485266909
0.01503355242
0.01522146631
0.01541631762
0.01561801322
0.01582646556
0.0160415899
0.01626330055
0.01649151556
0.0167261567
0.01696714573
0.01721440628
0.01746786386
0.01772744581
0.01799308322
0.01826470345
0.01854224131
0.01882562786
0.01911479793
0.01940968819
0.01971023344
0.02001637407
0.02032804862
0.02064519748
0.02096775919
0.02129567973
0.0216288995
0.02196736261
0.02231101505
0.02265980281
0.02301367186
0.02337257005
0.02373644523
0.02410524525
0.02447892353
0.02485742979
0.02524071373
0.02562872879
0.02602143027
0.02641877159
0.02682070807
0.02722719498
0.02763818949
0.02805365063
0.02847353742
0.02889780886
0.02932642587
0.02975935116
0.03019654937
0.03063798137
0.03108361736
0.03153342009
0.03198735788
0.03244540095
0.03290751949
0.03337368742
0.03384387493
0.03431805596
0.03479621187
0.03527831659
0.03576435521
0.03625430167
0.03674814478
0.03724586591
0.03774745762
0.03825290129
0.03876219317
0.03927532583
0.03979229555
0.0403131023
0.04083773866
0.0413662158
0.04189853743
0.04243471473
0.04297475144
0.0435186699
0.04406648129
0.04461821169
0.04517388716
0.04573353007
0.04629717767
0.04686485976
0.04743662477
0.04801250994
0.04859257117
0.04917685315
0.04976542294
0.05035834387
0.05095568299
0.05155751482
0.05216392502
0.05277499929
0.05339083448
0.0540115349
0.05463720858
0.05526797473
0.05590396002
0.05654530227
0.0571921505
0.05784465373
0.05850299075
0.05916733667
0.05983788148
0.0605148375
0.06119842455
0.06188888103
0.06258646399
0.06329143792
0.06400410831
0.06472478062
0.06545379758
0.06619151682
0.06693834066
0.06769468635
0.06846101582
0.0692378059
0.07002560794
0.07082498819
0.07163657248
0.07246104628
0.07329915464
0.07415170223
0.07501957566
0.07590375096
0.07680528611
0.07772537321
0.0786653012
0.07962651551
0.0806106329
0.08161944896
0.08265497535
0.08371948451
0.08481555432
0.08594612032
0.08711453527
0.08832468092
0.08958103508
0.09088888019
0.09225441515
0.09368504584
0.09518971294
0.09677932411
0.09846737236
0.1002708972
0.1022117436
0.104318656
0.1066304371
0.1092013195
0.1121102646
0.1154784635
0.1195050403
0.1245486587
0.1313420981
0.1416654885
0.1607562751
0.2027614862
0.2769535184
0.3602428734
