1227
0
1
0.3707681894
0.3899628818
0.4084618688
0.4262435436
0.4432992041
0.4596276879
0.4752326608
0.4901208878
0.504301548
0.5177856088
0.5305857658
0.5427162051
0.5541921854
0.5650301576
0.5752475858
0.5848624706
0.5938935876
0.6023598313
0.6102805734
0.6176750064
0.6245622039
0.6309610009
0.6368898749
0.6423666477
0.6474086642
0.6520324349
0.6562537551
0.6600874066
0.6635474563
0.666646719
0.6693971157
0.6718096733
0.673894465
0.6756608486
0.6771175861
0.6782726645
0.6791332364
0.6797049642
0.6799914241
0.6799936891
0.6797094941
0.6791334152
0.6782569289
0.6770691276
0.6755575538
0.673710227
0.6715168357
0.6689704657
0.6660683751
0.6628113389
0.6592025757
0.6552469134
0.6509506702
0.646322608
0.6413756013
0.6361271739
0.6305994987
0.6248186827
0.6188132167
0.6126127839
0.6062470675
0.5997444391
0.5931316614
0.586433053
0.5796706676
0.5728641152
0.5660307407
0.5591856241
0.5523418784
0.5455108881
0.5387024879
0.5319250822
0.525185883
0.5184910893
0.5118460059
0.5052550435
0.498721987
0.4922500551
0.4858419299
0.4794998169
0.473225534
0.4670206308
0.4608862698
0.4548234046
0.4488327801
0.4429148436
0.4370700419
0.4312984943
0.4256002903
0.4199754298
0.4144237041
0.4089449048
0.4035387039
0.3982047141
0.392942518
0.3877515793
0.3826314211
0.3775813878
0.372600913
0.3676893413
0.3628459573
0.3580701351
0.3533611298
0.3487181962
0.344140619
0.3396276534
0.3351784647
0.3307923675
0.3264685571
0.322206229
0.3180046082
0.3138629198
0.3097803891
0.3057562411
0.3017896414
0.2978798747
0.2940261066
0.290227592
0.286483556
0.2827932537
0.2791558802
0.2755707204
0.2720370293
0.2685540617
0.2651210427
0.2617373168
0.2584020793
0.2551147044
0.2518744469
0.2486805916
0.245532468
0.2424294055
0.2393707186
0.2363557369
0.2333838344
0.2304543257
0.2275665849
0.2247200012
0.2219139189
0.2191477418
0.2164208591
0.2137326896
0.2110826224
0.2084700763
 0.2058945
0.2033553123
0.200851962
0.1983838975
0.1959505826
0.1935514808
0.1911860853
0.1888538599
0.1865542978
0.1842869073
0.1820512116
0.1798466891
0.1776728779
0.175529331
0.1734155416
0.1713310927
0.1692755222
0.1672483683
0.1652492285
0.1632776707
0.1613332629
0.1594155878
0.157524243
0.1556588262
0.1538189501
0.1520042121
0.1502142549
0.1484486759
0.1467071325
0.1449892372
0.1432946324
0.1416229755
0.1399739236
0.138347134
0.136742264
0.1351589859
0.1335969865
0.1320559382
0.1305355132
0.1290354282
0.1275553554
0.1260950267
0.1246541142
0.1232323423
0.1218294352
0.1204451025
0.1190790683
0.117731072
0.1164008379
0.1150880978
0.1137926131
0.1125141159
0.1112523526
0.1100070924
0.1087780893
0.1075650975
0.1063678861
0.1051862314
0.1040199026
0.1028686762
0.1017323285
0.1006106585
0.09950344265
0.09841047227
0.09733154625
0.0962664634
0.09521502256
0.09417702258
0.09315228462
0.09214060754
0.0911418125
0.09015570581
0.08918211609
0.08822087198
0.08727177978
0.086334683
0.0854094103
0.0844957903
0.0835936591
0.08270286024
0.08182322979
0.08095461875
0.08009686321
0.0792498216
0.07841333747
0.0775872767
0.07677147537
0.07596580684
0.07517012209
0.07438429445
0.07360817492
0.07284164429
0.07208455354
0.07133679092
0.07059822232
0.06986872107
0.06914816797
0.0684364289
0.06773339957
0.06703896075
0.0663529858
0.0656753704
0.06500600278
0.06434476376
0.063691549
0.06304625422
0.06240876392
0.06177898496
0.06115681306
0.06054214388
0.05993488058
0.05933492258
0.05874217302
0.05815654248
0.05757793039
0.05700625107
0.05644141138
0.05588332191
0.05533189327
0.05478703976
0.0542486757
0.05371671915
0.05319108441
0.05267169327
0.05215846375
0.0516513139
0.05115016922
0.05065495148
0.05016558245
0.04968199134
0.04920410737
0.0487318486
0.0482651554
0.04780394584
0.0473481603
0.04689772427
0.04645257443
0.04601264372
0.04557786509
0.04514817148
0.04472350702
0.04430380464
0.04388900474
0.04347904399
0.04307386279
0.04267340526
0.04227761179
0.04188642278
0.04149978608
0.04111764207
0.04073993862
0.04036661983
0.03999763727
0.03963293135
0.03927245364
0.03891615197
0.03856397793
0.03821588308
0.03787181526
0.03753172979
0.03719557449
0.0368633084
0.03653487936
0.03621024638
0.03588936478
0.03557218611
0.03525866941
0.03494876996
0.03464245051
0.03433966264
0.03404036909
0.03374453261
0.03345210478
0.03316305205
0.03287732974
0.03259490803
0.03231574222
0.0320397988
0.03176704049
0.03149742633
0.03123092651
0.03096750192
0.03070711903
0.03044974431
0.03019534424
0.02994388342
0.02969532833
0.02944964916
0.02920681238
0.02896678634
0.02872954123
0.02849504352
0.02826326527
0.02803417481
0.02780774422
0.02758394554
0.02736274526
0.02714412101
0.02692803927
0.02671447583
0.0265034046
0.02629479393
0.02608862333
0.02588486113
0.02568348497
0.02548446879
0.0252877865
0.02509341575
0.02490132861
0.02471150272
0.02452391572
0.02433854342
0.02415536158
0.02397434786
0.02379547805
0.02361873351
0.0234440919
0.02327152714
0.02310102247
0.02293255553
0.02276610583
0.02260165103
0.02243917249
0.02227864973
0.02212006412
0.02196339518
0.0218086224
0.02165572904
0.02150469646
0.02135550417
0.02120813541
0.02106257156
0.02091879584
0.02077678964
0.02063653618
0.02049801871
0.02036122046
0.02022612281
0.02009271272
0.01996097155
0.01983088255
0.01970243268
0.01957560517
0.01945038326
0.01932675391
0.01920470223
0.01908421144
0.01896526664
0.01884785667
0.01873196475
0.01861757599
0.0185046792
0.0183932595
0.01828330383
0.0181747973
0.01806772873
0.01796208322
0.0178578496
0.01775501482
0.01765356399
0.01755348779
0.01745477319
0.017357409
0.01726138033
0.01716667786
0.01707329042
0.01698120497
0.01689041033
0.0168008972
0.01671265252
0.01662566513
0.01653992757
0.01645542495
0.01637214981
0.01629008912
0.01620923541
0.01612957753
0.01605110429
0.01597380824
0.01589767821
0.01582270488
0.01574887708
0.01567618921
0.01560462825
0.01553418674
0.01546485629
0.01539662667
0.01532948948
0.01526343636
0.01519845892
0.01513454784
0.01507169474
0.01500989217
0.01494913176
0.01488940511
0.01483070478
0.01477302145
0.01471634954
0.0146606788
0.01460600365
0.01455231663
0.01449960843
0.01444787346
0.01439710427
0.01434729341
0.01429843344
0.01425051782
0.01420353912
0.01415749174
0.01411236729
0.01406816114
0.01402486488
0.01398247294
0.01394097786
0.01390037499
0.01386065781
0.01382181793
0.01378385257
0.0137467524
0.01371051371
0.01367512997
0.0136405956
0.01360690407
0.01357404981
0.01354202814
0.01351083256
0.01348045841
0.01345089916
0.01342215016
0.01339420583
0.0133670615
0.01334071159
0.01331515051
0.01329037361
0.01326637622
0.01324315276
0.01322069857
0.013199009
0.01317807939
0.01315790415
0.01313848048
0.01311980188
0.01310186367
0.01308466308
0.0130681945
0.01305245329
0.01303743664
0.01302313805
0.01300955471
0.01299668197
0.0129845161
0.01297305152
0.01296228636
0.01295221504
0.01294283383
0.012934139
0.01292612683
0.0129187936
0.01291213464
0.01290614624
0.01290082652
0.01289616898
0.01289217267
0.01288883202
0.01288614422
0.01288410556
0.01288271323
0.01288196351
0.01288185176
0.01288237609
0.01288353279
0.01288531814
0.01288772933
0.01289076265
0.0128944153
0.01289868448
0.01290356647
0.01290905848
0.01291515678
0.01292185858
0.01292916201
0.01293706242
0.01294555794
0.01295464579
0.01296432223
0.01297458541
0.01298543159
0.01299685892
0.01300886367
0.01302144304
0.01303459611
0.01304831821
0.0130626075
0.01307746116
0.01309287641
0.01310885139
0.01312538236
0.01314246841
0.01316010673
0.01317829359
0.01319702715
0.01321630552
0.013236125
0.01325648557
0.01327738259
0.01329881418
0.01332077943
0.01334327459
0.01336629782
0.01338984724
0.01341392007
0.01343851443
0.01346362755
0.01348925848
0.01351540443
0.0135420626
0.01356923208
0.01359691005
0.01362509467
0.01365378406
0.01368297637
0.01371266879
0.01374285948
0.01377354749
0.01380473003
0.01383640524
0.01386857126
0.01390122622
0.01393436827
0.01396799553
0.01400210615
0.01403669734
0.01407176908
0.0141073186
0.01414334495
0.01417984441
0.01421681698
0.01425426081
0.01429217309
0.01433055289
0.01436939836
0.01440870855
0.01444848068
0.01448871288
0.01452940423
0.01457055379
0.01461215876
0.01465421729
0.01469672937
0.01473969128
0.01478310395
0.01482696366
0.01487126946
0.01491602045
0.01496121474
0.0150068514
0.01505292766
0.01509944256
0.01514639519
0.01519378275
0.01524160616
0.01528986171
0.01533854846
0.01538766548
0.01543721184
0.01548718475
0.01553758327
0.0155884074
0.01563965343
0.01569132134
0.01574341021
0.01579591818
0.01584884338
0.01590218581
0.01595594361
0.01601011306
0.01606469601
0.01611969061
0.01617509499
0.01623090729
0.01628712751
0.01634375378
0.01640078612
0.01645822078
0.01651605777
0.01657429524
0.01663293317
0.01669196971
0.01675140299
0.01681123301
0.01687145792
0.01693207771
0.01699308865
0.01705449261
0.01711628586
0.01717847027
0.01724104024
0.01730399765
0.01736734249
0.01743106917
0.01749518141
0.0175596755
0.01762455143
0.01768980548
0.0177554395
0.01782145351
0.01788784191
0.01795460656
0.01802174561
0.01808925904
0.01815714501
0.01822540164
0.0182940308
0.0183630269
0.01843239181
0.01850212365
0.01857222244
0.01864268631
0.01871351525
0.01878470555
0.01885625906
0.01892817393
0.01900044829
0.01907308213
0.01914607361
0.01921942271
0.01929312758
0.01936718635
0.01944160089
0.01951636747
0.01959148794
0.0196669586
0.01974277943
0.01981894858
0.01989546791
0.01997233368
0.02004954591
0.02012710273
0.020205006
0.020283252
0.02036184072
0.02044077031
0.02052004263
0.02059965394
0.0206796024
0.02075989172
0.02084051631
0.02092147805
0.02100277506
0.02108440734
0.02116637118
0.02124867029
0.0213312991
0.02141425945
0.02149754949
0.02158116922
0.02166511863
0.02174939401
0.02183399536
0.02191892266
0.02200417593
0.02208975144
0.02217565104
0.02226187289
0.02234841697
0.02243528143
0.02252246439
0.02260996774
0.02269778773
0.02278592624
0.02287438139
0.02296315134
0.02305223607
0.02314163558
0.02323134616
0.02332137153
0.02341170795
0.02350235544
0.02359331213
0.02368457802
0.02377615124
0.02386803366
0.02396022342
0.02405271865
0.0241455175
0.02423862368
0.02433203161
0.02442574315
0.02451975644
0.02461407147
0.02470868826
0.02480360307
0.02489881776
0.02499433234
0.02509014308
0.02518624999
0.02528265491
0.02537935413
0.02547634766
0.02557363734
0.02567121759
0.02576909214
0.02586725913
0.02596571669
0.02606446296
0.02616350166
0.02626282722
0.02636244148
0.02646234445
0.02656253427
0.02666300908
0.02676377073
0.0268648155
0.02696614712
0.02706776001
0.02716965601
0.02727183513
0.02737429552
0.02747703716
0.0275800582
0.02768335864
0.02778693847
0.02789079584
0.02799493261
0.02809934504
0.02820403315
0.02830899879
0.02841423824
0.02851975337
0.02862554044
0.02873160131
0.028837936
0.02894454263
0.02905141935
0.02915856801
0.02926598676
0.02937367558
0.02948163263
0.02958985791
0.0296983514
0.02980711311
0.02991614118
0.03002543375
0.03013499454
0.03024481982
0.03035490774
0.03046526201
0.03057587892
0.03068675846
0.03079790063
0.03090930358
0.03102096915
0.0311328955
0.03124508262
0.0313575305
0.03147023544
0.03158320114
0.03169642389
0.03180990368
0.03192364052
0.03203763813
0.03215188906
0.0322663933
0.03238115832
0.03249617666
0.03261144832
0.0327269733
0.03284275532
0.03295879066
0.0330750756
0.03319161385
0.03330840543
0.0334254466
0.03354274109
0.03366028517
0.03377808258
0.03389612585
0.03401442245
0.03413296491
0.03425175697
0.03437079862
0.03449008986
0.03460962698
0.03472940996
0.03484944254
0.03496972099
0.03509024531
0.03521101549
0.03533203527
0.0354532972
0.03557480499
0.03569655865
0.03581855446
0.03594079614
0.03606328368
0.03618601337
0.03630898893
0.03643220663
0.03655566648
0.03667936847
0.0368033126
0.0369275026
0.03705193475
0.03717660531
0.03730152175
0.0374266766
0.0375520736
0.03767771274
0.03780359402
0.03792971373
0.03805607557
0.03818267956
0.03830952197
0.03843660653
0.0385639295
0.03869149461
0.03881929815
0.03894734383
0.03907562792
0.03920415044
0.0393329151
0.03946191818
0.0395911634
0.03972064704
0.0398503691
0.0399803333
0.04011053592
0.04024098068
0.04037166014
0.04050258175
0.04063374549
0.04076514766
0.04089678824
0.04102867097
0.04116079211
0.04129315168
0.04142575338
0.04155859724
0.04169167951
0.04182500392
0.04195856676
0.04209237173
0.04222641885
0.04236070812
0.0424952358
0.04263000563
0.04276502132
0.04290027544
0.0430357717
0.0431715101
0.04330749437
0.04344372079
0.04358018935
0.04371690005
0.04385385662
0.04399105906
0.04412850365
0.04426619783
0.04440413415
0.04454231635
0.04468074441
0.04481941834
0.04495834187
0.04509751126
0.04523693025
0.04537659511
0.04551650956
0.04565667361
0.04579709098
0.04593775421
0.04607867077
0.04621983692
0.04636125639
0.04650292918
0.04664485529
0.04678703472
0.04692947119
0.04707216099
0.0472151041
0.04735830799
0.04750176519
0.04764548317
0.04778946191
0.0479336977
0.04807819426
0.04822295159
0.04836796969
0.04851325229
0.04865879938
0.04880461097
0.04895068705
0.04909703135
0.04924364015
0.0493905209
0.04953766614
0.04968508333
0.04983277619
0.04998073727
0.0501289703
0.05027748272
0.05042626709
0.05057533085
0.05072467029
0.05087428913
0.05102418736
0.05117436871
0.05132483318
0.05147558078
0.05162661523
0.05177793652
0.05192954466
0.05208144337
0.05223363265
0.05238611251
0.05253888667
0.05269195512
0.05284532532
0.05299898982
0.05315295234
0.05330722034
0.05346179008
0.0536166653
0.053771846
0.05392733589
0.05408313498
0.05423924327
0.05439566821
0.0545524098
0.05470946804
0.05486684293
0.05502454191
0.05518256128
0.05534090847
0.05549958348
0.05565858632
0.05581792071
0.05597758666
0.0561375916
0.05629793182
0.05645861477
0.05661964044
0.05678101256
0.05694272742
0.05710479617
0.05726721883
0.05742999166
0.05759312585
0.05775661767
0.05792047456
0.05808469653
0.05824928731
0.05841425061
0.05857958272
0.05874529853
0.0589113906
0.05907786638
0.05924472585
0.05941197649
0.059579622
0.05974765867
0.05991609767
0.06008493528
0.06025418267
0.06042383611
0.06059390306
0.06076438725
0.06093528867
0.06110661477
0.06127836928
0.06145055592
0.0616231747
0.06179623306
0.06196973473
0.06214368716
0.06231808662
0.0624929443
0.06266825646
0.06284403801
0.06302028894
0.06319701672
0.06337421387
0.06355190277
0.06373007596
0.06390874088
0.06408789754
0.06426756829
0.06444773823
0.06462842226
0.06480962783
0.06499136239
0.0651736185
0.06535641104
0.06553974748
0.06572363526
0.06590806693
0.06609306484
0.06627862155
0.06646475941
0.06665146351
0.06683876365
0.0670266524
0.06721513718
0.06740422547
0.06759393215
0.06778424978
0.06797520071
0.06816678494
0.06835901737
0.06855189055
0.06874542683
0.06893962622
0.0691345036
0.06933006644
0.06952631474
0.06972327083
0.06992093474
0.0701193139
0.07031842321
0.07051827013
0.07071886212
0.07092021406
0.07112234086
0.07132523507
0.07152892649
0.07173340768
0.07193870842
0.07214482874
0.07235178351
0.07255958021
0.07276824117
0.07297776639
0.07318817079
0.07339947671
0.07361169159
0.07382483035
0.07403890043
0.07425392419
0.07446990907
0.07468687743
0.07490483671
0.07512380928
0.07534381002
0.0755648464
0.0757869482
0.0760101229
0.07623438537
0.07645976543
0.07668627799
0.07691393793
0.07714276761
0.07737278193
0.07760400325
0.07783645391
0.07807015628
0.07830513269
0.07854139805
0.07877898961
0.07901791483
0.07925821096
0.07949989289
0.07974299788
0.07998754829
0.08023356646
0.0804810822
0.08073012531
0.08098072559
0.08123291284
0.08148671687
0.08174218237
0.08199932426
0.08225818723
0.08251880854
0.08278121799
0.08304545283
0.08331155777
0.08357957751
0.08384954184
0.08412149549
0.08439549059
0.0846715644
0.08494976908
0.08523014933
0.0855127573
0.0857976526
0.08608487248
0.08637449145
0.08666656166
0.08696113527
0.08725828677
0.08755807579
0.08786056191
0.0881658271
0.08847393841
0.08878497779
0.08909901232
0.08941613138
0.08973642439
0.09005996585
0.09038686752
0.09071720392
0.09105109423
0.09138864279
0.09172994643
0.09207513183
0.09242431074
0.09277761728
0.09313518554
0.0934971422
0.09386364371
0.09423483908
0.09461089224
0.09499196708
0.09537824243
0.09576990455
0.09616716206
0.09657021612
0.09697929025
0.09739461541
0.09781644493
0.09824503958
0.09868068248
0.0991236642
0.09957431257
0.1000329554
0.1004999503
0.1009756997
0.1014605984
0.1019551009
0.102459684
0.1029748544
0.1035011634
0.1040392146
0.1045896485
0.1051531658
0.1057305336
0.1063225865
0.1069302186
0.1075544432
0.1081963331
0.1088571027
0.1095380858
0.11024075
0.1109667346
0.1117178872
0.1124962494
0.1133041382
0.1141441837
0.1150193587
0.1159330755
0.1168892384
0.1178923845
0.1189477891
0.120061636
0.1212412417
0.122495316
0.1238343418
0.125271067
0.1268211156
0.1285039335
0.1303439438
0.1323722899
0.13462919
0.1371673197
0.1400565356
0.1433904916
0.1472955346
0.1519415528
0.1575529724
0.1644133627
0.1728533208
0.1832119972
0.1957672536
0.2106395662
0.2277072519
0.2465931773
0.266749233
0.2875947654
0.3086312413
0.3294914663
0.3499334753
0.3698103726
0.3890382648
0.4075719714
