1741
0
1740
0.3678781986
0.3871189952
0.4056857228
0.4235477746
0.4406911731
0.4571118951
0.4728117585
0.4877965748
0.5020747781
0.5156568885
0.5285553336
0.5407838225
0.5523574352
0.5632925034
0.5736060739
0.5833161473
0.5924411416
0.6010000706
0.6090118885
0.6164958477
0.6234708428
0.6299557686
0.6359689832
0.6415283084
0.6466510892
0.6513538957
0.6556524634
0.6595617533
0.6630958319
0.6662676334
0.6690891981
0.6715716124
0.6737250686
0.6755588651
0.6770819426
0.6783022881
0.6792271733
0.6798626184
0.6802126765
0.6802788377
0.6800595522
0.6795500517
0.6787423491
0.6776257157
0.6761879325
0.6744164228
0.6723002791
0.6698314548
0.6670061946
0.663824439
0.6602887511
0.6564036012
0.6521747112
0.6476102471
0.642721951
0.6375264525
0.6320450902
0.6263033748
0.6203296185
0.6141537428
0.6078056097
0.601314187
0.594706893
0.5880087614
0.5812423825
0.5744281411
0.5675837994
0.5607249737
0.5538652539
0.5470164418
0.5401886702
0.5333905816
0.526629746
0.5199124217
0.5132441521
0.5066295266
0.5000724792
0.4935762286
0.4871436059
0.480776906
0.4744779766
0.4682484269
0.462089479
0.4560020864
0.4499870539
0.444044888
0.4381759465
0.4323804975
0.4266585708
0.4210101664
0.4154351354
0.4099332392
0.4045041502
0.3991475403
0.3938629329
0.3886498213
0.3835076988
0.3784359694
0.373434037
0.3685012162
0.3636368513
0.3588402569
0.3541107178
0.3494474888
0.3448498249
0.3403169811
0.3358481824
0.3314426541
0.3270996213
0.3228183091
0.3185979128
0.3144376874
0.3103367984
0.306294471
0.3023099005
0.2983823717
0.2945110202
0.2906951308
0.2869338989
0.2832265794
0.2795723975
0.275970608
0.2724204361
0.2689211667
0.2654720545
0.2620723546
0.2587213516
0.2554183602
0.2521626353
0.2489535064
0.245790258
0.2426722199
0.2395987213
0.2365690768
0.2335826606
0.2306387872
0.2277368456
0.2248761803
0.2220561802
0.2192762196
0.2165357023
0.2138340324
0.2111705989
0.2085448354
0.205956161
0.2034040093
0.200887844
0.1984070837
0.1959612072
0.1935496777
0.191171959
0.1888275594
0.1865159422
0.1842366159
0.1819891036
0.1797728837
0.1775875092
0.1754325032
0.173307389
0.1712117195
0.1691450477
0.1671069115
0.1650969088
0.1631145775
0.1611595154
0.1592313051
0.1573295444
0.1554538012
0.1536037177
0.1517788917
0.1499789357
0.1482034773
0.1464521438
0.1447245628
0.1430203915
0.1413392723
0.1396808475
0.1380447894
0.1364307404
0.1348384023
0.1332674325
0.1317175031
0.1301883012
0.1286795437
0.1271908879
0.1257220656
0.1242727563
0.1228426844
0.1214315668
0.1200391203
0.1186650619
0.1173091233
0.1159710437
0.114650555
0.1133473963
0.1120613143
0.1107920632
0.1095393971
0.1083030626
0.1070828363
0.1058784723
0.1046897396
0.1035164222
0.1023582891
0.1012151167
0.1000866964
0.09897281229
0.09787325561
0.09678781778
0.09571630508
0.09465850145
0.09361422807
0.09258327633
0.09156547487
0.09056061506
0.08956852555
0.08858902752
0.08762193471
0.08666707575
0.08572427928
0.08479336649
0.08387418836
0.08296655864
0.0820703283
0.08118534088
0.08031143248
0.07944844663
0.07859623432
0.07775464654
0.07692353427
0.07610275596
0.0752921626
0.07449162006
0.07370099425
0.07292013615
0.07214891165
0.07138720155
0.07063487172
0.06989178807
0.06915782392
0.06843286008
0.06771677732
0.06700944901
0.06631076336
0.06562059373
0.0649388358
0.06426536292
0.06360007823
0.06294286996
0.06229361892
0.06165223196
0.06101859361
0.060392607
0.05977417156
0.05916318297
0.05855954438
0.05796315521
0.05737392604
0.05679176003
0.05621656403
0.05564824492
0.05508671701
0.05453188717
0.05398366973
0.05344197899
0.05290672928
0.05237783864
0.05185522139
0.0513387993
0.05082849041
0.05032422021
0.04982590675
0.04933347553
0.04884684831
0.04836595431
0.04789072275
0.0474210754
0.04695694149
0.04649825767
0.04604494944
0.04559694976
0.04515419155
0.04471660778
0.04428413883
0.04385671392
0.04343427345
0.04301675409
0.04260409251
0.04219623283
0.04179311171
0.04139467329
0.04100085422
0.04061160237
0.04022686183
0.03984657302
0.03947068378
0.03909913823
0.03873188794
0.0383688733
0.03801004961
0.037655361
0.03730476275
0.03695819527
0.0366156213
0.03627698496
0.03594224155
0.03561134264
0.03528424352
0.0349608995
0.03464126214
0.03432529047
0.03401294351
0.03370416909
0.03339893371
0.03309718892
0.03279889748
0.0325040184
0.0322125107
0.03192433342
0.0316394493
0.03135782108
0.03107940592
0.03080417216
0.03053207882
0.03026308864
0.02999716997
0.02973428369
0.02947439626
0.0292174723
0.02896347828
0.02871238068
0.02846414782
0.02821874246
0.02797613665
0.02773629688
0.02749919333
0.02726479061
0.02703306451
0.02680397965
0.02657750621
0.02635361999
0.02613228559
0.02591348067
0.02569717169
0.02548333257
0.02527193725
0.02506295778
0.02485636622
0.02465213649
0.02445024438
0.02425066195
0.02405336499
0.02385832928
0.02366552688
0.0234749373
0.02328653447
0.02310029417
0.02291619405
0.02273421176
0.02255432121
0.02237650193
0.02220073156
0.02202698961
0.02185525186
0.02168549784
0.02151770703
0.02135185711
0.02118792944
0.02102590166
0.02086575516
0.02070746943
0.02055102587
0.02039640397
0.02024358511
0.02009255067
0.01994328015
0.01979575865
0.01964996569
0.0195058845
0.01936349645
0.01922278479
0.01908373088
0.01894631982
0.01881053485
0.01867635734
0.0185437724
0.01841276325
0.01828331314
0.01815540902
0.01802903228
0.01790416986
0.01778080501
0.01765892282
0.01753851026
0.01741955057
0.0173020307
0.01718593389
0.01707125083
0.01695796289
0.01684605889
0.01673552394
0.01662634499
0.01651851088
0.01641200483
0.01630681753
0.01620293222
0.01610034145
0.0159990266
0.0158989802
0.01580018923
0.01570264064
0.01560632233
0.01551122312
0.01541733183
0.01532463636
0.01523312647
0.01514278911
0.01505361497
0.01496559288
0.01487871073
0.01479296014
0.01470832899
0.01462480705
0.01454238407
0.01446104981
0.01438079588
0.01430161018
0.01422348339
0.01414640713
0.01407037023
0.01399536431
0.01392138004
0.01384840813
0.01377643831
0.01370546315
0.01363547333
0.01356645953
0.01349841338
0.01343132555
0.01336518954
0.0132999951
0.01323573478
0.01317239925
0.01310998201
0.01304847468
0.01298786886
0.01292815618
0.01286933012
0.01281138323
0.0127543062
0.0126980925
0.01264273562
0.01258822717
0.01253456064
0.01248172764
0.01242972258
0.01237853803
0.01232816651
0.01227860246
0.01222983748
0.01218186691
0.01213468239
0.01208827738
0.01204264723
0.01199778356
0.01195368171
0.01191033423
0.01186773553
0.01182588004
0.01178476028
0.01174437162
0.01170470752
0.0116657624
0.01162753068
0.01159000676
0.01155318413
0.01151705813
0.01148162317
0.01144687366
0.01141280308
0.01137940865
0.01134668291
0.0113146212
0.01128321886
0.01125246938
0.01122236997
0.0111929141
0.01116409712
0.01113591436
0.01110836118
0.01108143199
0.01105512306
0.0110294288
0.01100434549
0.01097986754
0.01095599122
0.01093271188
0.01091002487
0.01088792644
0.01086641103
0.01084547583
0.01082511526
0.01080532558
0.01078610308
0.01076744404
0.01074934285
0.01073179673
0.01071480103
0.01069835201
0.01068244595
0.01066707913
0.01065224689
0.01063794643
0.01062417403
0.01061092503
0.01059819665
0.01058598422
0.01057428587
0.01056309603
0.01055241283
0.01054223161
0.01053255051
0.01052336395
0.01051467005
0.0105064651
0.01049874537
0.01049150899
0.01048475038
0.01047846861
0.01047265902
0.01046731975
0.01046244614
0.01045803633
0.01045408659
0.01045059413
0.01044755615
0.01044496894
0.01044283062
0.01044113748
0.01043988764
0.01043907646
0.010438703
0.01043876354
0.01043925527
0.01044017542
0.01044152211
0.01044329163
0.01044548117
0.0104480898
0.01045111287
0.01045454852
0.01045839489
0.01046264824
0.01046730671
0.01047236845
0.01047782972
0.01048368867
0.01048994344
0.01049659029
0.01050362829
0.01051105373
0.01051886473
0.01052706037
0.01053563599
0.01054459065
0.0105539225
0.01056362875
0.01057370659
0.0105841551
0.01059497148
0.01060615294
0.01061769854
0.01062960457
0.01064187102
0.01065449417
0.01066747308
0.01068080496
0.01069448795
0.01070851926
0.01072289888
0.01073762309
0.01075269096
0.01076809969
0.01078384742
0.01079993322
0.01081635524
0.01083310973
0.0108501967
0.01086761337
0.01088535879
0.01090343017
0.01092182659
0.01094054617
0.01095958613
0.01097894553
0.01099862251
0.01101861522
0.0110389227
0.01105954219
0.0110804718
0.01110171154
0.01112325862
0.01114511117
0.01116726827
0.01118972804
0.01121248864
0.01123554911
0.01125890762
0.01128256135
0.01130651031
0.01133075263
0.0113552874
0.01138011087
0.01140522398
0.01143062394
0.01145630982
0.01148227975
0.0115085328
0.01153506711
0.01156188175
0.01158897392
0.01161634456
0.01164398994
0.01167191006
0.01170010213
0.01172856707
0.01175730117
0.01178630441
0.01181557588
0.01184511278
0.0118749151
0.01190498006
0.01193530858
0.01196589693
0.01199674513
0.01202785224
0.01205921639
0.01209083665
0.01212271117
0.012154839
0.01218721922
0.01221984997
0.01225273125
0.01228586026
0.01231923699
0.01235286053
0.01238672808
0.01242083963
0.01245519426
0.0124897901
0.01252462622
0.01255970169
0.01259501465
0.01263056509
0.01266635209
0.01270237286
0.01273862738
0.01277511381
0.01281183306
0.01284878142
0.01288595982
0.01292336546
0.01296099927
0.01299885847
0.01303694304
0.01307525113
0.01311378274
0.013152536
0.01319151092
0.0132307047
0.01327011734
0.01330974884
0.01334959641
0.01338966005
0.01342993788
0.01347042993
0.01351113524
0.0135520529
0.01359318104
0.01363451872
0.01367606595
0.0137178218
0.0137597844
0.01380195282
0.01384432707
0.01388690528
0.01392968744
0.01397267263
0.01401585806
0.01405924559
0.01410283241
0.01414661761
0.01419060118
0.0142347822
0.01427915972
0.01432373188
0.0143684987
0.01441345923
0.01445861347
0.01450395864
0.01454949472
0.01459522173
0.01464113779
0.01468724292
0.01473353524
0.01478001475
0.0148266796
0.01487353072
0.0149205653
0.01496778429
0.01501518488
0.01506276894
0.01511053275
0.01515847817
0.0152066024
0.01525490545
0.01530338731
0.01535204519
0.01540088002
0.01544989087
0.01549907587
0.01554843597
0.01559796836
0.01564767398
0.01569755189
0.0157475993
0.01579781808
0.01584820636
0.01589876413
0.01594948955
0.01600038074
0.01605143957
0.01610266604
0.01615405641
0.01620561071
0.01625732891
0.01630920917
0.01636125334
0.01641345769
0.0164658241
0.01651835069
0.01657103561
0.01662388071
0.01667688228
0.01673004217
0.01678335853
0.01683683135
0.01689045876
0.01694424264
0.01699817739
0.01705226675
0.01710650884
0.01716090366
0.01721544936
0.01727014408
0.01732499152
0.01737998612
0.01743512973
0.01749042049
0.01754586026
0.01760144532
0.01765717752
0.01771305501
0.01776907593
0.01782524213
0.01788154989
0.01793800294
0.01799459755
0.01805133186
0.0181082096
0.01816522703
0.01822238229
0.01827967912
0.01833711378
0.01839468442
0.01845239475
0.01851024106
0.01856822148
0.01862633973
0.0186845921
0.01874297857
0.0188014973
0.01886015013
0.01891893521
0.01897785254
0.01903690211
0.01909608021
0.0191553887
0.01921482757
0.01927439496
0.01933409087
0.01939391531
0.01945386454
0.0195139423
0.01957414672
0.01963447407
0.01969492808
0.01975550689
0.01981620863
0.01987703331
0.01993798092
0.01999905147
0.02006024309
0.02012155391
0.02018298768
0.02024454065
0.02030621283
0.02036800236
0.02042991295
0.02049193904
0.02055408247
0.02061634324
0.02067872137
0.02074121311
0.02080382034
0.02086654305
0.02092937939
0.02099232934
0.02105539106
0.02111856639
0.02118185349
0.02124525048
0.02130876109
0.02137237974
0.02143611014
0.02149994858
0.02156389691
0.02162795141
0.02169211581
0.02175638825
0.02182076499
0.02188524976
0.02194984071
0.02201453596
0.02207933553
0.02214424126
0.02220924944
0.02227436192
0.02233957686
0.02240489423
0.02247031406
0.02253583446
0.02260145731
0.02266717888
0.02273300104
0.02279892378
0.02286494337
0.02293106355
0.02299728058
0.02306359634
0.02313000895
0.02319651842
0.02326312475
0.02332982607
0.02339662239
0.0234635137
0.02353050001
0.02359757945
0.02366475388
0.02373201959
0.02379937842
0.02386683039
0.02393437363
0.02400200814
0.02406973392
0.0241375491
0.02420545556
0.02427344956
0.02434153482
0.02440970764
0.02447796799
0.02454631776
0.02461475506
0.02468327805
0.02475188673
0.02482058294
0.02488936484
0.02495823056
0.02502718382
0.02509621903
0.02516533807
0.02523454279
0.02530382946
0.02537319809
0.02544265054
0.02551218309
0.02558179945
0.0256514959
0.02572127245
0.0257911291
0.02586106583
0.02593108267
0.02600117773
0.02607135288
0.02614160627
0.02621193603
0.02628234401
0.02635282837
0.02642339095
0.02649402991
0.02656474337
0.0266355332
0.02670639753
0.02677733824
0.02684835158
0.0269194413
0.02699060179
0.02706183679
0.0271331463
0.02720452659
0.02727597952
0.02734750323
0.02741909958
0.02749076672
0.02756250463
0.02763431333
0.02770619094
0.02777813934
0.02785015665
0.02792224288
0.02799439617
0.02806662023
0.02813890949
0.02821126767
0.0282836929
0.02835618518
0.02842874452
0.02850136906
0.02857405879
0.02864681371
0.02871963568
0.02879252099
0.02886547148
0.02893848531
0.02901156247
0.02908470482
0.02915790863
0.02923117578
0.02930450439
0.02937789634
0.02945134975
0.02952486463
0.02959843911
0.02967207693
0.02974577434
0.02981953137
0.02989334799
0.02996722423
0.03004116006
0.0301151555
0.03018920869
0.03026331961
0.03033749014
0.03041171655
0.0304860007
0.03056034259
0.03063474223
0.03070919588
0.03078370728
0.03085827455
0.0309328977
0.03100757487
0.03108230792
0.03115709499
0.03123193793
0.03130683303
0.03138178214
0.03145678714
0.03153184429
0.03160695359
0.03168211505
0.03175733238
0.03183259815
0.03190791607
0.03198328987
0.0320587121
0.03213418275
0.03220970929
0.03228528053
0.03236090764
0.03243658319
0.03251230717
0.03258807957
0.03266390413
0.03273977712
0.03281569481
0.03289166465
0.03296768293
0.03304374963
0.03311986104
0.0331960246
0.03327222914
0.03334848583
0.03342478722
0.03350113705
0.03357753158
0.03365397081
0.03373045847
0.03380698711
0.03388356417
0.03396018595
0.03403685614
0.03411356732
0.0341903232
0.03426712379
0.03434396535
0.03442085534
0.03449778631
0.03457475826
0.03465177864
0.03472883627
0.0348059386
0.03488308564
0.03496027365
0.03503750265
0.03511477262
0.03519208729
0.03526943922
0.03534683585
0.03542427346
0.03550174832
0.03557926789
0.03565682471
0.0357344225
0.03581206128
0.03588973731
0.03596745804
0.0360452123
0.03612300754
0.03620084375
0.03627871722
0.03635663167
0.03643457964
0.03651256859
0.03659059852
0.03666866198
0.03674676642
0.03682490438
0.03690308332
0.03698129952
0.03705954924
0.03713783994
0.03721616417
0.03729452938
0.03737292811
0.03745136037
0.03752983361
0.03760834038
0.03768688068
0.03776546195
0.03784407303
0.03792272136
0.03800140694
0.03808012605
0.03815887868
0.03823766857
0.03831649199
0.03839534894
0.03847424313
0.03855316713
0.03863212839
0.03871112317
0.03879014775
0.03886920959
0.03894830495
0.03902743384
0.03910659626
0.03918578848
0.03926501796
0.03934427723
0.03942357004
0.03950289637
0.0395822525
0.03966164216
0.03974106535
0.03982052207
0.03990000859
0.03997952864
0.04005907848
0.04013865814
0.04021827504
0.04029791802
0.04037759453
0.04045730457
0.04053704441
0.04061681405
0.04069661349
0.04077644646
0.04085630924
0.04093620554
0.04101612791
0.04109608382
0.04117606953
0.04125608504
0.04133613408
0.04141620919
0.04149631411
0.04157645255
0.0416566208
0.04173681512
0.04181704298
0.04189730063
0.04197758436
0.04205790162
0.04213824868
0.04221862182
0.04229902849
0.04237946123
0.04245992377
0.04254041612
0.04262093827
0.04270149022
0.04278206825
0.04286267981
0.04294331744
0.04302398488
0.04310468212
0.04318540543
0.04326616228
0.0433469452
0.04342775792
0.04350859672
0.04358946532
0.04367036372
0.04375129193
0.04383224621
0.0439132303
0.04399424419
0.04407528788
0.04415635765
0.04423745349
0.04431858286
0.04439973831
0.04448092356
0.04456213489
0.04464337602
0.04472464696
0.04480594397
0.04488727078
0.04496862739
0.04505001009
0.04513142258
0.04521286115
0.04529433325
0.0453758277
0.04545735568
0.04553890973
0.04562049359
0.04570210353
0.04578374326
0.0458654128
0.04594711214
0.04602883756
0.04611059278
0.04619237408
0.04627418518
0.04635602608
0.04643789679
0.04651979357
0.04660172388
0.04668368027
0.04676566273
0.04684767872
0.04692972079
0.04701179266
0.04709389433
0.04717602208
0.04725818336
0.04734037071
0.04742258787
0.04750483483
0.04758711159
0.04766941816
0.0477517508
0.04783411697
0.04791651294
0.04799893498
0.04808139056
0.04816387594
0.04824638739
0.04832893237
0.04841150716
0.04849411175
0.04857674614
0.04865941033
0.04874210432
0.04882483184
0.04890758544
0.04899037257
0.0490731895
0.04915603995
0.04923892021
0.04932183027
0.04940477014
0.04948774353
0.04957075045
0.04965378717
0.04973685369
0.04981995374
0.04990308359
0.04998624697
0.05006944388
0.05015267059
0.05023593083
0.05031922087
0.05040254444
0.05048590526
0.05056929216
0.05065271631
0.05073617399
0.05081966519
0.0509031862
0.05098674446
0.05107033253
0.05115395784
0.05123761669
0.05132130906
0.05140503496
0.05148879439
0.05157259107
0.05165642127
0.05174028501
0.051824186
0.05190812424
0.05199209228
0.0520761013
0.05216014385
0.05224422365
0.05232833698
0.05241248757
0.0524966754
0.05258090049
0.05266515911
0.0527494587
0.05283379555
0.05291816592
0.05300257728
0.05308702588
0.05317151174
0.05325603858
0.05334060267
0.05342520401
0.05350984633
0.0535945259
0.05367924646
0.05376400426
0.05384880304
0.0539336428
0.05401852354
0.05410344526
0.05418840423
0.05427340791
0.05435844883
0.05444353446
0.05452866107
0.05461382866
0.05469904095
0.05478429422
0.05486958846
0.05495492741
0.05504031107
0.0551257357
0.05521120504
0.05529671907
0.05538227782
0.05546788126
0.05555352569
0.05563921854
0.05572495982
0.05581074208
0.05589657277
0.05598244816
0.05606837198
0.05615434423
0.05624036118
0.05632642657
0.05641254038
0.05649869889
0.05658490956
0.05667116866
0.05675747618
0.05684383586
0.05693024024
0.05701670051
0.05710320547
0.05718976632
0.05727637559
0.05736303702
0.0574497506
0.05753651634
0.05762333423
0.057710208
0.0577971302
0.057884112
0.05797114223
0.05805822834
0.05814537033
0.0582325682
0.05831982195
0.05840713158
0.05849449337
0.05858191848
0.05866939574
0.05875693262
0.05884452537
0.05893218145
0.05901989341
0.05910766125
0.05919549242
0.05928338319
0.05937133729
0.05945934728
0.05954742059
0.05963555723
0.05972375348
0.05981201679
0.05990033969
0.05998872593
0.06007717922
0.06016569585
0.0602542758
0.06034292281
0.06043163687
0.06052041426
0.06060926244
0.06069817394
0.06078715622
0.06087620556
0.06096532568
0.06105451286
0.06114377454
0.06123310328
0.06132250279
0.06141197309
0.06150151789
0.06159113348
0.06168082356
0.06177058816
0.06186042726
0.06195034087
0.06204032898
0.0621303916
0.06222053245
0.06231075153
0.06240104884
0.06249142066
0.06258187443
0.06267240644
0.0627630204
0.06285371631
0.06294448674
0.06303534657
0.06312628835
0.0632173121
0.0633084178
0.0633996129
0.06349088252
0.06358224899
0.06367369741
0.06376523525
0.06385686249
0.06394857168
0.06404037774
0.06413226575
0.06422425061
0.06431632489
0.06440848857
0.06450074911
0.06459310651
0.06468555331
0.06477808952
0.06487073004
0.06496346742
0.0650562942
0.06514922529
0.06524225324
0.0653353855
0.06542861462
0.06552194059
0.06561537087
0.06570890546
0.06580254436
0.06589628756
0.06599013507
0.06608409435
0.06617815793
0.06627232581
0.06636659801
0.06646098942
0.06655548513
0.06665010005
0.06674481928
0.06683965027
0.06693460047
0.06702966988
0.0671248436
0.06722014397
0.06731555611
0.0674110949
0.06750674546
0.06760252267
0.06769841909
0.06779443473
0.06789057702
0.06798684597
0.06808324158
0.0681797564
0.06827640533
0.06837318838
0.06847009063
0.06856713444
0.06866430491
0.06876160949
0.06885904819
0.06895662099
0.06905432791
0.06915217638
0.06925016642
0.06934829056
0.06944656372
0.06954497844
0.06964352727
0.06974223256
0.06984107941
0.06994007528
0.0700392127
0.07013850659
0.07023794949
0.07033754885
0.07043729722
0.07053720951
0.07063727081
0.07073748857
0.07083787024
0.07093840837
0.07103911042
0.07113997638
0.07124100626
0.07134220004
0.07144356519
0.0715451017
0.07164680213
0.07174868137
0.07185073197
0.07195295393
0.07205536216
0.07215794176
0.07226070017
0.07236364484
0.07246676832
0.07257007807
0.07267357409
0.07277725637
0.07288113236
0.07298519462
0.07308945805
0.07319390774
0.07329855859
0.07340341061
0.07350845635
0.0736137107
0.07371916622
0.0738248229
0.07393069565
0.07403676957
0.07414305955
0.0742495656
0.07435628027
0.07446321845
0.0745703727
0.07467775047
0.07478535175
0.07489317656
0.07500123233
0.07510951906
0.07521803677
0.07532678545
0.07543577254
0.07554499805
0.07565446943
0.07576417923
0.0758741349
0.07598434389
0.07609479874
0.07620550692
0.07631646842
0.07642769068
0.07653917372
0.07665091753
0.07676292956
0.07687520981
0.07698775828
0.07710058242
0.07721367478
0.07732705772
0.07744071633
0.07755465806
0.07766889036
0.07778341323
0.07789822668
0.07801333815
0.07812874764
0.07824446261
0.0783604756
0.07847680151
0.07859344035
0.07871039212
0.07882766426
0.07894525677
0.07906316966
0.07918141782
0.07929999381
0.07941890508
0.07953815162
0.07965774834
0.07977768779
0.07989796996
0.08001860976
0.08013961464
0.0802609697
0.08038269728
0.08050478995
0.08062725514
0.08075009286
0.08087331802
0.08099692315
0.08112092316
0.08124531806
0.08137010783
0.08149529994
0.08162090182
0.08174691349
0.08187334239
0.08200019598
0.0821274668
0.0822551772
0.08238331974
0.08251190931
0.08264093846
0.0827704221
0.08290036023
0.08303076029
0.08316162974
0.08329296857
0.08342479169
0.0835570991
0.0836898908
0.08382318169
0.08395697922
0.08409128338
0.08422610164
0.08436144143
0.08449730277
0.084633708
0.08477064967
0.08490813524
0.08504617959
0.08518478274
0.08532395959
0.08546371013
0.08560404181
0.0857449621
0.08588648587
0.0860286206
0.08617135882
0.08631473035
0.08645872772
0.08660336584
0.08674865216
0.08689459413
0.08704119921
0.08718848228
0.08733645082
0.08748511225
0.08763447404
0.08778455108
0.08793535084
0.08808688074
0.08823916316
0.08839219064
0.08854599297
0.08870056272
0.08885592222
0.08901208639
0.08916905522
0.08932685107
0.08948548138
0.08964496106
0.08980529755
0.08996651322
0.0901286155
0.0902916193
0.09045553207
0.09062038362
0.09078617394
0.09095292538
0.09112065285
0.09128937125
0.09145908803
0.09162983298
0.09180162102
0.09197446704
0.09214838594
0.09232339263
0.0924995169
0.09267676622
0.09285517037
0.09303474426
0.0932155028
0.09339747578
0.09358068556
0.09376514703
0.09395088255
0.09413792938
0.09432628751
0.09451600909
0.09470709413
0.09489958733
0.09509350359
0.09528888017
0.09548573196
0.09568409622
0.0958840102
0.0960854888
0.09628857672
0.09649329633
0.09669969231
0.09690778702
0.09711762518
0.09732923657
0.0975426659
0.09775795043
0.0979751274
0.09819424152
0.0984153375
0.09863845259
0.09886363149
0.0990909338
0.09932040423
0.09955208749
0.09978603572
0.1000223085
0.1002609655
0.1005020589
0.1007456556
0.1009918079
0.1012405828
0.1014920622
0.1017462984
0.1020033807
0.1022633687
0.1025263518
0.102792412
0.1030616388
0.1033341065
0.1036099195
0.1038891748
0.1041719764
0.1044584215
0.104748629
0.1050427109
0.1053407863
0.1056429818
0.1059494391
0.1062602922
0.1065756902
0.1068957821
0.1072207317
0.1075507179
0.1078859046
0.108226493
0.1085726842
0.1089246869
0.1092827171
0.1096470207
0.110017851
0.1103954613
0.1107801497
0.1111721992
0.1115719527
0.1119797304
0.1123959124
0.1128208786
0.1132550612
0.1136988923
0.1141528636
0.1146174967
0.1150933504
0.1155810282
0.1160811856
0.1165945381
0.1171218604
0.1176639944
0.1182218716
0.1187964901
0.1193889827
0.1200005561
0.1206325814
0.1212865636
0.1219641715
0.1226672903
0.1233980209
0.12415874
0.1249521226
0.1257812381
0.1266495883
0.1275612116
0.128520757
0.1295336932
0.130606398
0.131746456
0.1329628974
0.1342666298
0.135670945
0.1371921599
0.1388506144
0.1406719983
0.1426890939
0.1449443549
0.147493571
0.1504108459
0.153795734
0.1577823758
0.162550658
0.1683360189
0.1754311323
0.1841681749
0.1948738396
0.2077932507
0.2229936421
0.2402928323
0.2592688799
0.2793616951
0.3000095487
0.3207484484
0.3412458003
0.3612866104
0.3807419837
0.3995392025
0.4176396728
0.4350248277
