508
0
507
0.3113898337
0.4101712704
0.4909214973
0.55420959
0.6019884348
0.6363970041
0.6595987082
0.6734575033
0.6793276072
0.6779381037
0.6687677503
0.6508530974
0.6247719526
0.593059957
0.5590627789
0.5250051022
0.4920118451
0.4605934918
0.4309541583
0.4031452239
0.3771404326
0.3528736532
0.3302587271
0.3092005849
0.289601326
0.2713639438
0.2543942928
0.2386026233
0.2239039391
0.2102184445
0.1974716336
0.1855942011
0.1745218188
0.1641949266
0.1545585394
0.1455618441
0.1371580064
0.1293037981
0.121959433
0.115088217
0.1086563319
0.102632612
0.09698830545
0.09169691056
0.08673395962
0.0820768699
0.07770477235
0.07359839231
0.06973990798
0.06611281633
0.06270186603
0.05949290469
0.0564728342
0.05362949148
0.05095160753
0.04842871428
0.046051085
0.04380967841
0.04169609025
0.03970250115
0.03782162443
0.03604668006
0.03437134251
0.03278971836
0.03129630536
0.02988597192
0.02855391987
0.02729566954
0.02610702813
0.02498408221
0.02392316237
0.02292083576
0.02197388932
0.02107930928
0.02023427188
0.01943612471
0.01868238673
0.01797072217
0.01729893871
0.01666497998
0.01606690884
0.0155029064
0.01497126091
0.01447036117
0.01399869006
0.01355481986
0.01313740481
0.01274517551
0.01237693615
0.01203155704
0.0117079746
0.01140518207
0.01112222951
0.01085822005
0.01061230619
0.01038368512
0.01017159782
0.009975326248
0.009794192389
0.009627549909
0.009474791586
0.009335337207
0.009208640084
0.009094178677
0.008991461247
0.008900018409
0.008819405921
0.008749200031
0.008689000271
0.008638422936
0.008597105742
0.008564702235
0.00854088366
0.008525336161
0.008517759852
0.008517869748
0.008525394835
0.008540075272
0.008561662398
0.008589920588
0.008624624461
0.008665556088
0.008712509647
0.008765286766
0.008823699318
0.008887563832
0.008956708945
0.009030966088
0.009110175073
0.009194184095
0.009282845072
0.009376016445
0.009473561309
0.00957535021
0.009681256488
0.009791159071
0.009904941544
0.01002249122
0.01014370006
0.01026846282
0.01039667893
0.01052825153
0.01066308562
0.01080109086
0.01094217971
0.01108626649
0.01123326924
0.01138310786
0.01153570507
0.01169098727
0.01184888091
0.01200931519
0.01217222307
0.01233753841
0.0125051951
0.0126751326
0.01284728851
0.01302160416
0.01319802273
0.01337648835
0.01355694514
0.01373934187
0.01392362453
0.01410974562
0.01429765392
0.01448730193
0.01467864309
0.01487163268
0.01506622508
0.01526237745
0.01546004694
0.01565919258
0.01585977525
0.01606175117
0.01626508683
0.01646974124
0.01667567901
0.0168828629
0.0170912575
0.01730083115
0.01751154475
0.01772337034
0.01793627255
0.01815021969
0.01836518385
0.01858112961
0.01879803278
0.01901585981
0.01923458464
0.01945417747
0.01967461407
0.01989586465
0.02011790313
0.02034070529
0.02056424506
0.02078849822
0.02101344243
0.02123904973
0.02146530151
0.02169217169
0.02191963978
0.02214768343
0.02237628214
0.02260541543
0.02283506095
0.02306520008
0.02329581231
0.02352688089
0.02375838533
0.02399030514
0.02422262728
0.02445533127
0.02468840033
0.02492181584
0.02515556663
0.02538963035
0.02562399581
0.02585864626
0.02609356679
0.0263287425
0.0265641585
0.0267998036
0.02703566104
0.02727171965
0.02750796452
0.02774438448
0.02798096649
0.02821769938
0.02845457196
0.02869157121
0.02892868593
0.02916590683
0.02940322272
0.0296406243
0.02987809852
0.03011563979
0.03035323508
0.03059087694
0.03082855791
0.03106626682
0.03130399808
0.03154173866
0.03177948669
0.03201723099
0.03225496784
0.03249268606
0.03273038194
0.03296804428
0.03320566937
0.03344325349
0.03368078917
0.0339182727
0.03415569291
0.03439304605
0.03463033214
0.03486754373
0.03510467336
0.03534172103
0.03557868302
0.03581554815
0.03605232015
0.0362889953
0.03652556241
0.03676202893
0.0369983837
0.03723462671
0.03747075796
0.03770677
0.03794266656
0.03817844018
0.0384140946
0.03864962235
0.03888502344
0.03912029788
0.03935544565
0.03959046304
0.03982535377
0.04006011039
0.04029473662
0.04052923247
0.04076359421
0.04099782556
0.04123192653
0.04146589711
0.04169973731
0.0419334434
0.04216702282
0.04240047559
0.04263379797
0.04286699742
0.04310007021
0.04333302006
0.04356584698
0.04379855469
0.04403114691
0.04426361993
0.04449598119
0.04472823068
0.04496036842
0.04519240186
0.0454243347
0.04565616325
0.04588789493
0.04611953348
0.0463510789
0.04658253863
0.04681391269
0.04704520479
0.04727642238
0.04750756547
0.04773863778
0.04796965048
0.04820059612
0.04843148962
0.04866233468
0.04889312759
0.04912387952
0.04935459793
0.0495852828
0.04981593788
0.05004657432
0.05027719587
0.05050780624
0.05073841289
0.05096901953
0.05119963363
0.05143026263
0.05166091025
0.05189158767
0.0521222949
0.05235303938
0.05258383602
0.05281468108
0.05304558948
0.05327656493
0.05350761488
0.05373874679
0.05396997184
0.05420129374
0.05443271995
0.05466426536
0.05489592999
0.05512772873
0.0553596653
0.05559175089
0.05582399666
0.05605640635
0.05628899485
0.05652176961
0.05675473809
0.05698791146
0.05722130463
0.05745492131
0.05768877268
0.05792287365
0.05815723166
0.05839186162
0.05862676725
0.05886196718
0.05909747258
0.0593332909
0.05956943706
0.05980592594
0.06004276872
0.06027997658
0.06051756069
0.06075554341
0.06099392846
0.06123273447
0.06147198007
0.06171167269
0.06195182726
0.06219246611
0.06243360043
0.06267524511
0.06291741878
0.06316013634
0.0634034127
0.0636472702
0.0638917312
0.0641367957
0.06438250095
0.06462886184
0.06487589329
0.0651236102
0.06537204981
0.06562121212
0.06587114185
0.06612183899
0.06637334079
0.06662566215
0.06687883288
0.06713287532
0.06738780439
0.06764366478
0.06790046394
0.06815823913
0.06841702014
0.06867682934
0.06893769652
0.06919965148
0.06946273148
0.06972695887
0.0699923709
0.07025900483
0.07052688301
0.07079605013
0.07106655091
0.0713384077
0.07161165774
0.07188636065
0.07216253877
0.07244024426
0.07271952182
0.07300040871
0.07328296453
0.07356722653
0.07385324687
0.07414108515
0.07443078607
0.07472240925
0.07501601428
0.07531166077
0.07560940832
0.07590931654
0.07621146739
0.07651591301
0.07682273537
0.07713200152
0.07744380087
0.07775820792
0.07807530463
0.0783951804
0.07871793211
0.07904364914
0.07937242836
0.07970438898
0.0800396204
0.08037824184
0.08072037995
0.08106615394
0.08141569793
0.08176913857
0.08212663233
0.08248832077
0.08285436779
0.08322494477
0.08360020816
0.08398036659
0.08436559886
0.08475612104
0.08515214175
0.08555390686
0.08596163988
0.08637561649
0.08679611236
0.08722340316
0.08765781671
0.08809968084
0.08854935318
0.08900719881
0.08947363496
0.08994909376
0.0904340446
0.09092898667
0.09143445641
0.09195104241
0.09247937799
0.09302014858
0.09357409179
0.0941420272
0.09472483397
0.09532348812
0.09593904763
0.09657268971
0.09722569585
0.09789951891
0.09859574586
0.0993161574
0.1000627577
0.1008377969
0.1016438305
0.1024837494
0.1033608988
0.1042791083
0.1052428186
0.1062572524
0.1073285416
0.1084640324
0.1096725538
0.1109648868
0.1123543903
0.1138578802
0.1154969409
0.1172999293
0.1193051487
0.1215661168
0.1241607815
0.1272090822
0.13090913
0.1356219947
0.1421057433
0.1523279548
0.1730940044
0.2276652306
0.3255205154
0.4220032692
0.5003021955
