0 0 
2 0.00278154 
4 0.00620826 
6 0.0104161 
8 0.0155572 
10 0.021798 
12 0.0293149 
14 0.0382875 
16 0.0488895 
18 0.0612762 
20 0.0755694 
22 0.0918403 
24 0.110091 
26 0.130236 
28 0.152085 
30 0.175338 
32 0.19957 
34 0.22425 
36 0.248744 
38 0.272351 
40 0.294332 
42 0.313955 
44 0.330536 
46 0.343486 
48 0.352343 
50 0.356806 
52 0.356748 
54 0.352228 
56 0.343479 
58 0.330896 
60 0.315007 
62 0.296437 
64 0.275869 
66 0.254004 
68 0.231519 
70 0.209035 
72 0.187093 
74 0.166134 
76 0.146494 
78 0.128406 
80 0.112003 
82 0.0973364 
84 0.0843895 
86 0.0730918 
88 0.063336 
90 0.0549913 
92 0.0479152 
94 0.0419623 
96 0.0369913 
98 0.03287 
100 0.0294774 
102 0.0267059 
104 0.0244615 
106 0.0226634 
108 0.0212434 
110 0.0201445 
112 0.01932 
114 0.0187323 
116 0.0183515 
118 0.0181548 
120 0.0181253 
122 0.0182515 
124 0.0185267 
126 0.0189487 
128 0.0195194 
130 0.0202452 
132 0.0211363 
134 0.0222081 
136 0.0234808 
138 0.0249805 
140 0.0267403 
142 0.0288014 
144 0.0312151 
146 0.0340447 
148 0.0373688 
150 0.0412842 
152 0.0459115 
154 0.0514 
156 0.057936 
158 0.0657517 
160 0.0751372 
162 0.086456 
164 0.100164 
166 0.116831 
168 0.137173 
170 0.162086 
172 0.192683 
174 0.230343 
176 0.276758 
178 0.333961 
180 0.404344 
182 0.490593 
184 0.595526 
186 0.72172 
188 0.87089 
190 1.04299 
192 1.23526 
194 1.44166 
196 1.65339 
198 1.86043 
200 2.05389 
202 2.22757 
204 2.37856 
206 2.50668 
208 2.61357 
210 2.70173 
212 2.77394 
214 2.83286 
216 2.88087 
218 2.92 
220 2.95191 
222 2.97799 
224 2.99935 
226 3.01688 
228 3.0313 
230 3.04317 
232 3.05294 
234 3.06098 
236 3.06757 
238 3.07294 
240 3.07725 
242 3.08065 
244 3.08323 
246 3.08506 
248 3.08619 
250 3.08664 
252 3.08641 
254 3.08546 
256 3.08375 
258 3.08119 
260 3.07768 
262 3.07307 
264 3.06717 
266 3.05972 
268 3.05043 
270 3.0389 
272 3.02465 
274 3.0071 
276 2.98551 
278 2.95903 
280 2.92659 
282 2.88698 
284 2.83876 
286 2.78035 
288 2.71007 
290 2.62623 
292 2.52736 
294 2.41252 
296 2.28165 
298 2.13598 
300 1.97832 
302 1.81303 
304 1.64553 
306 1.48157 
308 1.32628 
310 1.18349 
312 1.05551 
314 0.943207 
316 0.846354 
318 0.764026 
320 0.694934 
322 0.637679 
324 0.590907 
326 0.553401 
328 0.524125 
330 0.502241 
332 0.487104 
334 0.478264 
336 0.475457 
338 0.478597 
340 0.487782 
342 0.503294 
344 0.525605 
346 0.555393 
348 0.593546 
350 0.641175 
352 0.699599 
354 0.770311 
356 0.854893 
358 0.95485 
360 1.07134 
362 1.20477 
364 1.35435 
366 1.51763 
368 1.69035 
370 1.86671 
372 2.0402 
374 2.20469 
376 2.35542 
378 2.48944 
380 2.60567 
382 2.70445 
384 2.78708 
386 2.85537 
388 2.91129 
390 2.95678 
392 2.9936 
394 3.0233 
396 3.04723 
398 3.06649 
400 3.082 
402 3.09452 
404 3.10466 
406 3.11289 
408 3.11963 
410 3.12518 
412 3.1298 
414 3.13368 
416 3.137 
418 3.13988 
420 3.14243 
422 3.14473 
424 3.14687 
426 3.14891 
428 3.1509 
430 3.1529 
432 3.15496 
434 3.15713 
436 3.15947 
438 3.16203 
440 3.16488 
442 3.1681 
444 3.17178 
446 3.17602 
448 3.18096 
450 3.18675 
452 3.19359 
454 3.20172 
456 3.21142 
458 3.22307 
460 3.2371 
462 3.25407 
464 3.27464 
466 3.29966 
468 3.33011 
470 3.3672 
472 3.41237 
474 3.46727 
476 3.53377 
478 3.61388 
480 3.70956 
482 3.82251 
484 3.9537 
486 4.10287 
488 4.26802 
490 4.44511 
492 4.62829 
494 4.81069 
496 4.98566 
498 5.14787 
500 5.29391 
502 5.4223 
504 5.53314 
506 5.62753 
508 5.70712 
510 5.77374 
512 5.82918 
514 5.87507 
516 5.91285 
518 5.94372 
520 5.96867 
522 5.98852 
524 6.0039 
526 6.0153 
528 6.02305 
530 6.0274 
532 6.02845 
534 6.02621 
536 6.02057 
538 6.0113 
540 5.99806 
542 5.98034 
544 5.95748 
546 5.92863 
548 5.89272 
550 5.8484 
552 5.7941 
554 5.72794 
556 5.6478 
558 5.55149 
560 5.43694 
562 5.30265 
564 5.14837 
566 4.97573 
568 4.78888 
570 4.59438 
572 4.40036 
574 4.21495 
576 4.0447 
578 3.89369 
580 3.76348 
582 3.65362 
584 3.56242 
586 3.48762 
588 3.42676 
590 3.37752 
592 3.33785 
594 3.30595 
596 3.28035 
598 3.25982 
600 3.24337 
602 3.23021 
604 3.21969 
606 3.21132 
608 3.20469 
610 3.1995 
612 3.19548 
614 3.19247 
616 3.1903 
618 3.18887 
620 3.18811 
622 3.18796 
624 3.1884 
626 3.18941 
628 3.19101 
630 3.19323 
632 3.19613 
634 3.19977 
636 3.20427 
638 3.20976 
640 3.2164 
642 3.22442 
644 3.23409 
646 3.24572 
648 3.25976 
650 3.27671 
652 3.2972 
654 3.32204 
656 3.35216 
658 3.38875 
660 3.43321 
662 3.48716 
664 3.55252 
666 3.63136 
668 3.72582 
670 3.83787 
672 3.96888 
674 4.11904 
676 4.28682 
678 4.46842 
680 4.6579 
682 4.84794 
684 5.03111 
686 5.20129 
688 5.35446 
690 5.48881 
692 5.60437 
694 5.70234 
696 5.78458 
698 5.85316 
700 5.9101 
702 5.95724 
704 5.99621 
706 6.02836 
708 6.05484 
710 6.07659 
712 6.09436 
714 6.10877 
716 6.12029 
718 6.1293 
720 6.1361 
722 6.14088 
724 6.14379 
726 6.14489 
728 6.1442 
730 6.14167 
732 6.13717 
734 6.13052 
736 6.12145 
738 6.10959 
740 6.09445 
742 6.07541 
744 6.05169 
746 6.02228 
748 5.98595 
750 5.94117 
752 5.88612 
754 5.81864 
756 5.73627 
758 5.63643 
760 5.51669 
762 5.37529 
764 5.21196 
766 5.02875 
768 4.83068 
770 4.62557 
772 4.42275 
774 4.2311 
776 4.05729 
778 3.90497 
780 3.77502 
782 3.66633 
784 3.57669 
786 3.50347 
788 3.44402 
790 3.39594 
792 3.35714 
794 3.32587 
796 3.3007 
798 3.28044 
800 3.26417 
802 3.25113 
804 3.24074 
806 3.23253 
808 3.22613 
810 3.22127 
812 3.21772 
814 3.21532 
816 3.21396 
818 3.21358 
820 3.21412 
822 3.21558 
824 3.21799 
826 3.22141 
828 3.22593 
830 3.23168 
832 3.23885 
834 3.24765 
836 3.25838 
838 3.27142 
840 3.28721 
842 3.30633 
844 3.32948 
846 3.35754 
848 3.39156 
850 3.43282 
852 3.48284 
854 3.54341 
856 3.61653 
858 3.70435 
860 3.80897 
862 3.9321 
864 4.0746 
866 4.23581 
868 4.41298 
870 4.60106 
872 4.7931 
874 4.98143 
876 5.15907 
878 5.32094 
880 5.46422 
882 5.58821 
884 5.69371 
886 5.78242 
888 5.85642 
890 5.91782 
892 5.96861 
894 6.01057 
896 6.04521 
898 6.07378 
900 6.09735 
902 6.11678 
904 6.13275 
906 6.14584 
908 6.15648 
910 6.16504 
912 6.17178 
914 6.17693 
916 6.18063 
918 6.18298 
920 6.18405 
922 6.18383 
924 6.1823 
926 6.17937 
928 6.17492 
930 6.16875 
932 6.1606 
934 6.15013 
936 6.13688 
938 6.12029 
940 6.09964 
942 6.074 
944 6.04225 
946 6.00297 
948 5.95444 
950 5.89462 
952 5.82111 
954 5.73129 
956 5.62251 
958 5.49246 
960 5.33994 
962 5.16567 
964 4.97314 
966 4.76898 
968 4.56213 
970 4.36216 
972 4.17714 
974 4.01232 
976 3.86989 
978 3.74958 
980 3.6496 
982 3.56743 
984 3.50038 
986 3.44591 
988 3.40178 
990 3.36609 
992 3.33725 
994 3.314 
996 3.29528 
998 3.28028 
1000 3.26834 
1002 3.25895 
1004 3.25171 
1006 3.24631 
1008 3.24253 
1010 3.24019 
1012 3.23919 
1014 3.23946 
1016 3.241 
1018 3.24382 
1020 3.24799 
1022 3.25365 
1024 3.26094 
1026 3.27012 
1028 3.28147 
1030 3.29538 
1032 3.31233 
1034 3.33292 
1036 3.35789 
1038 3.38816 
1040 3.42484 
1042 3.46928 
1044 3.52306 
1046 3.58803 
1048 3.66623 
1050 3.75979 
1052 3.87073 
1054 4.00052 
1056 4.14958 
1058 4.31663 
1060 4.49817 
1062 4.68844 
1064 4.88011 
1066 5.06557 
1068 5.23837 
1070 5.39413 
1072 5.53078 
1074 5.6482 
1076 5.74755 
1078 5.83072 
1080 5.89985 
1082 5.95705 
1084 6.00427 
1086 6.04322 
1088 6.07533 
1090 6.10182 
1092 6.12368 
1094 6.14174 
1096 6.15665 
1098 6.16894 
1100 6.17905 
1102 6.18732 
1104 6.19402 
1106 6.19936 
1108 6.2035 
1110 6.20656 
1112 6.20862 
1114 6.20973 
1116 6.2099 
1118 6.20912 
1120 6.20732 
1122 6.20443 
1124 6.2003 
1126 6.19475 
1128 6.18755 
1130 6.17836 
1132 6.16678 
1134 6.1523 
1136 6.13424 
1138 6.11179 
1140 6.08389 
1142 6.04927 
1144 6.00633 
1146 5.95318 
1148 5.88757 
1150 5.80696 
1152 5.70868 
1154 5.59022 
1156 5.44977 
1158 5.28703 
1160 5.1041 
1162 4.90606 
1164 4.7008 
1166 4.49769 
1168 4.30559 
1170 4.13111 
1172 3.97787 
1174 3.8467 
1176 3.73654 
1178 3.64522 
1180 3.57017 
1182 3.50884 
1184 3.4589 
1186 3.41834 
1188 3.38546 
1190 3.35888 
1192 3.33749 
1194 3.32037 
1196 3.30683 
1198 3.2963 
1200 3.28836 
1202 3.28269 
1204 3.27904 
1206 3.27726 
1208 3.27727 
1210 3.27902 
1212 3.28257 
1214 3.28799 
1216 3.29545 
1218 3.30519 
1220 3.3175 
1222 3.33281 
1224 3.35162 
1226 3.3746 
1228 3.40254 
1230 3.43644 
1232 3.4775 
1234 3.52716 
1236 3.58711 
1238 3.65925 
1240 3.74563 
1242 3.84832 
1244 3.96903 
1246 4.10871 
1248 4.26695 
1250 4.44133 
1252 4.62722 
1254 4.81799 
1256 5.00611 
1258 5.18449 
1260 5.34775 
1262 5.49275 
1264 5.61847 
1266 5.72552 
1268 5.81548 
1270 5.8904 
1272 5.95242 
1274 6.00359 
1276 6.04574 
1278 6.08044 
1280 6.10902 
1282 6.13258 
1284 6.15204 
1286 6.16814 
1288 6.18148 
1290 6.19253 
1292 6.20171 
1294 6.20932 
1296 6.21561 
1298 6.22079 
1300 6.22501 
1302 6.2284 
1304 6.23105 
1306 6.23304 
1308 6.23439 
1310 6.23515 
1312 6.2353 
1314 6.23484 
1316 6.23373 
1318 6.23189 
1320 6.22924 
1322 6.22564 
1324 6.22093 
1326 6.21488 
1328 6.20722 
1330 6.19757 
1332 6.18548 
1334 6.17036 
1336 6.1515 
1338 6.12796 
1340 6.09864 
1342 6.06214 
1344 6.0168 
1346 5.96065 
1348 5.89143 
1350 5.80672 
1352 5.70409 
1354 5.58151 
1356 5.43793 
1358 5.27403 
1360 5.09287 
1362 4.90015 
1364 4.70367 
1366 4.51186 
1368 4.33215 
1370 4.16972 
1372 4.02715 
1374 3.9048 
1376 3.80151 
1378 3.71535 
1380 3.64406 
1382 3.58545 
1384 3.53753 
1386 3.49856 
1388 3.4671 
1390 3.44197 
1392 3.42221 
1394 3.40709 
1396 3.39603 
1398 3.38861 
1400 3.38454 
1402 3.38365 
1404 3.38589 
1406 3.39128 
1408 3.39999 
1410 3.41228 
1412 3.42852 
1414 3.44923 
1416 3.47509 
1418 3.50694 
1420 3.54581 
1422 3.59295 
1424 3.64985 
1426 3.71817 
1428 3.79976 
1430 3.89647 
1432 4.00991 
1434 4.14111 
1436 4.29001 
1438 4.45488 
1440 4.63201 
1442 4.81578 
1444 4.99936 
1446 5.17589 
1448 5.33969 
1450 5.48697 
1452 5.61602 
1454 5.72678 
1456 5.82041 
1458 5.89866 
1460 5.96355 
1462 6.01708 
1464 6.06112 
1466 6.09728 
1468 6.12697 
1470 6.15137 
1472 6.17145 
1474 6.18802 
1476 6.20174 
1478 6.21313 
1480 6.22263 
1482 6.23059 
1484 6.23729 
1486 6.24296 
1488 6.2478 
1490 6.25195 
1492 6.25554 
1494 6.25868 
1496 6.26144 
1498 6.26391 
1500 6.26615 
1502 6.26821 
1504 6.27015 
1506 6.27201 
1508 6.27383 
1510 6.27568 
1512 6.27759 
1514 6.27962 
1516 6.28184 
1518 0.00114125 
1520 0.00398415 
1522 0.00729531 
1524 0.011213 
1526 0.0159089 
1528 0.0215961 
1530 0.0285422 
1532 0.0370786 
1534 0.0476195 
1536 0.0606787 
1538 0.0768883 
1540 0.0970227 
1542 0.122019 
1544 0.152999 
1546 0.191276 
1548 0.238362 
1550 0.295927 
1552 0.365736 
1554 0.449505 
1556 0.548678 
1558 0.664107 
1560 0.795652 
1562 0.941802 
1564 1.09944 
1566 1.26396 
1568 1.42979 
1570 1.59123 
1572 1.74334 
1574 1.88252 
1576 2.00671 
1578 2.11519 
1580 2.20827 
1582 2.28686 
1584 2.35218 
1586 2.40553 
1588 2.44812 
1590 2.481 
1592 2.50505 
1594 2.52093 
1596 2.52907 
1598 2.52972 
1600 2.52289 
1602 2.50841 
1604 2.4859 
1606 2.45477 
1608 2.41425 
1610 2.36338 
1612 2.30107 
1614 2.22619 
1616 2.13767 
1618 2.03472 
1620 1.9171 
1622 1.78545 
1624 1.64156 
1626 1.48857 
1628 1.33078 
1630 1.17321 
1632 1.02091 
1634 0.878211 
1636 0.748213 
1638 0.63265 
1640 0.531997 
1642 0.445772 
1644 0.372873 
1646 0.311874 
1648 0.261234 
1650 0.219451 
1652 0.185132 
1654 0.157046 
1656 0.134121 
1658 0.115452 
1660 0.10028 
1662 0.0879785 
1664 0.0780341 
1666 0.070029 
1668 0.0636255 
1670 0.0585543 
1672 0.0546014 
1674 0.0515973 
1676 0.0494129 
1678 0.047949 
1680 0.047136 
1682 0.0469257 
1684 0.0472938 
1686 0.0482332 
1688 0.0497586 
1690 0.0519029 
1692 0.0547215 
1694 0.0582926 
1696 0.0627229 
1698 0.0681502 
1700 0.074753 
1702 0.0827576 
1704 0.0924503 
1706 0.104191 
1708 0.118433 
1710 0.135745 
1712 0.156841 
1714 0.182612 
1716 0.214169 
1718 0.252886 
1720 0.300446 
1722 0.358874 
1724 0.430548 
1726 0.518139 
1728 0.62444 
1730 0.751998 
1732 0.902476 
1734 1.07576 
1736 1.26898 
1738 1.47603 
1740 1.68799 
1742 1.89485 
1744 2.08772 
1746 2.2605 
1748 2.41037 
1750 2.53723 
1752 2.64279 
1754 2.72961 
1756 2.80051 
1758 2.85818 
1760 2.90501 
1762 2.94305 
1764 2.97397 
1766 2.99918 
1768 3.01977 
1770 3.03666 
1772 3.05054 
1774 3.06201 
1776 3.07151 
1778 3.07941 
1780 3.086 
1782 3.09151 
1784 3.09612 
1786 3.09999 
1788 3.10323 
1790 3.10593 
1792 3.10817 
1794 3.11001 
1796 3.11149 
1798 3.11263 
1800 3.11348 
1802 3.11402 
1804 3.11427 
1806 3.11423 
1808 3.11386 
1810 3.11314 
1812 3.11203 
1814 3.11047 
1816 3.10839 
1818 3.1057 
1820 3.10226 
1822 3.09794 
1824 3.09254 
1826 3.08585 
1828 3.07759 
1830 3.06742 
1832 3.05497 
1834 3.03978 
1836 3.02131 
1838 2.99898 
1840 2.97213 
1842 2.94006 
1844 2.90205 
1846 2.85739 
1848 2.80548 
1850 2.74586 
1852 2.67833 
1854 2.60303 
1856 2.52056 
1858 2.43202 
1860 2.33901 
1862 2.24359 
1864 2.14814 
1866 2.05516 
1868 1.96708 
1870 1.88608 
1872 1.81398 
1874 1.75221 
1876 1.70179 
1878 1.66343 
1880 1.63755 
1882 1.62445 
1884 1.62425 
1886 1.63702 
1888 1.66272 
1890 1.7012 
1892 1.75213 
1894 1.81492 
1896 1.88862 
1898 1.97186 
1900 2.06283 
1902 2.15926 
1904 2.2586 
1906 2.35813 
1908 2.45525 
1910 2.5477 
1912 2.63367 
1914 2.71193 
1916 2.78181 
1918 2.84316 
1920 2.89621 
1922 2.94148 
1924 2.97966 
1926 3.01155 
1928 3.03795 
1930 3.05964 
1932 3.07737 
1934 3.09178 
1936 3.10346 
1938 3.11289 
1940 3.1205 
1942 3.12665 
1944 3.13163 
1946 3.13567 
1948 3.13897 
1950 3.1417 
1952 3.14397 
1954 3.1459 
1956 3.14757 
1958 3.14904 
1960 3.15037 
1962 3.15161 
1964 3.15279 
1966 3.15396 
1968 3.15515 
1970 3.15638 
1972 3.15768 
1974 3.15909 
1976 3.16063 
1978 3.16234 
1980 3.16425 
1982 3.16642 
1984 3.1689 
1986 3.17175 
1988 3.17504 
1990 3.17886 
1992 3.18334 
1994 3.18861 
1996 3.19482 
1998 3.20221 
2000 3.211 
2002 3.22154 
2004 3.2342 
2006 3.24946 
2008 3.26792 
2010 3.29031 
2012 3.31753 
2014 3.35064 
2016 3.39095 
2018 3.43999 
2020 3.49953 
2022 3.57153 
2024 3.65807 
2026 3.76111 
2028 3.8822 
2030 4.02197 
2032 4.17959 
2034 4.35224 
2036 4.535 
2038 4.72132 
2040 4.90403 
2042 5.0767 
2044 5.23457 
2046 5.37501 
2048 5.49725 
2050 5.60193 
2052 5.69053 
2054 5.76488 
2056 5.82691 
2058 5.87842 
2060 5.92102 
2062 5.9561 
2064 5.98483 
2066 6.00816 
2068 6.02685 
2070 6.04153 
2072 6.05266 
2074 6.0606 
2076 6.06557 
2078 6.06771 
2080 6.06708 
2082 6.06361 
2084 6.05716 
2086 6.04747 
2088 6.03416 
2090 6.01673 
2092 5.9945 
2094 5.96662 
2096 5.93201 
2098 5.88933 
2100 5.83699 
2102 5.77306 
2104 5.69539 
2106 5.60164 
2108 5.48957 
2110 5.3574 
2112 5.20449 
2114 5.03208 
2116 4.84398 
2118 4.64664 
2120 4.44838 
2122 4.25781 
2124 4.08207 
2126 3.92575 
2128 3.79073 
2130 3.67673 
2132 3.58207 
2134 3.50442 
2136 3.44124 
2138 3.39013 
2140 3.34892 
2142 3.31578 
2144 3.28915 
2146 3.26778 
2148 3.25065 
2150 3.23692 
2152 3.22595 
2154 3.21722 
2156 3.2103 
2158 3.20488 
2160 3.20072 
2162 3.19761 
2164 3.19541 
2166 3.19401 
2168 3.19333 
2170 3.19333 
2172 3.19398 
2174 3.19528 
2176 3.19726 
2178 3.19995 
2180 3.20343 
2182 3.20779 
2184 3.21316 
2186 3.21971 
2188 3.22765 
2190 3.23724 
2192 3.24882 
2194 3.26278 
2196 3.27965 
2198 3.30005 
2200 3.32477 
2202 3.35474 
2204 3.39113 
2206 3.43532 
2208 3.48894 
2210 3.55389 
2212 3.63223 
2214 3.72612 
2216 3.83755 
2218 3.96792 
2220 4.11754 
2222 4.28493 
2224 4.46641 
2226 4.65611 
2228 4.84669 
2230 5.03067 
2232 5.20181 
2234 5.35598 
2236 5.49129 
2238 5.60768 
2240 5.70636 
2242 5.78918 
2244 5.85821 
2246 5.91551 
2248 5.96294 
2250 6.00214 
2252 6.03449 
2254 6.06116 
2256 6.08309 
2258 6.10105 
2260 6.11567 
2262 6.12744 
2264 6.13675 
2266 6.1439 
2268 6.14911 
2270 6.15253 
2272 6.15426 
2274 6.15432 
2276 6.15268 
2278 6.14928 
2280 6.14395 
2282 6.13647 
2284 6.12654 
2286 6.11375 
2288 6.09757 
2290 6.07732 
2292 6.05216 
2294 6.021 
2296 5.98253 
2298 5.93512 
2300 5.87683 
2302 5.80538 
2304 5.71823 
2306 5.61278 
2308 5.4867 
2310 5.33856 
2312 5.16866 
2314 4.97991 
2316 4.77826 
2318 4.57223 
2320 4.37129 
2322 4.18387 
2324 4.01579 
2326 3.86982 
2328 3.74611 
2330 3.64314 
2332 3.55848 
2334 3.48945 
2336 3.43346 
2338 3.3882 
2340 3.35167 
2342 3.32222 
2344 3.29849 
2346 3.27941 
2348 3.26409 
2350 3.25183 
2352 3.24209 
2354 3.23444 
2356 3.22854 
2358 3.22414 
2360 3.22103 
2362 3.21907 
2364 3.21818 
2366 3.21829 
2368 3.21938 
2370 3.22147 
2372 3.22459 
2374 3.22884 
2376 3.23434 
2378 3.24126 
2380 3.2498 
2382 3.26026 
2384 3.27299 
2386 3.28844 
2388 3.30715 
2390 3.32981 
2392 3.35728 
2394 3.39057 
2396 3.43093 
2398 3.47987 
2400 3.53911 
2402 3.61065 
2404 3.69661 
2406 3.79912 
2408 3.91996 
2410 4.06013 
2412 4.2192 
2414 4.39469 
2416 4.58184 
2418 4.77389 
2420 4.96315 
2422 5.1425 
2424 5.30655 
2426 5.45222 
2428 5.57856 
2430 5.68623 
2432 5.77685 
2434 5.85247 
2436 5.91524 
2438 5.96716 
2440 6.01004 
2442 6.04544 
2444 6.07464 
2446 6.09873 
2448 6.1186 
2450 6.13496 
2452 6.14839 
2454 6.15936 
2456 6.16823 
2458 6.1753 
2460 6.18078 
2462 6.18484 
2464 6.18759 
2466 6.18911 
2468 6.18942 
2470 6.18851 
2472 6.18632 
2474 6.18274 
2476 6.17761 
2478 6.17072 
2480 6.16177 
2482 6.15038 
2484 6.13606 
2486 6.11818 
2488 6.09594 
2490 6.06836 
2492 6.0342 
2494 5.99194 
2496 5.93974 
2498 5.87541 
2500 5.79645 
2502 5.7002 
2504 5.58405 
2506 5.44601 
2508 5.28547 
2510 5.10406 
2512 4.90645 
2514 4.70024 
2516 4.49485 
2518 4.2995 
2520 4.12135 
2522 3.9645 
2524 3.83014 
2526 3.71735 
2528 3.624 
2530 3.54746 
2532 3.48508 
2534 3.43444 
2536 3.39341 
2538 3.36022 
2540 3.33341 
2542 3.3118 
2544 3.29443 
2546 3.28056 
2548 3.26958 
2550 3.26102 
2552 3.25453 
2554 3.24984 
2556 3.24674 
2558 3.2451 
2560 3.24482 
2562 3.24588 
2564 3.24829 
2566 3.25209 
2568 3.2574 
2570 3.26438 
2572 3.27323 
2574 3.28426 
2576 3.29782 
2578 3.31439 
2580 3.33453 
2582 3.35898 
2584 3.38863 
2586 3.42456 
2588 3.46808 
2590 3.52074 
2592 3.58436 
2594 3.66094 
2596 3.75262 
2598 3.86143 
2600 3.98893 
2602 4.13571 
2604 4.30069 
2606 4.48068 
2608 4.67017 
2610 4.86198 
2612 5.04845 
2614 5.22294 
2616 5.3808 
2618 5.51969 
2620 5.63927 
2622 5.7406 
2624 5.8255 
2626 5.8961 
2628 5.95453 
2630 6.00276 
2632 6.04253 
2634 6.07531 
2636 6.10235 
2638 6.12466 
2640 6.14309 
2642 6.15832 
2644 6.1709 
2646 6.18126 
2648 6.18977 
2650 6.19671 
2652 6.20229 
2654 6.20668 
2656 6.21002 
2658 6.2124 
2660 6.21387 
2662 6.21446 
2664 6.21417 
2666 6.21296 
2668 6.21076 
2670 6.20747 
2672 6.20293 
2674 6.19695 
2676 6.18926 
2678 6.1795 
2680 6.16726 
2682 6.15196 
2684 6.1329 
2686 6.10919 
2688 6.07973 
2690 6.04315 
2692 5.99779 
2694 5.94163 
2696 5.87236 
2698 5.7874 
2700 5.68408 
2702 5.56005 
2704 5.41386 
2706 5.24579 
2708 5.05873 
2710 4.85857 
2712 4.65371 
2714 4.4535 
2716 4.26625 
2718 4.09773 
2720 3.95074 
2722 3.82553 
2724 3.72069 
2726 3.63391 
2728 3.56265 
2730 3.50442 
2732 3.457 
2734 3.41848 
2736 3.38726 
2738 3.36207 
2740 3.34183 
2742 3.32572 
2744 3.31308 
2746 3.30341 
2748 3.2963 
2750 3.29147 
2752 3.28872 
2754 3.28792 
2756 3.28902 
2758 3.29203 
2760 3.29702 
2762 3.30414 
2764 3.31361 
2766 3.32572 
2768 3.34087 
2770 3.35957 
2772 3.38246 
2774 3.41034 
2776 3.44419 
2778 3.48519 
2780 3.53477 
2782 3.59461 
2784 3.66657 
2786 3.75271 
2788 3.85506 
2790 3.97532 
2792 4.11445 
2794 4.27204 
2796 4.44576 
2798 4.631 
2800 4.82125 
2802 5.00899 
2804 5.18718 
2806 5.35041 
2808 5.49548 
2810 5.62134 
2812 5.72855 
2814 5.81866 
2816 5.89371 
2818 5.95583 
2820 6.00708 
2822 6.04927 
2824 6.08398 
2826 6.11257 
2828 6.13613 
2830 6.15559 
2832 6.17168 
2834 6.18502 
2836 6.19609 
2838 6.20529 
2840 6.21294 
2842 6.2193 
2844 6.22456 
2846 6.2289 
2848 6.23244 
2850 6.23528 
2852 6.2375 
2854 6.23915 
2856 6.24026 
2858 6.24084 
2860 6.24091 
2862 6.24043 
2864 6.23937 
2866 6.23766 
2868 6.23521 
2870 6.23191 
2872 6.22758 
2874 6.22203 
2876 6.21499 
2878 6.20612 
2880 6.195 
2882 6.18107 
2884 6.16366 
2886 6.14193 
2888 6.11482 
2890 6.08106 
2892 6.03909 
2894 5.98709 
2896 5.92296 
2898 5.84441 
2900 5.74912 
2902 5.63503 
2904 5.50087 
2906 5.34677 
2908 5.17497 
2910 4.99011 
2912 4.79903 
2914 4.60962 
2916 4.42938 
2918 4.26405 
2920 4.117 
2922 3.98936 
2924 3.88059 
2926 3.78916 
2928 3.71307 
2930 3.65025 
2932 3.59876 
2934 3.55685 
2936 3.52309 
2938 3.49625 
2940 3.47537 
2942 3.4597 
2944 3.44866 
2946 3.44184 
2948 3.43899 
2950 3.43996 
2952 3.44476 
2954 3.45351 
2956 3.46648 
2958 3.48405 
2960 3.50677 
2962 3.53535 
2964 3.57069 
2966 3.61388 
2968 3.66624 
2970 3.72928 
2972 3.80469 
2974 3.8942 
2976 3.99946 
2978 4.12165 
2980 4.26113 
2982 4.4169 
2984 4.58615 
2986 4.76423 
2988 4.94498 
2990 5.12171 
2992 5.28838 
2994 5.44047 
2996 5.57543 
2998 5.69248 
3000 5.79221 
3002 5.87606 
3004 5.94589 
3006 6.00365 
3008 6.05122 
3010 6.0903 
3012 6.12236 
3014 6.14867 
3016 6.17028 
3018 6.18808 
3020 6.20276 
3022 6.21492 
3024 6.22504 
3026 6.2335 
3028 6.24061 
3030 6.24662 
3032 6.25176 
3034 6.25617 
3036 6.26002 
3038 6.2634 
3040 6.26642 
3042 6.26916 
3044 6.27169 
3046 6.27409 
3048 6.2764 
3050 6.2787 
3052 6.28104 
3054 0.00029885 
3056 0.00291955 
3058 0.00579774 
3060 0.00902592 
3062 0.0127176 
3064 0.0170101 
3066 0.0220722 
3068 0.0281137 
3070 0.035395 
3072 0.0442423 
3074 0.0550646 
3076 0.0683731 
3078 0.0848068 
3080 0.10516 
3082 0.130415 
3084 0.161776 
3086 0.200699 
3088 0.248919 
3090 0.308443 
3092 0.381513 
3094 0.470473 
3096 0.577522 
3098 0.704303 
3100 0.851308 
3102 1.0172 
3104 1.1983 
3106 1.38858 
3108 1.58043 
3110 1.76607 
3112 1.93896 
3114 2.09478 
3116 2.23156 
3118 2.34922 
3120 2.44894 
3122 2.53256 
3124 2.60213 
3126 2.65966 
3128 2.70695 
3130 2.74557 
3132 2.77683 
3134 2.80179 
3136 2.82131 
3138 2.83604 
3140 2.84648 
3142 2.85297 
3144 2.85572 
3146 2.8548 
3148 2.85019 
3150 2.84171 
3152 2.82909 
3154 2.81189 
3156 2.78953 
3158 2.76125 
3160 2.72612 
3162 2.68298 
3164 2.63046 
3166 2.56697 
3168 2.4908 
3170 2.40014 
3172 2.29336 
3174 2.16933 
3176 2.02785 
3178 1.87018 
3180 1.69947 
3182 1.52074 
3184 1.3404 
3186 1.16516 
3188 1.00094 
3190 0.851943 
3192 0.720396 
3194 0.606777 
3196 0.510288 
3198 0.429373 
3200 0.362141 
3202 0.30664 
3204 0.261032 
3206 0.223673 
3208 0.193143 
3210 0.168241 
3212 0.147969 
3214 0.131509 
3216 0.118194 
3218 0.107487 
3220 0.0989584 
3222 0.0922664 
3224 0.0871442 
3226 0.0833877 
3228 0.0808433 
3230 0.0794042 
3232 0.0790008 
3234 0.0796026 
3236 0.0812114 
3238 0.0838655 
3240 0.0876373 
3242 0.0926431 
3244 0.0990394 
3246 0.10704 
3248 0.116921 
3250 0.129035 
3252 0.143833 
3254 0.161878 
3256 0.183885 
3258 0.210742 
3260 0.243558 
3262 0.283701 
3264 0.332843 
3266 0.392989 
3268 0.466482 
3270 0.555941 
3272 0.664075 
3274 0.793307 
3276 0.945129 
3278 1.11923 
3280 1.31255 
3282 1.51886 
3284 1.72929 
3286 1.93399 
3288 2.12434 
3290 2.29451 
3292 2.44185 
3294 2.56637 
3296 2.66982 
3298 2.75474 
3300 2.82394 
3302 2.88009 
3304 2.92555 
3306 2.96237 
3308 2.99221 
3310 3.01645 
3312 3.03619 
3314 3.05234 
3316 3.0656 
3318 3.07655 
3320 3.08563 
3322 3.0932 
3324 3.09957 
3326 3.10495 
3328 3.10955 
3330 3.1135 
3332 3.11694 
3334 3.11996 
3336 3.12265 
3338 3.12509 
3340 3.12734 
3342 3.12946 
3344 3.1315 
3346 3.13351 
3348 3.13554 
3350 3.13765 
3352 3.13989 
3354 3.14235 
3356 3.14508 
3358 3.14819 
3360 3.15179 
3362 3.15601 
3364 3.16101 
3366 3.16699 
3368 3.17419 
3370 3.18291 
3372 3.19351 
3374 3.20642 
3376 3.22215 
3378 3.24132 
3380 3.26466 
3382 3.29299 
3384 3.32726 
3386 3.36848 
3388 3.41774 
3390 3.47614 
3392 3.54467 
3394 3.62411 
3396 3.71484 
3398 3.81668 
3400 3.92871 
3402 4.04917 
3404 4.17545 
3406 4.30432 
3408 4.43221 
3410 4.55563 
3412 4.67153 
3414 4.77755 
3416 4.87207 
3418 4.9542 
3420 5.02357 
3422 5.08023 
3424 5.12442 
3426 5.15647 
3428 5.17666 
3430 5.18522 
3432 5.1822 
3434 5.16753 
3436 5.14098 
3438 5.10219 
3440 5.05077 
3442 4.98632 
3444 4.90862 
3446 4.81778 
3448 4.71445 
3450 4.59996 
3452 4.47652 
3454 4.34713 
3456 4.2154 
3458 4.08521 
3460 3.96023 
3462 3.84349 
3464 3.73718 
3466 3.64249 
3468 3.5598 
3470 3.48876 
3472 3.42859 
3474 3.37822 
3476 3.33646 
3478 3.30213 
3480 3.27409 
3482 3.25132 
3484 3.23292 
3486 3.2181 
3488 3.20621 
3490 3.1967 
3492 3.18911 
3494 3.18308 
3496 3.17831 
3498 3.17455 
3500 3.17162 
3502 3.16937 
3504 3.16766 
3506 3.16642 
3508 3.16558 
3510 3.16506 
3512 3.16485 
3514 3.1649 
3516 3.16521 
3518 3.16577 
3520 3.16657 
3522 3.16763 
3524 3.16896 
3526 3.17058 
3528 3.17254 
3530 3.17488 
3532 3.17765 
3534 3.18094 
3536 3.18482 
3538 3.18942 
3540 3.19488 
3542 3.20136 
3544 3.20909 
3546 3.21833 
3548 3.2294 
3550 3.24272 
3552 3.2588 
3554 3.27824 
3556 3.30181 
3558 3.33045 
3560 3.36528 
3562 3.40766 
3564 3.45918 
3566 3.52167 
3568 3.59716 
3570 3.68775 
3572 3.79539 
3574 3.92152 
3576 4.06652 
3578 4.22918 
3580 4.40616 
3582 4.59202 
3584 4.77981 
3586 4.96229 
3588 5.13319 
3590 5.2882 
3592 5.42513 
3594 5.54364 
3596 5.64465 
3598 5.72983 
3600 5.80112 
3602 5.86047 
3604 5.9097 
3606 5.9504 
3608 5.98394 
3610 6.01146 
3612 6.03388 
3614 6.05197 
3616 6.06631 
3618 6.07739 
3620 6.08554 
3622 6.09102 
3624 6.09398 
3626 6.0945 
3628 6.09257 
3630 6.08808 
3632 6.08085 
3634 6.0706 
3636 6.05692 
3638 6.03928 
3640 6.01697 
3642 5.98914 
3644 5.95465 
3646 5.91216 
3648 5.86002 
3650 5.79625 
3652 5.71863 
3654 5.62474 
3656 5.51224 
3658 5.37925 
3660 5.22506 
3662 5.05087 
3664 4.86059 
3666 4.66084 
3668 4.46021 
3670 4.26754 
3672 4.09012 
3674 3.93259 
3676 3.79676 
3678 3.68225 
3680 3.5873 
3682 3.50947 
3684 3.44618 
3686 3.39499 
3688 3.35371 
3690 3.3205 
3692 3.2938 
3694 3.27236 
3696 3.25515 
3698 3.24136 
3700 3.23034 
3702 3.22156 
3704 3.21463 
3706 3.20923 
3708 3.2051 
3710 3.20206 
3712 3.19997 
3714 3.19872 
3716 3.19824 
3718 3.19849 
3720 3.19946 
3722 3.20115 
3724 3.20361 
3726 3.20689 
3728 3.21108 
3730 3.2163 
3732 3.22271 
3734 3.23052 
3736 3.23999 
3738 3.25143 
3740 3.26525 
3742 3.28195 
3744 3.30215 
3746 3.32662 
3748 3.35628 
3750 3.39228 
3752 3.43598 
3754 3.48901 
3756 3.55322 
3758 3.63068 
3760 3.72356 
3762 3.83386 
3764 3.96306 
3766 4.11157 
3768 4.27807 
3770 4.45902 
3772 4.64868 
3774 4.83976 
3776 5.0247 
3778 5.19713 
3780 5.35272 
3782 5.48943 
3784 5.60713 
3786 5.70695 
3788 5.79073 
3790 5.86057 
3792 5.91852 
3794 5.96648 
3796 6.00611 
3798 6.03882 
3800 6.0658 
3802 6.08801 
3804 6.10624 
3806 6.12112 
3808 6.13317 
3810 6.14278 
3812 6.15028 
3814 6.15588 
3816 6.15976 
3818 6.16203 
3820 6.16274 
3822 6.16188 
3824 6.15939 
3826 6.15517 
3828 6.14903 
3830 6.14072 
3832 6.12988 
3834 6.11609 
3836 6.09874 
3838 6.07712 
3840 6.05029 
3842 6.0171 
3844 5.97613 
3846 5.92563 
3848 5.86355 
3850 5.78748 
3852 5.69483 
3854 5.583 
3856 5.44985 
3858 5.29439 
3860 5.11768 
3862 4.92361 
3864 4.7191 
3866 4.51324 
3868 4.31544 
3870 4.13344 
3872 3.97205 
3874 3.83312 
3876 3.71614 
3878 3.6192 
3880 3.53971 
3882 3.47501 
3884 3.42257 
3886 3.38018 
3888 3.34597 
3890 3.31837 
3892 3.29615 
3894 3.27827 
3896 3.26393 
3898 3.2525 
3900 3.24345 
3902 3.2364 
3904 3.23105 
3906 3.22714 
3908 3.22453 
3910 3.22308 
3912 3.22271 
3914 3.22339 
3916 3.22512 
3918 3.22793 
3920 3.23189 
3922 3.23711 
3924 3.24375 
3926 3.25203 
3928 3.2622 
3930 3.27461 
3932 3.2897 
3934 3.30799 
3936 3.33015 
3938 3.35701 
3940 3.38956 
3942 3.42902 
3944 3.47685 
3946 3.53475 
3948 3.60468 
3950 3.68876 
3952 3.7891 
3954 3.90758 
3956 4.04532 
3958 4.20211 
3960 4.37576 
3962 4.56181 
3964 4.75369 
3966 4.94377 
3968 5.12477 
3970 5.29101 
3972 5.43912 
3974 5.5679 
3976 5.67783 
3978 5.77046 
3980 5.84781 
3982 5.91202 
3984 5.96515 
3986 6.00902 
3988 6.04522 
3990 6.07508 
3992 6.09973 
3994 6.12006 
3996 6.13682 
3998 6.1506 
4000 6.16189 
4002 6.17107 
4004 6.17844 
4006 6.18423 
4008 6.18863 
4010 6.19175 
4012 6.19369 
4014 6.19448 
4016 6.19412 
4018 6.19258 
4020 6.18977 
4022 6.18557 
4024 6.17979 
4026 6.17218 
4028 6.16242 
4030 6.15009 
4032 6.13464 
4034 6.1154 
4036 6.09149 
4038 6.06184 
4040 6.02512 
4042 5.97968 
4044 5.92356 
4046 5.85444 
4048 5.76975 
4050 5.66678 
4052 5.5431 
4054 5.3971 
4056 5.22886 
4058 5.04108 
4060 4.83951 
4062 4.63261 
4064 4.42995 
4066 4.24018 
4068 4.06939 
4070 3.92057 
4072 3.79406 
4074 3.68841 
4076 3.60125 
4078 3.52992 
4080 3.47184 
4082 3.4247 
4084 3.38651 
4086 3.35562 
4088 3.33067 
4090 3.31058 
4092 3.29447 
4094 3.28165 
4096 3.27159 
4098 3.26386 
4100 3.25813 
4102 3.25416 
4104 3.25179 
4106 3.2509 
4108 3.25143 
4110 3.25337 
4112 3.25677 
4114 3.26172 
4116 3.26836 
4118 3.2769 
4120 3.2876 
4122 3.30083 
4124 3.31703 
4126 3.33677 
4128 3.36075 
4130 3.38984 
4132 3.42509 
4134 3.46779 
4136 3.51945 
4138 3.58185 
4140 3.65697 
4142 3.74695 
4144 3.85381 
4146 3.9792 
4148 4.12383 
4150 4.28684 
4152 4.46529 
4154 4.65392 
4156 4.8457 
4158 5.03298 
4160 5.20893 
4162 5.36866 
4164 5.50958 
4166 5.63116 
4168 5.73433 
4170 5.82085 
4172 5.89282 
4174 5.9524 
4176 6.00157 
4178 6.04211 
4180 6.07552 
4182 6.10306 
4184 6.12579 
4186 6.14457 
4188 6.16009 
4190 6.17293 
4192 6.18352 
4194 6.19225 
4196 6.19939 
4198 6.20519 
4200 6.20982 
4202 6.21341 
4204 6.21608 
4206 6.21788 
4208 6.21885 
4210 6.219 
4212 6.21832 
4214 6.21676 
4216 6.21422 
4218 6.2106 
4220 6.20573 
4222 6.19938 
4224 6.19129 
4226 6.18106 
4228 6.16825 
4230 6.15225 
4232 6.13233 
4234 6.10754 
4236 6.07672 
4238 6.03844 
4240 5.99096 
4242 5.9322 
4244 5.85978 
4246 5.77109 
4248 5.66354 
4250 5.53493 
4252 5.38419 
4254 5.21214 
4256 5.02235 
4258 4.82132 
4260 4.61772 
4262 4.42073 
4264 4.23808 
4266 4.07484 
4268 3.93314 
4270 3.81282 
4272 3.71225 
4274 3.62907 
4276 3.56077 
4278 3.50494 
4280 3.45946 
4282 3.42252 
4284 3.3926 
4286 3.36849 
4288 3.34921 
4290 3.33396 
4292 3.32213 
4294 3.31326 
4296 3.30698 
4298 3.30305 
4300 3.30129 
4302 3.30162 
4304 3.30401 
4306 3.30853 
4308 3.31529 
4310 3.3245 
4312 3.33646 
4314 3.35154 
4316 3.37026 
4318 3.39324 
4320 3.42128 
4322 3.45534 
4324 3.49663 
4326 3.54654 
4328 3.60674 
4330 3.6791 
4332 3.76563 
4334 3.86834 
4336 3.98889 
4338 4.12819 
4340 4.28579 
4342 4.4593 
4344 4.6441 
4346 4.83369 
4348 5.02063 
4350 5.19794 
4352 5.36028 
4354 5.50452 
4356 5.62963 
4358 5.73619 
4360 5.82573 
4362 5.90029 
4364 5.96199 
4366 6.01287 
4368 6.05474 
4370 6.08918 
4372 6.11752 
4374 6.14088 
4376 6.16016 
4378 6.17611 
4380 6.18933 
4382 6.20031 
4384 6.20946 
4386 6.21708 
4388 6.22344 
4390 6.22874 
4392 6.23315 
4394 6.2368 
4396 6.2398 
4398 6.24222 
4400 6.24412 
4402 6.24555 
4404 6.24653 
4406 6.24708 
4408 6.2472 
4410 6.24686 
4412 6.24604 
4414 6.24467 
4416 6.24268 
4418 6.23998 
4420 6.23641 
4422 6.23182 
4424 6.22597 
4426 6.21857 
4428 6.20927 
4430 6.1976 
4432 6.18299 
4434 6.16472 
4436 6.14191 
4438 6.11347 
4440 6.0781 
4442 6.03422 
4444 5.98005 
4446 5.91357 
4448 5.83264 
4450 5.73523 
4452 5.61972 
4454 5.48537 
4456 5.33294 
4458 5.16513 
4460 4.98677 
4462 4.80434 
4464 4.62499 
4466 4.45518 
4468 4.29973 
4470 4.16141 
4472 4.0411 
4474 3.93828 
4476 3.85162 
4478 3.7794 
4480 3.71983 
4482 3.6712 
4484 3.63204 
4486 3.60108 
4488 3.5773 
4490 3.5599 
4492 3.54827 
4494 3.54202 
4496 3.54089 
4498 3.54483 
4500 3.55392 
4502 3.56841 
4504 3.58871 
4506 3.61543 
4508 3.64934 
4510 3.69142 
4512 3.74285 
4514 3.805 
4516 3.87936 
4518 3.96747 
4520 4.07071 
4522 4.19006 
4524 4.32564 
4526 4.47638 
4528 4.63955 
4530 4.8108 
4532 4.98447 
4534 5.15444 
4536 5.31513 
4538 5.4623 
4540 5.59343 
4542 5.70766 
4544 5.80539 
4546 5.88784 
4548 5.9567 
4550 6.01378 
4552 6.06084 
4554 6.09952 
4556 6.13125 
4558 6.15727 
4560 6.17861 
4562 6.19615 
4564 6.21059 
4566 6.22252 
4568 6.23242 
4570 6.24069 
4572 6.24762 
4574 6.2535 
4576 6.25851 
4578 6.26283 
4580 6.26662 
4582 6.26997 
4584 6.273 
4586 6.27578 
4588 6.27841 
4590 6.28093 
4592 0.000242281 
4594 0.00277524 
4596 0.00540929 
4598 0.00821881 
4600 0.0112858 
4602 0.0147019 
4604 0.0185776 
4606 0.0230446 
4608 0.028267 
4610 0.034441 
4612 0.0418168 
4614 0.0507031 
4616 0.0614834 
4618 0.074646 
4620 0.0907956 
4622 0.110691 
4624 0.135279 
4626 0.16573 
4628 0.203484 
4630 0.250277 
4632 0.30817 
4634 0.379534 
4636 0.466946 
4638 0.572989 
4640 0.699837 
4642 0.848631 
4644 1.01866 
4646 1.20659 
4648 1.40625 
4650 1.60927 
4652 1.80666 
4654 1.9907 
4656 2.15619 
4658 2.30075 
4660 2.4243 
4662 2.5283 
4664 2.61492 
4666 2.68659 
4668 2.74566 
4670 2.7942 
4672 2.83403 
4674 2.86664 
4676 2.89326 
4678 2.91489 
4680 2.93232 
4682 2.94617 
4684 2.95694 
4686 2.965 
4688 2.9706 
4690 2.97394 
4692 2.97511 
4694 2.97413 
4696 2.97097 
4698 2.96549 
4700 2.9575 
4702 2.94669 
4704 2.93268 
4706 2.91495 
4708 2.89284 
4710 2.86554 
4712 2.83204 
4714 2.79112 
4716 2.74132 
4718 2.68095 
4720 2.60811 
4722 2.52077 
4724 2.417 
4726 2.29526 
4728 2.15487 
4730 1.99664 
4732 1.82334 
4734 1.63992 
4736 1.45304 
4738 1.27003 
4740 1.09749 
4742 0.940296 
4744 0.801136 
4746 0.680725 
4748 0.578325 
4750 0.492338 
4752 0.42078 
4754 0.361603 
4756 0.312878 
4758 0.272886 
4760 0.240152 
4762 0.213434 
4764 0.19171 
4766 0.174141 
4768 0.160055 
4770 0.148912 
4772 0.140291 
4774 0.133867 
4776 0.129395 
4778 0.126699 
4780 0.125675 
4782 0.126268 
4784 0.128485 
4786 0.132383 
4788 0.138083 
4790 0.145769 
4792 0.155697 
4794 0.168213 
4796 0.183758 
4798 0.202908 
4800 0.226379 
4802 0.255076 
4804 0.290123 
4806 0.332901 
4808 0.385086 
4810 0.448681 
4812 0.525982 
4814 0.619515 
4816 0.731804 
4818 0.864967 
4820 1.02005 
4822 1.19618 
4824 1.38973 
4826 1.59412 
4828 1.80049 
4830 1.9995 
4832 2.18328 
4834 2.34672 
4836 2.48773 
4838 2.6066 
4840 2.70517 
4842 2.78595 
4844 2.85167 
4846 2.90488 
4848 2.94789 
4850 2.98261 
4852 3.01068 
4854 3.03341 
4856 3.05186 
4858 3.06691 
4860 3.07924 
4862 3.08939 
4864 3.0978 
4866 3.10482 
4868 3.11074 
4870 3.11577 
4872 3.1201 
4874 3.12387 
4876 3.12721 
4878 3.13022 
4880 3.13299 
4882 3.13559 
4884 3.1381 
4886 3.14057 
4888 3.14308 
4890 3.14569 
4892 3.14846 
4894 3.15149 
4896 3.15486 
4898 3.15867 
4900 3.16304 
4902 3.16813 
4904 3.17412 
4906 3.18124 
4908 3.18974 
4910 3.19998 
4912 3.21236 
4914 3.22739 
4916 3.24569 
4918 3.26799 
4920 3.2952 
4922 3.32839 
4924 3.36879 
4926 3.41784 
4928 3.47711 
4930 3.54827 
4932 3.63294 
4934 3.73251 
4936 3.84781 
4938 3.97879 
4940 4.12409 
4942 4.28087 
4944 4.4448 
4946 4.61059 
4948 4.7727 
4950 4.92621 
4952 5.06746 
4954 5.19423 
4956 5.30569 
4958 5.40203 
4960 5.4841 
4962 5.55311 
4964 5.61038 
4966 5.65717 
4968 5.69464 
4970 5.72374 
4972 5.74526 
4974 5.75978 
4976 5.76767 
4978 5.76914 
4980 5.76419 
4982 5.75263 
4984 5.73408 
4986 5.70794 
4988 5.67342 
4990 5.62949 
4992 5.57492 
4994 5.50828 
4996 5.42807 
4998 5.33282 
5000 5.22136 
5002 5.09319 
5004 4.94893 
5006 4.79072 
5008 4.62247 
5010 4.44965 
5012 4.27855 
5014 4.11527 
5016 3.96473 
5018 3.83011 
5020 3.7128 
5022 3.61269 
5024 3.52867 
5026 3.45905 
5028 3.40194 
5030 3.35544 
5032 3.31779 
5034 3.28743 
5036 3.26304 
5038 3.24348 
5040 3.22783 
5042 3.21532 
5044 3.20535 
5046 3.19741 
5048 3.19111 
5050 3.18614 
5052 3.18226 
5054 3.17927 
5056 3.17701 
5058 3.17537 
5060 3.17426 
5062 3.17362 
5064 3.1734 
5066 3.17357 
5068 3.17412 
5070 3.17504 
5072 3.17634 
5074 3.17805 
5076 3.18021 
5078 3.18287 
5080 3.18608 
5082 3.18995 
5084 3.19459 
5086 3.20014 
5088 3.20676 
5090 3.21469 
5092 3.22419 
5094 3.23559 
5096 3.24932 
5098 3.26589 
5100 3.28592 
5102 3.31022 
5104 3.33972 
5106 3.37558 
5108 3.41919 
5110 3.47217 
5112 3.53641 
5114 3.61394 
5116 3.7069 
5118 3.81721 
5120 3.94627 
5122 4.09431 
5124 4.25988 
5126 4.43936 
5128 4.62701 
5130 4.81566 
5132 4.99803 
5134 5.16798 
5136 5.32142 
5138 5.45642 
5140 5.57287 
5142 5.67185 
5144 5.75514 
5146 5.82472 
5148 5.88258 
5150 5.93054 
5152 5.97019 
5154 6.00288 
5156 6.02973 
5158 6.05168 
5160 6.06947 
5162 6.08371 
5164 6.09484 
5166 6.10324 
5168 6.10917 
5170 6.11279 
5172 6.1142 
5174 6.11342 
5176 6.1104 
5178 6.105 
5180 6.097 
5182 6.08608 
5184 6.07181 
5186 6.05362 
5188 6.03078 
5190 6.00237 
5192 5.96724 
5194 5.92397 
5196 5.87083 
5198 5.80581 
5200 5.72658 
5202 5.63067 
5204 5.51567 
5206 5.37975 
5208 5.22229 
5210 5.04479 
5212 4.85151 
5214 4.64952 
5216 4.44771 
5218 4.25499 
5220 4.07849 
5222 3.92253 
5224 3.78859 
5226 3.67603 
5228 3.5829 
5230 3.50668 
5232 3.44475 
5234 3.39467 
5236 3.35429 
5238 3.32179 
5240 3.29565 
5242 3.27464 
5244 3.25777 
5246 3.24425 
5248 3.23345 
5250 3.22487 
5252 3.21811 
5254 3.21288 
5256 3.20893 
5258 3.20608 
5260 3.2042 
5262 3.2032 
5264 3.20302 
5266 3.20362 
5268 3.205 
5270 3.20719 
5272 3.21024 
5274 3.21423 
5276 3.21926 
5278 3.22551 
5280 3.23315 
5282 3.24244 
5284 3.25371 
5286 3.26732 
5288 3.28379 
5290 3.30371 
5292 3.32784 
5294 3.35708 
5296 3.39255 
5298 3.43561 
5300 3.48783 
5302 3.55107 
5304 3.62738 
5306 3.71891 
5308 3.82771 
5310 3.95534 
5312 4.10232 
5314 4.26751 
5316 4.4476 
5318 4.637 
5320 4.8285 
5322 5.01449 
5324 5.18841 
5326 5.34572 
5328 5.48421 
5330 5.60357 
5332 5.70488 
5334 5.78994 
5336 5.86084 
5338 5.91967 
5340 5.96835 
5342 6.00857 
5344 6.04177 
5346 6.06916 
5348 6.09173 
5350 6.11028 
5352 6.12547 
5354 6.13782 
5356 6.14775 
5358 6.15557 
5360 6.16155 
5362 6.16585 
5364 6.16861 
5366 6.16988 
5368 6.16969 
5370 6.168 
5372 6.16473 
5374 6.15973 
5376 6.15278 
5378 6.14361 
5380 6.13183 
5382 6.11694 
5384 6.09832 
5386 6.07515 
5388 6.04644 
5390 6.01094 
5392 5.96711 
5394 5.91309 
5396 5.84669 
5398 5.76541 
5400 5.66661 
5402 5.54776 
5404 5.407 
5406 5.24392 
5408 5.06049 
5410 4.86167 
5412 4.65531 
5414 4.45089 
5416 4.25747 
5418 4.08187 
5420 3.92788 
5422 3.79641 
5424 3.68637 
5426 3.59553 
5428 3.52124 
5430 3.46084 
5432 3.41191 
5434 3.37235 
5436 3.34042 
5438 3.31467 
5440 3.29393 
5442 3.27726 
5444 3.26391 
5446 3.25331 
5448 3.24497 
5450 3.23855 
5452 3.23377 
5454 3.23042 
5456 3.22835 
5458 3.22746 
5460 3.22769 
5462 3.22902 
5464 3.23148 
5466 3.23512 
5468 3.24005 
5470 3.24641 
5472 3.2544 
5474 3.26427 
5476 3.27636 
5478 3.29108 
5480 3.30895 
5482 3.33061 
5484 3.35686 
5486 3.38868 
5488 3.42724 
5490 3.47397 
5492 3.53055 
5494 3.59888 
5496 3.68107 
5498 3.77926 
5500 3.89535 
5502 4.03061 
5504 4.18502 
5506 4.35671 
5508 4.54149 
5510 4.73305 
5512 4.92381 
5514 5.10635 
5516 5.27474 
5518 5.42529 
5520 5.55655 
5522 5.66881 
5524 5.76351 
5526 5.84265 
5528 5.90837 
5530 5.96273 
5532 6.00763 
5534 6.04467 
5536 6.07522 
5538 6.10044 
5540 6.12124 
5542 6.13841 
5544 6.15255 
5546 6.16416 
5548 6.17364 
5550 6.1813 
5552 6.18739 
5554 6.1921 
5556 6.19556 
5558 6.19788 
5560 6.19909 
5562 6.19924 
5564 6.19828 
5566 6.19616 
5568 6.19278 
5570 6.18799 
5572 6.18157 
5574 6.17326 
5576 6.16269 
5578 6.1494 
5580 6.1328 
5582 6.11213 
5584 6.08648 
5586 6.05466 
5588 6.01524 
5590 5.96646 
5592 5.90624 
5594 5.83214 
5596 5.74152 
5598 5.63172 
5600 5.50051 
5602 5.34679 
5604 5.17146 
5606 4.97827 
5608 4.77402 
5610 4.56775 
5612 4.36892 
5614 4.1854 
5616 4.02217 
5618 3.88122 
5620 3.76216 
5622 3.66315 
5624 3.58167 
5626 3.51508 
5628 3.46088 
5630 3.4169 
5632 3.38127 
5634 3.35244 
5636 3.32919 
5638 3.31049 
5640 3.29555 
5642 3.28374 
5644 3.27456 
5646 3.26763 
5648 3.26267 
5650 3.25947 
5652 3.25787 
5654 3.25781 
5656 3.25925 
5658 3.26221 
5660 3.26677 
5662 3.27306 
5664 3.28127 
5666 3.29166 
5668 3.30457 
5670 3.32045 
5672 3.33982 
5674 3.36339 
5676 3.392 
5678 3.42667 
5680 3.46866 
5682 3.51946 
5684 3.58081 
5686 3.65468 
5688 3.74317 
5690 3.84832 
5692 3.97184 
5694 4.11453 
5696 4.27572 
5698 4.4527 
5700 4.64044 
5702 4.83205 
5704 5.01989 
5706 5.19703 
5708 5.35834 
5710 5.50103 
5712 5.62437 
5714 5.72916 
5716 5.81711 
5718 5.89032 
5720 5.95092 
5722 6.00093 
5724 6.04215 
5726 6.07611 
5728 6.1041 
5730 6.1272 
5732 6.14628 
5734 6.16206 
5736 6.17511 
5738 6.18591 
5740 6.19482 
5742 6.20215 
5744 6.20814 
5746 6.21297 
5748 6.2168 
5750 6.21972 
5752 6.22181 
5754 6.22313 
5756 6.22369 
5758 6.22349 
5760 6.2225 
5762 6.22066 
5764 6.21787 
5766 6.21401 
5768 6.20889 
5770 6.2023 
5772 6.19391 
5774 6.18336 
5776 6.17014 
5778 6.15365 
5780 6.1331 
5782 6.10753 
5784 6.07572 
5786 6.03618 
5788 5.98713 
5790 5.92646 
5792 5.85174 
5794 5.76038 
5796 5.64985 
5798 5.51816 
5800 5.36451 
5802 5.1902 
5804 4.99925 
5806 4.79853 
5808 4.59679 
5810 4.40294 
5812 4.22422 
5814 4.06514 
5816 3.92742 
5818 3.81064 
5820 3.71307 
5822 3.63235 
5824 3.56604 
5826 3.5118 
5828 3.46759 
5830 3.43169 
5832 3.40265 
5834 3.37931 
5836 3.36073 
5838 3.34618 
5840 3.33507 
5842 3.32696 
5844 3.32155 
5846 3.31859 
5848 3.31797 
5850 3.31964 
5852 3.32361 
5854 3.32999 
5856 3.33899 
5858 3.35086 
5860 3.36601 
5862 3.38492 
5864 3.40823 
5866 3.43673 
5868 3.4714 
5870 3.51343 
5872 3.56423 
5874 3.62545 
5876 3.69897 
5878 3.78676 
5880 3.89079 
5882 4.01263 
5884 4.15307 
5886 4.31151 
5888 4.48538 
5890 4.66995 
5892 4.85867 
5894 5.04416 
5896 5.21962 
5898 5.37991 
5900 5.52208 
5902 5.64524 
5904 5.75004 
5906 5.83804 
5908 5.91127 
5910 5.97184 
5912 6.02176 
5914 6.06282 
5916 6.09657 
5918 6.12435 
5920 6.14722 
5922 6.1661 
5924 6.18171 
5926 6.19466 
5928 6.20543 
5930 6.21441 
5932 6.22192 
5934 6.2282 
5936 6.23348 
5938 6.2379 
5940 6.24162 
5942 6.24472 
5944 6.2473 
5946 6.24942 
5948 6.25114 
5950 6.25249 
5952 6.25349 
5954 6.25416 
5956 6.25451 
5958 6.25452 
5960 6.25418 
5962 6.25345 
5964 6.25228 
5966 6.2506 
5968 6.24833 
5970 6.24534 
5972 6.24148 
5974 6.23656 
5976 6.23032 
5978 6.22246 
5980 6.21259 
5982 6.20021 
5984 6.18472 
5986 6.16539 
5988 6.14132 
5990 6.11142 
5992 6.07445 
5994 6.02894 
5996 5.97329 
5998 5.90579 
6000 5.82479 
6002 5.72885 
6004 5.61712 
6006 5.48964 
6008 5.34777 
6010 5.19439 
6012 5.03386 
6014 4.8715 
6016 4.71288 
6018 4.56292 
6020 4.42529 
6022 4.30223 
6024 4.19459 
6026 4.10225 
6028 4.02439 
6030 3.9599 
6032 3.90756 
6034 3.8662 
6036 3.8348 
6038 3.81253 
6040 3.79877 
6042 3.79311 
6044 3.79537 
6046 3.80554 
6048 3.82388 
6050 3.8508 
6052 3.88695 
6054 3.93313 
6056 3.99031 
6058 4.05955 
6060 4.14188 
6062 4.23816 
6064 4.34885 
6066 4.47367 
6068 4.61137 
6070 4.75944 
6072 4.91417 
6074 5.07092 
6076 5.22472 
6078 5.37097 
6080 5.50605 
6082 5.62762 
6084 5.73464 
6086 5.82716 
6088 5.90597 
6090 5.97233 
6092 6.0277 
6094 6.0736 
6096 6.11147 
6098 6.14259 
6100 6.16812 
6102 6.18905 
6104 6.2062 
6106 6.22029 
6108 6.23188 
6110 6.24146 
6112 6.2494 
6114 6.25603 
6116 6.26162 
6118 6.26636 
6120 6.27044 
6122 6.27399 
6124 6.27714 
6126 6.27998 
6128 6.2826 
6130 0.00188135 
6132 0.00427125 
6134 0.0066459 
6136 0.00906442 
6138 0.0115897 
6140 0.0142906 
6142 0.0172393 
6144 0.020518 
6146 0.0242259 
6148 0.0284774 
6150 0.0334174 
6152 0.0392139 
6154 0.0460842 
6156 0.0542915 
6158 0.0641677 
6160 0.0761268 
6162 0.0906856 
6164 0.108496 
6166 0.130374 
6168 0.15733 
6170 0.190629 
6172 0.231814 
6174 0.282757 
6176 0.345677 
6178 0.42311 
6180 0.517794 
6182 0.632401 
6184 0.769042 
6186 0.928508 
6188 1.10935 
6190 1.30715 
6192 1.51446 
6194 1.72191 
6196 1.92016 
6198 2.10186 
6200 2.26266 
6202 2.40115 
6204 2.51809 
6206 2.6155 
6208 2.69595 
6210 2.76206 
6212 2.81622 
6214 2.86057 
6216 2.89687 
6218 2.92659 
6220 2.95093 
6222 2.97085 
6224 2.98713 
6226 3.00037 
6228 3.01107 
6230 3.01959 
6232 3.02623 
6234 3.03121 
6236 3.0347 
6238 3.03678 
6240 3.03753 
6242 3.03694 
6244 3.03498 
6246 3.03156 
6248 3.02655 
6250 3.01976 
6252 3.01091 
6254 2.99967 
6256 2.98559 
6258 2.96814 
6260 2.94662 
6262 2.92019 
6264 2.88781 
6266 2.84823 
6268 2.79996 
6270 2.7413 
6272 2.67031 
6274 2.58495 
6276 2.48327 
6278 2.3637 
6280 2.22554 
6282 2.06953 
6284 1.89834 
6286 1.7168 
6288 1.53141 
6290 1.34935 
6292 1.17718 
6294 1.01975 
6296 0.879832 
6298 0.758256 
6300 0.654414 
6302 0.56683 
6304 0.493634 
6306 0.432872 
6308 0.382697 
6310 0.341458 
6312 0.30774 
6314 0.280352 
6316 0.258319 
6318 0.240853 
6320 0.227326 
6322 0.217259 
6324 0.21029 
6326 0.20617 
6328 0.204743 
6330 0.205952 
6332 0.209826 
6334 0.216481 
6336 0.226134 
6338 0.239112 
6340 0.255854 
6342 0.276948 
6344 0.303145 
6346 0.335395 
6348 0.374867 
6350 0.422997 
6352 0.481501 
6354 0.552375 
6356 0.637833 
6358 0.740182 
6360 0.861501 
6362 1.00316 
6364 1.16513 
6366 1.34522 
6368 1.53859 
6370 1.73797 
6372 1.93479 
6374 2.12088 
6376 2.29005 
6378 2.43878 
6380 2.56609 
6382 2.67289 
6384 2.76115 
6386 2.83334 
6388 2.89198 
6390 2.93939 
6392 2.97763 
6394 3.00845 
6396 3.0333 
6398 3.05338 
6400 3.06964 
6402 3.08285 
6404 3.09365 
6406 3.10252 
6408 3.10986 
6410 3.11599 
6412 3.12115 
6414 3.12556 
6416 3.12938 
6418 3.13273 
6420 3.13574 
6422 3.13849 
6424 3.14107 
6426 3.14355 
6428 3.146 
6430 3.14848 
6432 3.15105 
6434 3.15378 
6436 3.15674 
6438 3.16003 
6440 3.16372 
6442 3.16794 
6444 3.17282 
6446 3.17852 
6448 3.18524 
6450 3.19322 
6452 3.20276 
6454 3.21422 
6456 3.22807 
6458 3.24485 
6460 3.26524 
6462 3.29008 
6464 3.32036 
6466 3.35728 
6468 3.40224 
6470 3.45686 
6472 3.52292 
6474 3.60231 
6476 3.69684 
6478 3.808 
6480 3.93654 
6482 4.08203 
6484 4.24239 
6486 4.41372 
6488 4.5905 
6490 4.7664 
6492 4.9353 
6494 5.09225 
6496 5.23405 
6498 5.35923 
6500 5.46775 
6502 5.56051 
6504 5.63893 
6506 5.70464 
6508 5.75926 
6510 5.80427 
6512 5.84097 
6514 5.87045 
6516 5.89361 
6518 5.91114 
6520 5.92357 
6522 5.93127 
6524 5.93446 
6526 5.9332 
6528 5.92741 
6530 5.91688 
6532 5.90121 
6534 5.87985 
6536 5.85206 
6538 5.81686 
6540 5.77306 
6542 5.71922 
6544 5.65365 
6546 5.57448 
6548 5.47979 
6550 5.36781 
6552 5.23737 
6554 5.0884 
6556 4.92257 
6558 4.7437 
6560 4.55772 
6562 4.37195 
6564 4.19376 
6566 4.02924 
6568 3.88236 
6570 3.75485 
6572 3.64658 
6574 3.5562 
6576 3.48172 
6578 3.4209 
6580 3.37158 
6582 3.33177 
6584 3.29974 
6586 3.27404 
6588 3.25343 
6590 3.23694 
6592 3.22376 
6594 3.21323 
6596 3.20485 
6598 3.1982 
6600 3.19297 
6602 3.18888 
6604 3.18576 
6606 3.18344 
6608 3.18181 
6610 3.18077 
6612 3.18028 
6614 3.18028 
6616 3.18076 
6618 3.18171 
6620 3.18314 
6622 3.18508 
6624 3.18757 
6626 3.19067 
6628 3.19447 
6630 3.19908 
6632 3.20463 
6634 3.21131 
6636 3.21932 
6638 3.22895 
6640 3.24052 
6642 3.25446 
6644 3.27129 
6646 3.29165 
6648 3.31632 
6650 3.34626 
6652 3.38265 
6654 3.42687 
6656 3.48058 
6658 3.54566 
6660 3.62419 
6662 3.7183 
6664 3.82992 
6666 3.96042 
6668 4.10999 
6670 4.27707 
6672 4.45791 
6674 4.64661 
6676 4.83592 
6678 5.01848 
6680 5.18822 
6682 5.34111 
6684 5.47536 
6686 5.59094 
6688 5.68903 
6690 5.77146 
6692 5.84025 
6694 5.89741 
6696 5.94475 
6698 5.98389 
6700 6.01618 
6702 6.04273 
6704 6.06449 
6706 6.0822 
6708 6.09646 
6710 6.10774 
6712 6.1164 
6714 6.12273 
6716 6.1269 
6718 6.12904 
6720 6.12919 
6722 6.12732 
6724 6.12334 
6726 6.11708 
6728 6.10829 
6730 6.09662 
6732 6.08159 
6734 6.0626 
6736 6.03887 
6738 6.00943 
6740 5.97306 
6742 5.92827 
6744 5.87326 
6746 5.80591 
6748 5.72381 
6750 5.62444 
6752 5.50539 
6754 5.36495 
6756 5.20281 
6758 5.02095 
6760 4.82426 
6762 4.62035 
6764 4.41844 
6766 4.22732 
6768 4.05369 
6770 3.90131 
6772 3.77115 
6774 3.66219 
6776 3.57228 
6778 3.49883 
6780 3.43921 
6782 3.39101 
6784 3.35215 
6786 3.32085 
6788 3.29567 
6790 3.27542 
6792 3.25916 
6794 3.24613 
6796 3.23574 
6798 3.2275 
6800 3.22105 
6802 3.21611 
6804 3.21243 
6806 3.20987 
6808 3.2083 
6810 3.20764 
6812 3.20784 
6814 3.20887 
6816 3.21077 
6818 3.21356 
6820 3.21731 
6822 3.22213 
6824 3.22817 
6826 3.23562 
6828 3.24471 
6830 3.25576 
6832 3.26913 
6834 3.28532 
6836 3.3049 
6838 3.32861 
6840 3.35735 
6842 3.39221 
6844 3.4345 
6846 3.48579 
6848 3.54789 
6850 3.62285 
6852 3.71281 
6854 3.81984 
6856 3.94559 
6858 4.0907 
6860 4.25426 
6862 4.43319 
6864 4.62213 
6866 4.81394 
6868 5.001 
6870 5.17655 
6872 5.33582 
6874 5.47633 
6876 5.59764 
6878 5.70071 
6880 5.78728 
6882 5.85947 
6884 5.91936 
6886 5.96892 
6888 6.00986 
6890 6.04366 
6892 6.07154 
6894 6.09453 
6896 6.11345 
6898 6.12898 
6900 6.14164 
6902 6.15189 
6904 6.16004 
6906 6.16637 
6908 6.17106 
6910 6.17425 
6912 6.17603 
6914 6.17643 
6916 6.17543 
6918 6.17299 
6920 6.16897 
6922 6.16321 
6924 6.15546 
6926 6.14541 
6928 6.13262 
6930 6.11656 
6932 6.09653 
6934 6.07166 
6936 6.04085 
6938 6.00276 
6940 5.95573 
6942 5.89778 
6944 5.82658 
6946 5.73955 
6948 5.63403 
6950 5.50764 
6952 5.35892 
6954 5.1882 
6956 4.99846 
6958 4.79578 
6960 4.58881 
6962 4.38714 
6964 4.19921 
6966 4.03083 
6968 3.88467 
6970 3.76083 
6972 3.65773 
6974 3.5729 
6976 3.50366 
6978 3.44742 
6980 3.40187 
6982 3.36505 
6984 3.33532 
6986 3.31135 
6988 3.29204 
6990 3.27655 
6992 3.26419 
6994 3.25441 
6996 3.2468 
6998 3.24103 
7000 3.23686 
7002 3.2341 
7004 3.23262 
7006 3.23235 
7008 3.23325 
7010 3.23533 
7012 3.23863 
7014 3.24324 
7016 3.2493 
7018 3.25699 
7020 3.26655 
7022 3.27832 
7024 3.29267 
7026 3.31012 
7028 3.33129 
7030 3.35695 
7032 3.38805 
7034 3.42574 
7036 3.47141 
7038 3.52669 
7040 3.59347 
7042 3.67382 
7044 3.76988 
7046 3.88362 
7048 4.01639 
7050 4.1684 
7052 4.33803 
7054 4.52142 
7056 4.71249 
7058 4.90376 
7060 5.08772 
7062 5.25818 
7064 5.41113 
7066 5.54484 
7068 5.65944 
7070 5.75624 
7072 5.83719 
7074 5.90444 
7076 5.96009 
7078 6.00603 
7080 6.04392 
7082 6.07518 
7084 6.10097 
7086 6.12226 
7088 6.13983 
7090 6.15432 
7092 6.16624 
7094 6.17601 
7096 6.18395 
7098 6.19033 
7100 6.19532 
7102 6.1991 
7104 6.20176 
7106 6.20337 
7108 6.20396 
7110 6.20353 
7112 6.20203 
7114 6.19939 
7116 6.19548 
7118 6.19013 
7120 6.18311 
7122 6.17411 
7124 6.16273 
7126 6.14847 
7128 6.13069 
7130 6.10858 
7132 6.08114 
7134 6.04709 
7136 6.00489 
7138 5.95269 
7140 5.88826 
7142 5.80909 
7144 5.71251 
7146 5.59593 
7148 5.45743 
7150 5.29649 
7152 5.1149 
7154 4.91745 
7156 4.71181 
7158 4.50736 
7160 4.3132 
7162 4.13628 
7164 3.98053 
7166 3.84705 
7168 3.73488 
7170 3.64191 
7172 3.56554 
7174 3.50317 
7176 3.45244 
7178 3.41125 
7180 3.37789 
7182 3.35091 
7184 3.32917 
7186 3.31174 
7188 3.29788 
7190 3.28702 
7192 3.27869 
7194 3.27258 
7196 3.26841 
7198 3.26601 
7200 3.26527 
7202 3.26613 
7204 3.26861 
7206 3.27275 
7208 3.27867 
7210 3.28655 
7212 3.29664 
7214 3.30926 
7216 3.32485 
7218 3.34392 
7220 3.36715 
7222 3.39536 
7224 3.42957 
7226 3.471 
7228 3.52112 
7230 3.58164 
7232 3.65449 
7234 3.74177 
7236 3.84553 
7238 3.96748 
7240 4.10852 
7242 4.26814 
7244 4.44378 
7246 4.63063 
7248 4.82194 
7250 5.01011 
7252 5.18811 
7254 5.35065 
7256 5.49473 
7258 5.61949 
7260 5.72562 
7262 5.81475 
7264 5.88896 
7266 5.9504 
7268 6.0011 
7270 6.04288 
7272 6.07729 
7274 6.10564 
7276 6.12903 
7278 6.14835 
7280 6.16432 
7282 6.17755 
7284 6.18851 
7286 6.19757 
7288 6.20506 
7290 6.21121 
7292 6.21622 
7294 6.22024 
7296 6.22339 
7298 6.22574 
7300 6.22737 
7302 6.2283 
7304 6.22854 
7306 6.22808 
7308 6.22687 
7310 6.22485 
7312 6.22191 
7314 6.21792 
7316 6.2127 
7318 6.20599 
7320 6.1975 
7322 6.18682 
7324 6.17347 
7326 6.15679 
7328 6.136 
7330 6.11011 
7332 6.07788 
7334 6.03782 
7336 5.9881 
7338 5.92661 
7340 5.85094 
7342 5.75854 
7344 5.64694 
7346 5.5143 
7348 5.36004 
7350 5.18567 
7352 4.99541 
7354 4.79621 
7356 4.5967 
7358 4.40551 
7360 4.22956 
7362 4.07305 
7364 3.93754 
7366 3.82256 
7368 3.72636 
7370 3.64669 
7372 3.58114 
7374 3.52747 
7376 3.48371 
7378 3.44817 
7380 3.41948 
7382 3.3965 
7384 3.37833 
7386 3.36427 
7388 3.35377 
7390 3.34641 
7392 3.34191 
7394 3.34009 
7396 3.34084 
7398 3.34416 
7400 3.35014 
7402 3.35896 
7404 3.37087 
7406 3.38626 
7408 3.40563 
7410 3.42963 
7412 3.45904 
7414 3.49487 
7416 3.53833 
7418 3.59083 
7420 3.65404 
7422 3.72981 
7424 3.82011 
7426 3.92678 
7428 4.05128 
7430 4.19415 
7432 4.35448 
7434 4.52938 
7436 4.71384 
7438 4.9012 
7440 5.0842 
7442 5.25635 
7444 5.41289 
7446 5.55124 
7448 5.67077 
7450 5.77228 
7452 5.8574 
7454 5.92816 
7456 5.98663 
7458 6.03479 
7460 6.07438 
7462 6.10691 
7464 6.13366 
7466 6.15568 
7468 6.17386 
7470 6.18889 
7472 6.20136 
7474 6.21175 
7476 6.22042 
7478 6.22769 
7480 6.2338 
7482 6.23896 
7484 6.24334 
7486 6.24705 
7488 6.25021 
7490 6.25291 
7492 6.25521 
7494 6.25718 
7496 6.25886 
7498 6.26028 
7500 6.26148 
7502 6.26249 
7504 6.2633 
7506 6.26395 
7508 6.26442 
7510 6.26473 
7512 6.26488 
7514 6.26484 
7516 6.2646 
7518 6.26414 
7520 6.26342 
7522 6.26241 
7524 6.26103 
7526 6.25922 
7528 6.25688 
7530 6.2539 
7532 6.25012 
7534 6.24537 
7536 6.23944 
7538 6.23204 
7540 6.22289 
7542 6.21161 
7544 6.19778 
7546 6.18093 
7548 6.16054 
7550 6.13608 
7552 6.10698 
7554 6.0727 
7556 6.03281 
7558 5.98694 
7560 5.93498 
7562 5.87704 
7564 5.81356 
7566 5.74537 
7568 5.67367 
7570 5.6 
7572 5.5262 
7574 5.45426 
7576 5.3862 
7578 5.32395 
7580 5.26922 
7582 5.22346 
7584 5.18778 
7586 5.16303 
7588 5.14972 
7590 5.14813 
7592 5.15829 
7594 5.17996 
7596 5.21266 
7598 5.25563 
7600 5.30784 
7602 5.36795 
7604 5.43432 
7606 5.50515 
7608 5.57848 
7610 5.65234 
7612 5.72488 
7614 5.79452 
7616 5.85995 
7618 5.92025 
7620 5.97486 
7622 6.02353 
7624 6.0663 
7626 6.10342 
7628 6.13528 
7630 6.16236 
7632 6.18519 
7634 6.2043 
7636 6.2202 
7638 6.23337 
7640 6.24423 
7642 6.25318 
7644 6.26054 
7646 6.2666 
7648 6.2716 
7650 6.27575 
7652 6.2792 
7654 6.2821 
7656 0.00139181 
7658 0.00352804 
7660 0.00540678 
7662 0.00709478 
7664 0.00864927 
7666 0.010116 
7668 0.0115408 
7670 0.0129599 
7672 0.0144114 
7674 0.0159277 
7676 0.0175471 
7678 0.0193075 
7680 0.0212511 
7682 0.0234236 
7684 0.0258822 
7686 0.0286898 
7688 0.0319246 
7690 0.0356802 
7692 0.0400709 
7694 0.0452379 
7696 0.0513586 
7698 0.0586447 
7700 0.0673689 
7702 0.0778689 
7704 0.090568 
7706 0.105995 
7708 0.124814 
7710 0.147859 
7712 0.176166 
7714 0.211021 
7716 0.254009 
7718 0.307044 
7720 0.372402 
7722 0.45268 
7724 0.550678 
7726 0.669103 
7728 0.810041 
7730 0.974145 
7732 1.15966 
7734 1.3617 
7736 1.57228 
7738 1.78162 
7740 1.98025 
7742 2.16096 
7744 2.31976 
7746 2.45562 
7748 2.56964 
7750 2.6641 
7752 2.7417 
7754 2.80517 
7756 2.85695 
7758 2.89919 
7760 2.93366 
7762 2.96184 
7764 2.98491 
7766 3.00383 
7768 3.01937 
7770 3.03214 
7772 3.04263 
7774 3.05122 
7776 3.05822 
7778 3.06386 
7780 3.06833 
7782 3.07177 
7784 3.07429 
7786 3.07594 
7788 3.07677 
7790 3.07679 
7792 3.07598 
7794 3.07429 
7796 3.07165 
7798 3.06794 
7800 3.06301 
7802 3.05665 
7804 3.04862 
7806 3.03858 
7808 3.02611 
7810 3.01071 
7812 2.99173 
7814 2.96842 
7816 2.93982 
7818 2.90481 
7820 2.86204 
7822 2.80997 
7824 2.7469 
7826 2.67098 
7828 2.58041 
7830 2.47369 
7832 2.34992 
7834 2.20933 
7836 2.05364 
7838 1.88638 
7840 1.71272 
7842 1.53881 
7844 1.37079 
7846 1.21377 
7848 1.07128 
7850 0.945081 
7852 0.83547 
7854 0.74172 
7856 0.662519 
7858 0.596284 
7860 0.541429 
7862 0.496467 
7864 0.46009 
7866 0.431196 
7868 0.40888 
7870 0.392438 
7872 0.381345 
7874 0.375244 
7876 0.373933 
7878 0.377368 
7880 0.385656 
7882 0.399059 
7884 0.418008 
7886 0.443111 
7888 0.475181 
7890 0.515241 
7892 0.564552 
7894 0.624605 
7896 0.697092 
7898 0.78383 
7900 0.88659 
7902 1.0068 
7904 1.14511 
7906 1.30083 
7908 1.47141 
7910 1.65222 
7912 1.83684 
7914 2.01808 
7916 2.18924 
7918 2.34521 
7920 2.48305 
7922 2.60182 
7924 2.70213 
7926 2.78558 
7928 2.85422 
7930 2.9102 
7932 2.95559 
7934 2.99226 
7936 3.02181 
7938 3.04559 
7940 3.06475 
7942 3.08019 
7944 3.09269 
7946 3.10282 
7948 3.11109 
7950 3.11788 
7952 3.1235 
7954 3.12821 
7956 3.13218 
7958 3.1356 
7960 3.13859 
7962 3.14125 
7964 3.14368 
7966 3.14594 
7968 3.14812 
7970 3.15026 
7972 3.15243 
7974 3.15466 
7976 3.15704 
7978 3.15962 
7980 3.16245 
7982 3.16563 
7984 3.16923 
7986 3.17336 
7988 3.17816 
7990 3.18377 
7992 3.19037 
7994 3.19821 
7996 3.20757 
7998 3.21878 
8000 3.23229 
