0 0 
20 0.00278154 
40 0.00620826 
60 0.0104161 
80 0.0155572 
100 0.021798 
120 0.0293149 
140 0.0382875 
160 0.0488895 
180 0.0612762 
200 0.0755694 
220 0.0918403 
240 0.110091 
260 0.130236 
280 0.152085 
300 0.175338 
320 0.19957 
340 0.22425 
360 0.248744 
380 0.272351 
400 0.294332 
420 0.313955 
440 0.330536 
460 0.343486 
480 0.352343 
500 0.356806 
520 0.356748 
540 0.352228 
560 0.343479 
580 0.330896 
600 0.315007 
620 0.296437 
640 0.275869 
660 0.254004 
680 0.231519 
700 0.209035 
720 0.187093 
740 0.166134 
760 0.146494 
780 0.128406 
800 0.112003 
820 0.0973364 
840 0.0843895 
860 0.0730918 
880 0.063336 
900 0.0549913 
920 0.0479152 
940 0.0419623 
960 0.0369913 
980 0.03287 
1000 0.0294774 
1020 0.0267059 
1040 0.0244615 
1060 0.0226634 
1080 0.0212434 
1100 0.0201445 
1120 0.01932 
1140 0.0187323 
1160 0.0183515 
1180 0.0181548 
1200 0.0181253 
1220 0.0182515 
1240 0.0185267 
1260 0.0189487 
1280 0.0195194 
1300 0.0202452 
1320 0.0211363 
1340 0.0222081 
1360 0.0234808 
1380 0.0249805 
1400 0.0267403 
1420 0.0288014 
1440 0.0312151 
1460 0.0340447 
1480 0.0373688 
1500 0.0412842 
1520 0.0459115 
1540 0.0514 
1560 0.057936 
1580 0.0657517 
1600 0.0751372 
1620 0.086456 
1640 0.100164 
1660 0.116831 
1680 0.137173 
1700 0.162086 
1720 0.192683 
1740 0.230343 
1760 0.276758 
1780 0.333961 
1800 0.404344 
1820 0.490593 
1840 0.595526 
1860 0.72172 
1880 0.87089 
1900 1.04299 
1920 1.23526 
1940 1.44166 
1960 1.65339 
1980 1.86043 
2000 2.05389 
2020 2.22757 
2040 2.37856 
2060 2.50668 
2080 2.61357 
2100 2.70173 
2120 2.77394 
2140 2.83286 
2160 2.88087 
2180 2.92 
2200 2.95191 
2220 2.97799 
2240 2.99935 
2260 3.01688 
2280 3.0313 
2300 3.04317 
2320 3.05294 
2340 3.06098 
2360 3.06757 
2380 3.07294 
2400 3.07725 
2420 3.08065 
2440 3.08323 
2460 3.08506 
2480 3.08619 
2500 3.08664 
2520 3.08641 
2540 3.08546 
2560 3.08375 
2580 3.08119 
2600 3.07768 
2620 3.07307 
2640 3.06717 
2660 3.05972 
2680 3.05043 
2700 3.0389 
2720 3.02465 
2740 3.0071 
2760 2.98551 
2780 2.95903 
2800 2.92659 
2820 2.88698 
2840 2.83876 
2860 2.78035 
2880 2.71007 
2900 2.62623 
2920 2.52736 
2940 2.41252 
2960 2.28165 
2980 2.13598 
3000 1.97832 
3020 1.81303 
3040 1.64553 
3060 1.48157 
3080 1.32628 
3100 1.18349 
3120 1.05551 
3140 0.943207 
3160 0.846354 
3180 0.764026 
3200 0.694934 
3220 0.637679 
3240 0.590907 
3260 0.553401 
3280 0.524125 
3300 0.502241 
3320 0.487104 
3340 0.478264 
3360 0.475457 
3380 0.478597 
3400 0.487782 
3420 0.503294 
3440 0.525605 
3460 0.555393 
3480 0.593546 
3500 0.641175 
3520 0.699599 
3540 0.770311 
3560 0.854893 
3580 0.95485 
3600 1.07134 
3620 1.20477 
3640 1.35435 
3660 1.51763 
3680 1.69035 
3700 1.86671 
3720 2.0402 
3740 2.20469 
3760 2.35542 
3780 2.48944 
3800 2.60567 
3820 2.70445 
3840 2.78708 
3860 2.85537 
3880 2.91129 
3900 2.95678 
3920 2.9936 
3940 3.0233 
3960 3.04723 
3980 3.06649 
4000 3.082 
4020 3.09452 
4040 3.10466 
4060 3.11289 
4080 3.11963 
4100 3.12518 
4120 3.1298 
4140 3.13368 
4160 3.137 
4180 3.13988 
4200 3.14243 
4220 3.14473 
4240 3.14687 
4260 3.14891 
4280 3.1509 
4300 3.1529 
4320 3.15496 
4340 3.15713 
4360 3.15947 
4380 3.16203 
4400 3.16488 
4420 3.1681 
4440 3.17178 
4460 3.17602 
4480 3.18096 
4500 3.18675 
4520 3.19359 
4540 3.20172 
4560 3.21142 
4580 3.22307 
4600 3.2371 
4620 3.25407 
4640 3.27464 
4660 3.29966 
4680 3.33011 
4700 3.3672 
4720 3.41237 
4740 3.46727 
4760 3.53377 
4780 3.61388 
4800 3.70956 
4820 3.82251 
4840 3.9537 
4860 4.10287 
4880 4.26802 
4900 4.44511 
4920 4.62829 
4940 4.81069 
4960 4.98566 
4980 5.14787 
5000 5.29391 
5020 5.4223 
5040 5.53314 
5060 5.62753 
5080 5.70712 
5100 5.77374 
5120 5.82918 
5140 5.87507 
5160 5.91285 
5180 5.94372 
5200 5.96867 
5220 5.98852 
5240 6.0039 
5260 6.0153 
5280 6.02305 
5300 6.0274 
5320 6.02845 
5340 6.02621 
5360 6.02057 
5380 6.0113 
5400 5.99806 
5420 5.98034 
5440 5.95748 
5460 5.92863 
5480 5.89272 
5500 5.8484 
5520 5.7941 
5540 5.72794 
5560 5.6478 
5580 5.55149 
5600 5.43694 
5620 5.30265 
5640 5.14837 
5660 4.97573 
5680 4.78888 
5700 4.59438 
5720 4.40036 
5740 4.21495 
5760 4.0447 
5780 3.89369 
5800 3.76348 
5820 3.65362 
5840 3.56242 
5860 3.48762 
5880 3.42676 
5900 3.37752 
5920 3.33785 
5940 3.30595 
5960 3.28035 
5980 3.25982 
6000 3.24337 
6020 3.23021 
6040 3.21969 
6060 3.21132 
6080 3.20469 
6100 3.1995 
6120 3.19548 
6140 3.19247 
6160 3.1903 
6180 3.18887 
6200 3.18811 
6220 3.18796 
6240 3.1884 
6260 3.18941 
6280 3.19101 
6300 3.19323 
6320 3.19613 
6340 3.19977 
6360 3.20427 
6380 3.20976 
6400 3.2164 
6420 3.22442 
6440 3.23409 
6460 3.24572 
6480 3.25976 
6500 3.27671 
6520 3.2972 
6540 3.32204 
6560 3.35216 
6580 3.38875 
6600 3.43321 
6620 3.48716 
6640 3.55252 
6660 3.63136 
6680 3.72582 
6700 3.83787 
6720 3.96888 
6740 4.11904 
6760 4.28682 
6780 4.46842 
6800 4.6579 
6820 4.84794 
6840 5.03111 
6860 5.20129 
6880 5.35446 
6900 5.48881 
6920 5.60437 
6940 5.70234 
6960 5.78458 
6980 5.85316 
7000 5.9101 
7020 5.95724 
7040 5.99621 
7060 6.02836 
7080 6.05484 
7100 6.07659 
7120 6.09436 
7140 6.10877 
7160 6.12029 
7180 6.1293 
7200 6.1361 
7220 6.14088 
7240 6.14379 
7260 6.14489 
7280 6.1442 
7300 6.14167 
7320 6.13717 
7340 6.13052 
7360 6.12145 
7380 6.10959 
7400 6.09445 
7420 6.07541 
7440 6.05169 
7460 6.02228 
7480 5.98595 
7500 5.94117 
7520 5.88612 
7540 5.81864 
7560 5.73627 
7580 5.63643 
7600 5.51669 
7620 5.37529 
7640 5.21196 
7660 5.02875 
7680 4.83068 
7700 4.62557 
7720 4.42275 
7740 4.2311 
7760 4.05729 
7780 3.90497 
7800 3.77502 
7820 3.66633 
7840 3.57669 
7860 3.50347 
7880 3.44402 
7900 3.39594 
7920 3.35714 
7940 3.32587 
7960 3.3007 
7980 3.28044 
8000 3.26417 
8020 3.25113 
8040 3.24074 
8060 3.23253 
8080 3.22613 
8100 3.22127 
8120 3.21772 
8140 3.21532 
8160 3.21396 
8180 3.21358 
8200 3.21412 
8220 3.21558 
8240 3.21799 
8260 3.22141 
8280 3.22593 
8300 3.23168 
8320 3.23885 
8340 3.24765 
8360 3.25838 
8380 3.27142 
8400 3.28721 
8420 3.30633 
8440 3.32948 
8460 3.35754 
8480 3.39156 
8500 3.43282 
8520 3.48284 
8540 3.54341 
8560 3.61653 
8580 3.70435 
8600 3.80897 
8620 3.9321 
8640 4.0746 
8660 4.23581 
8680 4.41298 
8700 4.60106 
8720 4.7931 
8740 4.98143 
8760 5.15907 
8780 5.32094 
8800 5.46422 
8820 5.58821 
8840 5.69371 
8860 5.78242 
8880 5.85642 
8900 5.91782 
8920 5.96861 
8940 6.01057 
8960 6.04521 
8980 6.07378 
9000 6.09735 
9020 6.11678 
9040 6.13275 
9060 6.14584 
9080 6.15648 
9100 6.16504 
9120 6.17178 
9140 6.17693 
9160 6.18063 
9180 6.18298 
9200 6.18405 
9220 6.18383 
9240 6.1823 
9260 6.17937 
9280 6.17492 
9300 6.16875 
9320 6.1606 
9340 6.15013 
9360 6.13688 
9380 6.12029 
9400 6.09964 
9420 6.074 
9440 6.04225 
9460 6.00297 
9480 5.95444 
9500 5.89462 
9520 5.82111 
9540 5.73129 
9560 5.62251 
9580 5.49246 
9600 5.33994 
9620 5.16567 
9640 4.97314 
9660 4.76898 
9680 4.56213 
9700 4.36216 
9720 4.17714 
9740 4.01232 
9760 3.86989 
9780 3.74958 
9800 3.6496 
9820 3.56743 
9840 3.50038 
9860 3.44591 
9880 3.40178 
9900 3.36609 
9920 3.33725 
9940 3.314 
9960 3.29528 
9980 3.28028 
10000 3.26834 
10020 3.25895 
10040 3.25171 
10060 3.24631 
10080 3.24253 
10100 3.24019 
10120 3.23919 
10140 3.23946 
10160 3.241 
10180 3.24382 
10200 3.24799 
10220 3.25365 
10240 3.26094 
10260 3.27012 
10280 3.28147 
10300 3.29538 
10320 3.31233 
10340 3.33292 
10360 3.35789 
10380 3.38816 
10400 3.42484 
10420 3.46928 
10440 3.52306 
10460 3.58803 
10480 3.66623 
10500 3.75979 
10520 3.87073 
10540 4.00052 
10560 4.14958 
10580 4.31663 
10600 4.49817 
10620 4.68844 
10640 4.88011 
10660 5.06557 
10680 5.23837 
10700 5.39413 
10720 5.53078 
10740 5.6482 
10760 5.74755 
10780 5.83072 
10800 5.89985 
10820 5.95705 
10840 6.00427 
10860 6.04322 
10880 6.07533 
10900 6.10182 
10920 6.12368 
10940 6.14174 
10960 6.15665 
10980 6.16894 
11000 6.17905 
11020 6.18732 
11040 6.19402 
11060 6.19936 
11080 6.2035 
11100 6.20656 
11120 6.20862 
11140 6.20973 
11160 6.2099 
11180 6.20912 
11200 6.20732 
11220 6.20443 
11240 6.2003 
11260 6.19475 
11280 6.18755 
11300 6.17836 
11320 6.16678 
11340 6.1523 
11360 6.13424 
11380 6.11179 
11400 6.08389 
11420 6.04927 
11440 6.00633 
11460 5.95318 
11480 5.88757 
11500 5.80696 
11520 5.70868 
11540 5.59022 
11560 5.44977 
11580 5.28703 
11600 5.1041 
11620 4.90606 
11640 4.7008 
11660 4.49769 
11680 4.30559 
11700 4.13111 
11720 3.97787 
11740 3.8467 
11760 3.73654 
11780 3.64522 
11800 3.57017 
11820 3.50884 
11840 3.4589 
11860 3.41834 
11880 3.38546 
11900 3.35888 
11920 3.33749 
11940 3.32037 
11960 3.30683 
11980 3.2963 
12000 3.28836 
12020 3.28269 
12040 3.27904 
12060 3.27726 
12080 3.27727 
12100 3.27902 
12120 3.28257 
12140 3.28799 
12160 3.29545 
12180 3.30519 
12200 3.3175 
12220 3.33281 
12240 3.35162 
12260 3.3746 
12280 3.40254 
12300 3.43644 
12320 3.4775 
12340 3.52716 
12360 3.58711 
12380 3.65925 
12400 3.74563 
12420 3.84832 
12440 3.96903 
12460 4.10871 
12480 4.26695 
12500 4.44133 
12520 4.62722 
12540 4.81799 
12560 5.00611 
12580 5.18449 
12600 5.34775 
12620 5.49275 
12640 5.61847 
12660 5.72552 
12680 5.81548 
12700 5.8904 
12720 5.95242 
12740 6.00359 
12760 6.04574 
12780 6.08044 
12800 6.10902 
12820 6.13258 
12840 6.15204 
12860 6.16814 
12880 6.18148 
12900 6.19253 
12920 6.20171 
12940 6.20932 
12960 6.21561 
12980 6.22079 
13000 6.22501 
13020 6.2284 
13040 6.23105 
13060 6.23304 
13080 6.23439 
13100 6.23515 
13120 6.2353 
13140 6.23484 
13160 6.23373 
13180 6.23189 
13200 6.22924 
13220 6.22564 
13240 6.22093 
13260 6.21488 
13280 6.20722 
13300 6.19757 
13320 6.18548 
13340 6.17036 
13360 6.1515 
13380 6.12796 
13400 6.09864 
13420 6.06214 
13440 6.0168 
13460 5.96065 
13480 5.89143 
13500 5.80672 
13520 5.70409 
13540 5.58151 
13560 5.43793 
13580 5.27403 
13600 5.09287 
13620 4.90015 
13640 4.70367 
13660 4.51186 
13680 4.33215 
13700 4.16972 
13720 4.02715 
13740 3.9048 
13760 3.80151 
13780 3.71535 
13800 3.64406 
13820 3.58545 
13840 3.53753 
13860 3.49856 
13880 3.4671 
13900 3.44197 
13920 3.42221 
13940 3.40709 
13960 3.39603 
13980 3.38861 
14000 3.38454 
14020 3.38365 
14040 3.38589 
14060 3.39128 
14080 3.39999 
14100 3.41228 
14120 3.42852 
14140 3.44923 
14160 3.47509 
14180 3.50694 
14200 3.54581 
14220 3.59295 
14240 3.64985 
14260 3.71817 
14280 3.79976 
14300 3.89647 
14320 4.00991 
14340 4.14111 
14360 4.29001 
14380 4.45488 
14400 4.63201 
14420 4.81578 
14440 4.99936 
14460 5.17589 
14480 5.33969 
14500 5.48697 
14520 5.61602 
14540 5.72678 
14560 5.82041 
14580 5.89866 
14600 5.96355 
14620 6.01708 
14640 6.06112 
14660 6.09728 
14680 6.12697 
14700 6.15137 
14720 6.17145 
14740 6.18802 
14760 6.20174 
14780 6.21313 
14800 6.22263 
14820 6.23059 
14840 6.23729 
14860 6.24296 
14880 6.2478 
14900 6.25195 
14920 6.25554 
14940 6.25868 
14960 6.26144 
14980 6.26391 
15000 6.26615 
15020 6.26821 
15040 6.27015 
15060 6.27201 
15080 6.27383 
15100 6.27568 
15120 6.27759 
15140 6.27962 
15160 6.28184 
15180 0.00114125 
15200 0.00398415 
15220 0.00729531 
15240 0.011213 
15260 0.0159089 
15280 0.0215961 
15300 0.0285422 
15320 0.0370786 
15340 0.0476195 
15360 0.0606787 
15380 0.0768883 
15400 0.0970227 
15420 0.122019 
15440 0.152999 
15460 0.191276 
15480 0.238362 
15500 0.295927 
15520 0.365736 
15540 0.449505 
15560 0.548678 
15580 0.664107 
15600 0.795652 
15620 0.941802 
15640 1.09944 
15660 1.26396 
15680 1.42979 
15700 1.59123 
15720 1.74334 
15740 1.88252 
15760 2.00671 
15780 2.11519 
15800 2.20827 
15820 2.28686 
15840 2.35218 
15860 2.40553 
15880 2.44812 
15900 2.481 
15920 2.50505 
15940 2.52093 
15960 2.52907 
15980 2.52972 
16000 2.52289 
16020 2.50841 
16040 2.4859 
16060 2.45477 
16080 2.41425 
16100 2.36338 
16120 2.30107 
16140 2.22619 
16160 2.13767 
16180 2.03472 
16200 1.9171 
16220 1.78545 
16240 1.64156 
16260 1.48857 
16280 1.33078 
16300 1.17321 
16320 1.02091 
16340 0.878211 
16360 0.748213 
16380 0.63265 
16400 0.531997 
16420 0.445772 
16440 0.372873 
16460 0.311874 
16480 0.261234 
16500 0.219451 
16520 0.185132 
16540 0.157046 
16560 0.134121 
16580 0.115452 
16600 0.10028 
16620 0.0879785 
16640 0.0780341 
16660 0.070029 
16680 0.0636255 
16700 0.0585543 
16720 0.0546014 
16740 0.0515973 
16760 0.0494129 
16780 0.047949 
16800 0.047136 
16820 0.0469257 
16840 0.0472938 
16860 0.0482332 
16880 0.0497586 
16900 0.0519029 
16920 0.0547215 
16940 0.0582926 
16960 0.0627229 
16980 0.0681502 
17000 0.074753 
17020 0.0827576 
17040 0.0924503 
17060 0.104191 
17080 0.118433 
17100 0.135745 
17120 0.156841 
17140 0.182612 
17160 0.214169 
17180 0.252886 
17200 0.300446 
17220 0.358874 
17240 0.430548 
17260 0.518139 
17280 0.62444 
17300 0.751998 
17320 0.902476 
17340 1.07576 
17360 1.26898 
17380 1.47603 
17400 1.68799 
17420 1.89485 
17440 2.08772 
17460 2.2605 
17480 2.41037 
17500 2.53723 
17520 2.64279 
17540 2.72961 
17560 2.80051 
17580 2.85818 
17600 2.90501 
17620 2.94305 
17640 2.97397 
17660 2.99918 
17680 3.01977 
17700 3.03666 
17720 3.05054 
17740 3.06201 
17760 3.07151 
17780 3.07941 
17800 3.086 
17820 3.09151 
17840 3.09612 
17860 3.09999 
17880 3.10323 
17900 3.10593 
17920 3.10817 
17940 3.11001 
17960 3.11149 
17980 3.11263 
18000 3.11348 
18020 3.11402 
18040 3.11427 
18060 3.11423 
18080 3.11386 
18100 3.11314 
18120 3.11203 
18140 3.11047 
18160 3.10839 
18180 3.1057 
18200 3.10226 
18220 3.09794 
18240 3.09254 
18260 3.08585 
18280 3.07759 
18300 3.06742 
18320 3.05497 
18340 3.03978 
18360 3.02131 
18380 2.99898 
18400 2.97213 
18420 2.94006 
18440 2.90205 
18460 2.85739 
18480 2.80548 
18500 2.74586 
18520 2.67833 
18540 2.60303 
18560 2.52056 
18580 2.43202 
18600 2.33901 
18620 2.24359 
18640 2.14814 
18660 2.05516 
18680 1.96708 
18700 1.88608 
18720 1.81398 
18740 1.75221 
18760 1.70179 
18780 1.66343 
18800 1.63755 
18820 1.62445 
18840 1.62425 
18860 1.63702 
18880 1.66272 
18900 1.7012 
18920 1.75213 
18940 1.81492 
18960 1.88862 
18980 1.97186 
19000 2.06283 
19020 2.15926 
19040 2.2586 
19060 2.35813 
19080 2.45525 
19100 2.5477 
19120 2.63367 
19140 2.71193 
19160 2.78181 
19180 2.84316 
19200 2.89621 
19220 2.94148 
19240 2.97966 
19260 3.01155 
19280 3.03795 
19300 3.05964 
19320 3.07737 
19340 3.09178 
19360 3.10346 
19380 3.11289 
19400 3.1205 
19420 3.12665 
19440 3.13163 
19460 3.13567 
19480 3.13897 
19500 3.1417 
19520 3.14397 
19540 3.1459 
19560 3.14757 
19580 3.14904 
19600 3.15037 
19620 3.15161 
19640 3.15279 
19660 3.15396 
19680 3.15515 
19700 3.15638 
19720 3.15768 
19740 3.15909 
19760 3.16063 
19780 3.16234 
19800 3.16425 
19820 3.16642 
19840 3.1689 
19860 3.17175 
19880 3.17504 
19900 3.17886 
19920 3.18334 
19940 3.18861 
19960 3.19482 
19980 3.20221 
20000 3.211 
20020 3.22154 
20040 3.2342 
20060 3.24946 
20080 3.26792 
20100 3.29031 
20120 3.31753 
20140 3.35064 
20160 3.39095 
20180 3.43999 
20200 3.49953 
20220 3.57153 
20240 3.65807 
20260 3.76111 
20280 3.8822 
20300 4.02197 
20320 4.17959 
20340 4.35224 
20360 4.535 
20380 4.72132 
20400 4.90403 
20420 5.0767 
20440 5.23457 
20460 5.37501 
20480 5.49725 
20500 5.60193 
20520 5.69053 
20540 5.76488 
20560 5.82691 
20580 5.87842 
20600 5.92102 
20620 5.9561 
20640 5.98483 
20660 6.00816 
20680 6.02685 
20700 6.04153 
20720 6.05266 
20740 6.0606 
20760 6.06557 
20780 6.06771 
20800 6.06708 
20820 6.06361 
20840 6.05716 
20860 6.04747 
20880 6.03416 
20900 6.01673 
20920 5.9945 
20940 5.96662 
20960 5.93201 
20980 5.88933 
21000 5.83699 
21020 5.77306 
21040 5.69539 
21060 5.60164 
21080 5.48957 
21100 5.3574 
21120 5.20449 
21140 5.03208 
21160 4.84398 
21180 4.64664 
21200 4.44838 
21220 4.25781 
21240 4.08207 
21260 3.92575 
21280 3.79073 
21300 3.67673 
21320 3.58207 
21340 3.50442 
21360 3.44124 
21380 3.39013 
21400 3.34892 
21420 3.31578 
21440 3.28915 
21460 3.26778 
21480 3.25065 
21500 3.23692 
21520 3.22595 
21540 3.21722 
21560 3.2103 
21580 3.20488 
21600 3.20072 
21620 3.19761 
21640 3.19541 
21660 3.19401 
21680 3.19333 
21700 3.19333 
21720 3.19398 
21740 3.19528 
21760 3.19726 
21780 3.19995 
21800 3.20343 
21820 3.20779 
21840 3.21316 
21860 3.21971 
21880 3.22765 
21900 3.23724 
21920 3.24882 
21940 3.26278 
21960 3.27965 
21980 3.30005 
22000 3.32477 
22020 3.35474 
22040 3.39113 
22060 3.43532 
22080 3.48894 
22100 3.55389 
22120 3.63223 
22140 3.72612 
22160 3.83755 
22180 3.96792 
22200 4.11754 
22220 4.28493 
22240 4.46641 
22260 4.65611 
22280 4.84669 
22300 5.03067 
22320 5.20181 
22340 5.35598 
22360 5.49129 
22380 5.60768 
22400 5.70636 
22420 5.78918 
22440 5.85821 
22460 5.91551 
22480 5.96294 
22500 6.00214 
22520 6.03449 
22540 6.06116 
22560 6.08309 
22580 6.10105 
22600 6.11567 
22620 6.12744 
22640 6.13675 
22660 6.1439 
22680 6.14911 
22700 6.15253 
22720 6.15426 
22740 6.15432 
22760 6.15268 
22780 6.14928 
22800 6.14395 
22820 6.13647 
22840 6.12654 
22860 6.11375 
22880 6.09757 
22900 6.07732 
22920 6.05216 
22940 6.021 
22960 5.98253 
22980 5.93512 
23000 5.87683 
23020 5.80538 
23040 5.71823 
23060 5.61278 
23080 5.4867 
23100 5.33856 
23120 5.16866 
23140 4.97991 
23160 4.77826 
23180 4.57223 
23200 4.37129 
23220 4.18387 
23240 4.01579 
23260 3.86982 
23280 3.74611 
23300 3.64314 
23320 3.55848 
23340 3.48945 
23360 3.43346 
23380 3.3882 
23400 3.35167 
23420 3.32222 
23440 3.29849 
23460 3.27941 
23480 3.26409 
23500 3.25183 
23520 3.24209 
23540 3.23444 
23560 3.22854 
23580 3.22414 
23600 3.22103 
23620 3.21907 
23640 3.21818 
23660 3.21829 
23680 3.21938 
23700 3.22147 
23720 3.22459 
23740 3.22884 
23760 3.23434 
23780 3.24126 
23800 3.2498 
23820 3.26026 
23840 3.27299 
23860 3.28844 
23880 3.30715 
23900 3.32981 
23920 3.35728 
23940 3.39057 
23960 3.43093 
23980 3.47987 
24000 3.53911 
24020 3.61065 
24040 3.69661 
24060 3.79912 
24080 3.91996 
24100 4.06013 
24120 4.2192 
24140 4.39469 
24160 4.58184 
24180 4.77389 
24200 4.96315 
24220 5.1425 
24240 5.30655 
24260 5.45222 
24280 5.57856 
24300 5.68623 
24320 5.77685 
24340 5.85247 
24360 5.91524 
24380 5.96716 
24400 6.01004 
24420 6.04544 
24440 6.07464 
24460 6.09873 
24480 6.1186 
24500 6.13496 
24520 6.14839 
24540 6.15936 
24560 6.16823 
24580 6.1753 
24600 6.18078 
24620 6.18484 
24640 6.18759 
24660 6.18911 
24680 6.18942 
24700 6.18851 
24720 6.18632 
24740 6.18274 
24760 6.17761 
24780 6.17072 
24800 6.16177 
24820 6.15038 
24840 6.13606 
24860 6.11818 
24880 6.09594 
24900 6.06836 
24920 6.0342 
24940 5.99194 
24960 5.93974 
24980 5.87541 
25000 5.79645 
25020 5.7002 
25040 5.58405 
25060 5.44601 
25080 5.28547 
25100 5.10406 
25120 4.90645 
25140 4.70024 
25160 4.49485 
25180 4.2995 
25200 4.12135 
25220 3.9645 
25240 3.83014 
25260 3.71735 
25280 3.624 
25300 3.54746 
25320 3.48508 
25340 3.43444 
25360 3.39341 
25380 3.36022 
25400 3.33341 
25420 3.3118 
25440 3.29443 
25460 3.28056 
25480 3.26958 
25500 3.26102 
25520 3.25453 
25540 3.24984 
25560 3.24674 
25580 3.2451 
25600 3.24482 
25620 3.24588 
25640 3.24829 
25660 3.25209 
25680 3.2574 
25700 3.26438 
25720 3.27323 
25740 3.28426 
25760 3.29782 
25780 3.31439 
25800 3.33453 
25820 3.35898 
25840 3.38863 
25860 3.42456 
25880 3.46808 
25900 3.52074 
25920 3.58436 
25940 3.66094 
25960 3.75262 
25980 3.86143 
26000 3.98893 
26020 4.13571 
26040 4.30069 
26060 4.48068 
26080 4.67017 
26100 4.86198 
26120 5.04845 
26140 5.22294 
26160 5.3808 
26180 5.51969 
26200 5.63927 
26220 5.7406 
26240 5.8255 
26260 5.8961 
26280 5.95453 
26300 6.00276 
26320 6.04253 
26340 6.07531 
26360 6.10235 
26380 6.12466 
26400 6.14309 
26420 6.15832 
26440 6.1709 
26460 6.18126 
26480 6.18977 
26500 6.19671 
26520 6.20229 
26540 6.20668 
26560 6.21002 
26580 6.2124 
26600 6.21387 
26620 6.21446 
26640 6.21417 
26660 6.21296 
26680 6.21076 
26700 6.20747 
26720 6.20293 
26740 6.19695 
26760 6.18926 
26780 6.1795 
26800 6.16726 
26820 6.15196 
26840 6.1329 
26860 6.10919 
26880 6.07973 
26900 6.04315 
26920 5.99779 
26940 5.94163 
26960 5.87236 
26980 5.7874 
27000 5.68408 
27020 5.56005 
27040 5.41386 
27060 5.24579 
27080 5.05873 
27100 4.85857 
27120 4.65371 
27140 4.4535 
27160 4.26625 
27180 4.09773 
27200 3.95074 
27220 3.82553 
27240 3.72069 
27260 3.63391 
27280 3.56265 
27300 3.50442 
27320 3.457 
27340 3.41848 
27360 3.38726 
27380 3.36207 
27400 3.34183 
27420 3.32572 
27440 3.31308 
27460 3.30341 
27480 3.2963 
27500 3.29147 
27520 3.28872 
27540 3.28792 
27560 3.28902 
27580 3.29203 
27600 3.29702 
27620 3.30414 
27640 3.31361 
27660 3.32572 
27680 3.34087 
27700 3.35957 
27720 3.38246 
27740 3.41034 
27760 3.44419 
27780 3.48519 
27800 3.53477 
27820 3.59461 
27840 3.66657 
27860 3.75271 
27880 3.85506 
27900 3.97532 
27920 4.11445 
27940 4.27204 
27960 4.44576 
27980 4.631 
28000 4.82125 
28020 5.00899 
28040 5.18718 
28060 5.35041 
28080 5.49548 
28100 5.62134 
28120 5.72855 
28140 5.81866 
28160 5.89371 
28180 5.95583 
28200 6.00708 
28220 6.04927 
28240 6.08398 
28260 6.11257 
28280 6.13613 
28300 6.15559 
28320 6.17168 
28340 6.18502 
28360 6.19609 
28380 6.20529 
28400 6.21294 
28420 6.2193 
28440 6.22456 
28460 6.2289 
28480 6.23244 
28500 6.23528 
28520 6.2375 
28540 6.23915 
28560 6.24026 
28580 6.24084 
28600 6.24091 
28620 6.24043 
28640 6.23937 
28660 6.23766 
28680 6.23521 
28700 6.23191 
28720 6.22758 
28740 6.22203 
28760 6.21499 
28780 6.20612 
28800 6.195 
28820 6.18107 
28840 6.16366 
28860 6.14193 
28880 6.11482 
28900 6.08106 
28920 6.03909 
28940 5.98709 
28960 5.92296 
28980 5.84441 
29000 5.74912 
29020 5.63503 
29040 5.50087 
29060 5.34677 
29080 5.17497 
29100 4.99011 
29120 4.79903 
29140 4.60962 
29160 4.42938 
29180 4.26405 
29200 4.117 
29220 3.98936 
29240 3.88059 
29260 3.78916 
29280 3.71307 
29300 3.65025 
29320 3.59876 
29340 3.55685 
29360 3.52309 
29380 3.49625 
29400 3.47537 
29420 3.4597 
29440 3.44866 
29460 3.44184 
29480 3.43899 
29500 3.43996 
29520 3.44476 
29540 3.45351 
29560 3.46648 
29580 3.48405 
29600 3.50677 
29620 3.53535 
29640 3.57069 
29660 3.61388 
29680 3.66624 
29700 3.72928 
29720 3.80469 
29740 3.8942 
29760 3.99946 
29780 4.12165 
29800 4.26113 
29820 4.4169 
29840 4.58615 
29860 4.76423 
29880 4.94498 
29900 5.12171 
29920 5.28838 
29940 5.44047 
29960 5.57543 
29980 5.69248 
30000 5.79221 
30020 5.87606 
30040 5.94589 
30060 6.00365 
30080 6.05122 
30100 6.0903 
30120 6.12236 
30140 6.14867 
30160 6.17028 
30180 6.18808 
30200 6.20276 
30220 6.21492 
30240 6.22504 
30260 6.2335 
30280 6.24061 
30300 6.24662 
30320 6.25176 
30340 6.25617 
30360 6.26002 
30380 6.2634 
30400 6.26642 
30420 6.26916 
30440 6.27169 
30460 6.27409 
30480 6.2764 
30500 6.2787 
30520 6.28104 
30540 0.00029885 
30560 0.00291955 
30580 0.00579774 
30600 0.00902592 
30620 0.0127176 
30640 0.0170101 
30660 0.0220722 
30680 0.0281137 
30700 0.035395 
30720 0.0442423 
30740 0.0550646 
30760 0.0683731 
30780 0.0848068 
30800 0.10516 
30820 0.130415 
30840 0.161776 
30860 0.200699 
30880 0.248919 
30900 0.308443 
30920 0.381513 
30940 0.470473 
30960 0.577522 
30980 0.704303 
31000 0.851308 
31020 1.0172 
31040 1.1983 
31060 1.38858 
31080 1.58043 
31100 1.76607 
31120 1.93896 
31140 2.09478 
31160 2.23156 
31180 2.34922 
31200 2.44894 
31220 2.53256 
31240 2.60213 
31260 2.65966 
31280 2.70695 
31300 2.74557 
31320 2.77683 
31340 2.80179 
31360 2.82131 
31380 2.83604 
31400 2.84648 
31420 2.85297 
31440 2.85572 
31460 2.8548 
31480 2.85019 
31500 2.84171 
31520 2.82909 
31540 2.81189 
31560 2.78953 
31580 2.76125 
31600 2.72612 
31620 2.68298 
31640 2.63046 
31660 2.56697 
31680 2.4908 
31700 2.40014 
31720 2.29336 
31740 2.16933 
31760 2.02785 
31780 1.87018 
31800 1.69947 
31820 1.52074 
31840 1.3404 
31860 1.16516 
31880 1.00094 
31900 0.851943 
31920 0.720396 
31940 0.606777 
31960 0.510288 
31980 0.429373 
32000 0.362141 
32020 0.30664 
32040 0.261032 
32060 0.223673 
32080 0.193143 
32100 0.168241 
32120 0.147969 
32140 0.131509 
32160 0.118194 
32180 0.107487 
32200 0.0989584 
32220 0.0922664 
32240 0.0871442 
32260 0.0833877 
32280 0.0808433 
32300 0.0794042 
32320 0.0790008 
32340 0.0796026 
32360 0.0812114 
32380 0.0838655 
32400 0.0876373 
32420 0.0926431 
32440 0.0990394 
32460 0.10704 
32480 0.116921 
32500 0.129035 
32520 0.143833 
32540 0.161878 
32560 0.183885 
32580 0.210742 
32600 0.243558 
32620 0.283701 
32640 0.332843 
32660 0.392989 
32680 0.466482 
32700 0.555941 
32720 0.664075 
32740 0.793307 
32760 0.945129 
32780 1.11923 
32800 1.31255 
32820 1.51886 
32840 1.72929 
32860 1.93399 
32880 2.12434 
32900 2.29451 
32920 2.44185 
32940 2.56637 
32960 2.66982 
32980 2.75474 
33000 2.82394 
33020 2.88009 
33040 2.92555 
33060 2.96237 
33080 2.99221 
33100 3.01645 
33120 3.03619 
33140 3.05234 
33160 3.0656 
33180 3.07655 
33200 3.08563 
33220 3.0932 
33240 3.09957 
33260 3.10495 
33280 3.10955 
33300 3.1135 
33320 3.11694 
33340 3.11996 
33360 3.12265 
33380 3.12509 
33400 3.12734 
33420 3.12946 
33440 3.1315 
33460 3.13351 
33480 3.13554 
33500 3.13765 
33520 3.13989 
33540 3.14235 
33560 3.14508 
33580 3.14819 
33600 3.15179 
33620 3.15601 
33640 3.16101 
33660 3.16699 
33680 3.17419 
33700 3.18291 
33720 3.19351 
33740 3.20642 
33760 3.22215 
33780 3.24132 
33800 3.26466 
33820 3.29299 
33840 3.32726 
33860 3.36848 
33880 3.41774 
33900 3.47614 
33920 3.54467 
33940 3.62411 
33960 3.71484 
33980 3.81668 
34000 3.92871 
34020 4.04917 
34040 4.17545 
34060 4.30432 
34080 4.43221 
34100 4.55563 
34120 4.67153 
34140 4.77755 
34160 4.87207 
34180 4.9542 
34200 5.02357 
34220 5.08023 
34240 5.12442 
34260 5.15647 
34280 5.17666 
34300 5.18522 
34320 5.1822 
34340 5.16753 
34360 5.14098 
34380 5.10219 
34400 5.05077 
34420 4.98632 
34440 4.90862 
34460 4.81778 
34480 4.71445 
34500 4.59996 
34520 4.47652 
34540 4.34713 
34560 4.2154 
34580 4.08521 
34600 3.96023 
34620 3.84349 
34640 3.73718 
34660 3.64249 
34680 3.5598 
34700 3.48876 
34720 3.42859 
34740 3.37822 
34760 3.33646 
34780 3.30213 
34800 3.27409 
34820 3.25132 
34840 3.23292 
34860 3.2181 
34880 3.20621 
34900 3.1967 
34920 3.18911 
34940 3.18308 
34960 3.17831 
34980 3.17455 
35000 3.17162 
35020 3.16937 
35040 3.16766 
35060 3.16642 
35080 3.16558 
35100 3.16506 
35120 3.16485 
35140 3.1649 
35160 3.16521 
35180 3.16577 
35200 3.16657 
35220 3.16763 
35240 3.16896 
35260 3.17058 
35280 3.17254 
35300 3.17488 
35320 3.17765 
35340 3.18094 
35360 3.18482 
35380 3.18942 
35400 3.19488 
35420 3.20136 
35440 3.20909 
35460 3.21833 
35480 3.2294 
35500 3.24272 
35520 3.2588 
35540 3.27824 
35560 3.30181 
35580 3.33045 
35600 3.36528 
35620 3.40766 
35640 3.45918 
35660 3.52167 
35680 3.59716 
35700 3.68775 
35720 3.79539 
35740 3.92152 
35760 4.06652 
35780 4.22918 
35800 4.40616 
35820 4.59202 
35840 4.77981 
35860 4.96229 
35880 5.13319 
35900 5.2882 
35920 5.42513 
35940 5.54364 
35960 5.64465 
35980 5.72983 
36000 5.80112 
36020 5.86047 
36040 5.9097 
36060 5.9504 
36080 5.98394 
36100 6.01146 
36120 6.03388 
36140 6.05197 
36160 6.06631 
36180 6.07739 
36200 6.08554 
36220 6.09102 
36240 6.09398 
36260 6.0945 
36280 6.09257 
36300 6.08808 
36320 6.08085 
36340 6.0706 
36360 6.05692 
36380 6.03928 
36400 6.01697 
36420 5.98914 
36440 5.95465 
36460 5.91216 
36480 5.86002 
36500 5.79625 
36520 5.71863 
36540 5.62474 
36560 5.51224 
36580 5.37925 
36600 5.22506 
36620 5.05087 
36640 4.86059 
36660 4.66084 
36680 4.46021 
36700 4.26754 
36720 4.09012 
36740 3.93259 
36760 3.79676 
36780 3.68225 
36800 3.5873 
36820 3.50947 
36840 3.44618 
36860 3.39499 
36880 3.35371 
36900 3.3205 
36920 3.2938 
36940 3.27236 
36960 3.25515 
36980 3.24136 
37000 3.23034 
37020 3.22156 
37040 3.21463 
37060 3.20923 
37080 3.2051 
37100 3.20206 
37120 3.19997 
37140 3.19872 
37160 3.19824 
37180 3.19849 
37200 3.19946 
37220 3.20115 
37240 3.20361 
37260 3.20689 
37280 3.21108 
37300 3.2163 
37320 3.22271 
37340 3.23052 
37360 3.23999 
37380 3.25143 
37400 3.26525 
37420 3.28195 
37440 3.30215 
37460 3.32662 
37480 3.35628 
37500 3.39228 
37520 3.43598 
37540 3.48901 
37560 3.55322 
37580 3.63068 
37600 3.72356 
37620 3.83386 
37640 3.96306 
37660 4.11157 
37680 4.27807 
37700 4.45902 
37720 4.64868 
37740 4.83976 
37760 5.0247 
37780 5.19713 
37800 5.35272 
37820 5.48943 
37840 5.60713 
37860 5.70695 
37880 5.79073 
37900 5.86057 
37920 5.91852 
37940 5.96648 
37960 6.00611 
37980 6.03882 
38000 6.0658 
38020 6.08801 
38040 6.10624 
38060 6.12112 
38080 6.13317 
38100 6.14278 
38120 6.15028 
38140 6.15588 
38160 6.15976 
38180 6.16203 
38200 6.16274 
38220 6.16188 
38240 6.15939 
38260 6.15517 
38280 6.14903 
38300 6.14072 
38320 6.12988 
38340 6.11609 
38360 6.09874 
38380 6.07712 
38400 6.05029 
38420 6.0171 
38440 5.97613 
38460 5.92563 
38480 5.86355 
38500 5.78748 
38520 5.69483 
38540 5.583 
38560 5.44985 
38580 5.29439 
38600 5.11768 
38620 4.92361 
38640 4.7191 
38660 4.51324 
38680 4.31544 
38700 4.13344 
38720 3.97205 
38740 3.83312 
38760 3.71614 
38780 3.6192 
38800 3.53971 
38820 3.47501 
38840 3.42257 
38860 3.38018 
38880 3.34597 
38900 3.31837 
38920 3.29615 
38940 3.27827 
38960 3.26393 
38980 3.2525 
39000 3.24345 
39020 3.2364 
39040 3.23105 
39060 3.22714 
39080 3.22453 
39100 3.22308 
39120 3.22271 
39140 3.22339 
39160 3.22512 
39180 3.22793 
39200 3.23189 
39220 3.23711 
39240 3.24375 
39260 3.25203 
39280 3.2622 
39300 3.27461 
39320 3.2897 
39340 3.30799 
39360 3.33015 
39380 3.35701 
39400 3.38956 
39420 3.42902 
39440 3.47685 
39460 3.53475 
39480 3.60468 
39500 3.68876 
39520 3.7891 
39540 3.90758 
39560 4.04532 
39580 4.20211 
39600 4.37576 
39620 4.56181 
39640 4.75369 
39660 4.94377 
39680 5.12477 
39700 5.29101 
39720 5.43912 
39740 5.5679 
39760 5.67783 
39780 5.77046 
39800 5.84781 
39820 5.91202 
39840 5.96515 
39860 6.00902 
39880 6.04522 
39900 6.07508 
39920 6.09973 
39940 6.12006 
39960 6.13682 
39980 6.1506 
40000 6.16189 
40020 6.17107 
40040 6.17844 
40060 6.18423 
40080 6.18863 
40100 6.19175 
40120 6.19369 
40140 6.19448 
40160 6.19412 
40180 6.19258 
40200 6.18977 
40220 6.18557 
40240 6.17979 
40260 6.17218 
40280 6.16242 
40300 6.15009 
40320 6.13464 
40340 6.1154 
40360 6.09149 
40380 6.06184 
40400 6.02512 
40420 5.97968 
40440 5.92356 
40460 5.85444 
40480 5.76975 
40500 5.66678 
40520 5.5431 
40540 5.3971 
40560 5.22886 
40580 5.04108 
40600 4.83951 
40620 4.63261 
40640 4.42995 
40660 4.24018 
40680 4.06939 
40700 3.92057 
40720 3.79406 
40740 3.68841 
40760 3.60125 
40780 3.52992 
40800 3.47184 
40820 3.4247 
40840 3.38651 
40860 3.35562 
40880 3.33067 
40900 3.31058 
40920 3.29447 
40940 3.28165 
40960 3.27159 
40980 3.26386 
41000 3.25813 
41020 3.25416 
41040 3.25179 
41060 3.2509 
41080 3.25143 
41100 3.25337 
41120 3.25677 
41140 3.26172 
41160 3.26836 
41180 3.2769 
41200 3.2876 
41220 3.30083 
41240 3.31703 
41260 3.33677 
41280 3.36075 
41300 3.38984 
41320 3.42509 
41340 3.46779 
41360 3.51945 
41380 3.58185 
41400 3.65697 
41420 3.74695 
41440 3.85381 
41460 3.9792 
41480 4.12383 
41500 4.28684 
41520 4.46529 
41540 4.65392 
41560 4.8457 
41580 5.03298 
41600 5.20893 
41620 5.36866 
41640 5.50958 
41660 5.63116 
41680 5.73433 
41700 5.82085 
41720 5.89282 
41740 5.9524 
41760 6.00157 
41780 6.04211 
41800 6.07552 
41820 6.10306 
41840 6.12579 
41860 6.14457 
41880 6.16009 
41900 6.17293 
41920 6.18352 
41940 6.19225 
41960 6.19939 
41980 6.20519 
42000 6.20982 
42020 6.21341 
42040 6.21608 
42060 6.21788 
42080 6.21885 
42100 6.219 
42120 6.21832 
42140 6.21676 
42160 6.21422 
42180 6.2106 
42200 6.20573 
42220 6.19938 
42240 6.19129 
42260 6.18106 
42280 6.16825 
42300 6.15225 
42320 6.13233 
42340 6.10754 
42360 6.07672 
42380 6.03844 
42400 5.99096 
42420 5.9322 
42440 5.85978 
42460 5.77109 
42480 5.66354 
42500 5.53493 
42520 5.38419 
42540 5.21214 
42560 5.02235 
42580 4.82132 
42600 4.61772 
42620 4.42073 
42640 4.23808 
42660 4.07484 
42680 3.93314 
42700 3.81282 
42720 3.71225 
42740 3.62907 
42760 3.56077 
42780 3.50494 
42800 3.45946 
42820 3.42252 
42840 3.3926 
42860 3.36849 
42880 3.34921 
42900 3.33396 
42920 3.32213 
42940 3.31326 
42960 3.30698 
42980 3.30305 
43000 3.30129 
43020 3.30162 
43040 3.30401 
43060 3.30853 
43080 3.31529 
43100 3.3245 
43120 3.33646 
43140 3.35154 
43160 3.37026 
43180 3.39324 
43200 3.42128 
43220 3.45534 
43240 3.49663 
43260 3.54654 
43280 3.60674 
43300 3.6791 
43320 3.76563 
43340 3.86834 
43360 3.98889 
43380 4.12819 
43400 4.28579 
43420 4.4593 
43440 4.6441 
43460 4.83369 
43480 5.02063 
43500 5.19794 
43520 5.36028 
43540 5.50452 
43560 5.62963 
43580 5.73619 
43600 5.82573 
43620 5.90029 
43640 5.96199 
43660 6.01287 
43680 6.05474 
43700 6.08918 
43720 6.11752 
43740 6.14088 
43760 6.16016 
43780 6.17611 
43800 6.18933 
43820 6.20031 
43840 6.20946 
43860 6.21708 
43880 6.22344 
43900 6.22874 
43920 6.23315 
43940 6.2368 
43960 6.2398 
43980 6.24222 
44000 6.24412 
44020 6.24555 
44040 6.24653 
44060 6.24708 
44080 6.2472 
44100 6.24686 
44120 6.24604 
44140 6.24467 
44160 6.24268 
44180 6.23998 
44200 6.23641 
44220 6.23182 
44240 6.22597 
44260 6.21857 
44280 6.20927 
44300 6.1976 
44320 6.18299 
44340 6.16472 
44360 6.14191 
44380 6.11347 
44400 6.0781 
44420 6.03422 
44440 5.98005 
44460 5.91357 
44480 5.83264 
44500 5.73523 
44520 5.61972 
44540 5.48537 
44560 5.33294 
44580 5.16513 
44600 4.98677 
44620 4.80434 
44640 4.62499 
44660 4.45518 
44680 4.29973 
44700 4.16141 
44720 4.0411 
44740 3.93828 
44760 3.85162 
44780 3.7794 
44800 3.71983 
44820 3.6712 
44840 3.63204 
44860 3.60108 
44880 3.5773 
44900 3.5599 
44920 3.54827 
44940 3.54202 
44960 3.54089 
44980 3.54483 
45000 3.55392 
45020 3.56841 
45040 3.58871 
45060 3.61543 
45080 3.64934 
45100 3.69142 
45120 3.74285 
45140 3.805 
45160 3.87936 
45180 3.96747 
45200 4.07071 
45220 4.19006 
45240 4.32564 
45260 4.47638 
45280 4.63955 
45300 4.8108 
45320 4.98447 
45340 5.15444 
45360 5.31513 
45380 5.4623 
45400 5.59343 
45420 5.70766 
45440 5.80539 
45460 5.88784 
45480 5.9567 
45500 6.01378 
45520 6.06084 
45540 6.09952 
45560 6.13125 
45580 6.15727 
45600 6.17861 
45620 6.19615 
45640 6.21059 
45660 6.22252 
45680 6.23242 
45700 6.24069 
45720 6.24762 
45740 6.2535 
45760 6.25851 
45780 6.26283 
45800 6.26662 
45820 6.26997 
45840 6.273 
45860 6.27578 
45880 6.27841 
45900 6.28093 
45920 0.000242281 
45940 0.00277524 
45960 0.00540929 
45980 0.00821881 
46000 0.0112858 
46020 0.0147019 
46040 0.0185776 
46060 0.0230446 
46080 0.028267 
46100 0.034441 
46120 0.0418168 
46140 0.0507031 
46160 0.0614834 
46180 0.074646 
46200 0.0907956 
46220 0.110691 
46240 0.135279 
46260 0.16573 
46280 0.203484 
46300 0.250277 
46320 0.30817 
46340 0.379534 
46360 0.466946 
46380 0.572989 
46400 0.699837 
46420 0.848631 
46440 1.01866 
46460 1.20659 
46480 1.40625 
46500 1.60927 
46520 1.80666 
46540 1.9907 
46560 2.15619 
46580 2.30075 
46600 2.4243 
46620 2.5283 
46640 2.61492 
46660 2.68659 
46680 2.74566 
46700 2.7942 
46720 2.83403 
46740 2.86664 
46760 2.89326 
46780 2.91489 
46800 2.93232 
46820 2.94617 
46840 2.95694 
46860 2.965 
46880 2.9706 
46900 2.97394 
46920 2.97511 
46940 2.97413 
46960 2.97097 
46980 2.96549 
47000 2.9575 
47020 2.94669 
47040 2.93268 
47060 2.91495 
47080 2.89284 
47100 2.86554 
47120 2.83204 
47140 2.79112 
47160 2.74132 
47180 2.68095 
47200 2.60811 
47220 2.52077 
47240 2.417 
47260 2.29526 
47280 2.15487 
47300 1.99664 
47320 1.82334 
47340 1.63992 
47360 1.45304 
47380 1.27003 
47400 1.09749 
47420 0.940296 
47440 0.801136 
47460 0.680725 
47480 0.578325 
47500 0.492338 
47520 0.42078 
47540 0.361603 
47560 0.312878 
47580 0.272886 
47600 0.240152 
47620 0.213434 
47640 0.19171 
47660 0.174141 
47680 0.160055 
47700 0.148912 
47720 0.140291 
47740 0.133867 
47760 0.129395 
47780 0.126699 
47800 0.125675 
47820 0.126268 
47840 0.128485 
47860 0.132383 
47880 0.138083 
47900 0.145769 
47920 0.155697 
47940 0.168213 
47960 0.183758 
47980 0.202908 
48000 0.226379 
48020 0.255076 
48040 0.290123 
48060 0.332901 
48080 0.385086 
48100 0.448681 
48120 0.525982 
48140 0.619515 
48160 0.731804 
48180 0.864967 
48200 1.02005 
48220 1.19618 
48240 1.38973 
48260 1.59412 
48280 1.80049 
48300 1.9995 
48320 2.18328 
48340 2.34672 
48360 2.48773 
48380 2.6066 
48400 2.70517 
48420 2.78595 
48440 2.85167 
48460 2.90488 
48480 2.94789 
48500 2.98261 
48520 3.01068 
48540 3.03341 
48560 3.05186 
48580 3.06691 
48600 3.07924 
48620 3.08939 
48640 3.0978 
48660 3.10482 
48680 3.11074 
48700 3.11577 
48720 3.1201 
48740 3.12387 
48760 3.12721 
48780 3.13022 
48800 3.13299 
48820 3.13559 
48840 3.1381 
48860 3.14057 
48880 3.14308 
48900 3.14569 
48920 3.14846 
48940 3.15149 
48960 3.15486 
48980 3.15867 
49000 3.16304 
49020 3.16813 
49040 3.17412 
49060 3.18124 
49080 3.18974 
49100 3.19998 
49120 3.21236 
49140 3.22739 
49160 3.24569 
49180 3.26799 
49200 3.2952 
49220 3.32839 
49240 3.36879 
49260 3.41784 
49280 3.47711 
49300 3.54827 
49320 3.63294 
49340 3.73251 
49360 3.84781 
49380 3.97879 
49400 4.12409 
49420 4.28087 
49440 4.4448 
49460 4.61059 
49480 4.7727 
49500 4.92621 
49520 5.06746 
49540 5.19423 
49560 5.30569 
49580 5.40203 
49600 5.4841 
49620 5.55311 
49640 5.61038 
49660 5.65717 
49680 5.69464 
49700 5.72374 
49720 5.74526 
49740 5.75978 
49760 5.76767 
49780 5.76914 
49800 5.76419 
49820 5.75263 
49840 5.73408 
49860 5.70794 
49880 5.67342 
49900 5.62949 
49920 5.57492 
49940 5.50828 
49960 5.42807 
49980 5.33282 
50000 5.22136 
50020 5.09319 
50040 4.94893 
50060 4.79072 
50080 4.62247 
50100 4.44965 
50120 4.27855 
50140 4.11527 
50160 3.96473 
50180 3.83011 
50200 3.7128 
50220 3.61269 
50240 3.52867 
50260 3.45905 
50280 3.40194 
50300 3.35544 
50320 3.31779 
50340 3.28743 
50360 3.26304 
50380 3.24348 
50400 3.22783 
50420 3.21532 
50440 3.20535 
50460 3.19741 
50480 3.19111 
50500 3.18614 
50520 3.18226 
50540 3.17927 
50560 3.17701 
50580 3.17537 
50600 3.17426 
50620 3.17362 
50640 3.1734 
50660 3.17357 
50680 3.17412 
50700 3.17504 
50720 3.17634 
50740 3.17805 
50760 3.18021 
50780 3.18287 
50800 3.18608 
50820 3.18995 
50840 3.19459 
50860 3.20014 
50880 3.20676 
50900 3.21469 
50920 3.22419 
50940 3.23559 
50960 3.24932 
50980 3.26589 
51000 3.28592 
51020 3.31022 
51040 3.33972 
51060 3.37558 
51080 3.41919 
51100 3.47217 
51120 3.53641 
51140 3.61394 
51160 3.7069 
51180 3.81721 
51200 3.94627 
51220 4.09431 
51240 4.25988 
51260 4.43936 
51280 4.62701 
51300 4.81566 
51320 4.99803 
51340 5.16798 
51360 5.32142 
51380 5.45642 
51400 5.57287 
51420 5.67185 
51440 5.75514 
51460 5.82472 
51480 5.88258 
51500 5.93054 
51520 5.97019 
51540 6.00288 
51560 6.02973 
51580 6.05168 
51600 6.06947 
51620 6.08371 
51640 6.09484 
51660 6.10324 
51680 6.10917 
51700 6.11279 
51720 6.1142 
51740 6.11342 
51760 6.1104 
51780 6.105 
51800 6.097 
51820 6.08608 
51840 6.07181 
51860 6.05362 
51880 6.03078 
51900 6.00237 
51920 5.96724 
51940 5.92397 
51960 5.87083 
51980 5.80581 
52000 5.72658 
52020 5.63067 
52040 5.51567 
52060 5.37975 
52080 5.22229 
52100 5.04479 
52120 4.85151 
52140 4.64952 
52160 4.44771 
52180 4.25499 
52200 4.07849 
52220 3.92253 
52240 3.78859 
52260 3.67603 
52280 3.5829 
52300 3.50668 
52320 3.44475 
52340 3.39467 
52360 3.35429 
52380 3.32179 
52400 3.29565 
52420 3.27464 
52440 3.25777 
52460 3.24425 
52480 3.23345 
52500 3.22487 
52520 3.21811 
52540 3.21288 
52560 3.20893 
52580 3.20608 
52600 3.2042 
52620 3.2032 
52640 3.20302 
52660 3.20362 
52680 3.205 
52700 3.20719 
52720 3.21024 
52740 3.21423 
52760 3.21926 
52780 3.22551 
52800 3.23315 
52820 3.24244 
52840 3.25371 
52860 3.26732 
52880 3.28379 
52900 3.30371 
52920 3.32784 
52940 3.35708 
52960 3.39255 
52980 3.43561 
53000 3.48783 
53020 3.55107 
53040 3.62738 
53060 3.71891 
53080 3.82771 
53100 3.95534 
53120 4.10232 
53140 4.26751 
53160 4.4476 
53180 4.637 
53200 4.8285 
53220 5.01449 
53240 5.18841 
53260 5.34572 
53280 5.48421 
53300 5.60357 
53320 5.70488 
53340 5.78994 
53360 5.86084 
53380 5.91967 
53400 5.96835 
53420 6.00857 
53440 6.04177 
53460 6.06916 
53480 6.09173 
53500 6.11028 
53520 6.12547 
53540 6.13782 
53560 6.14775 
53580 6.15557 
53600 6.16155 
53620 6.16585 
53640 6.16861 
53660 6.16988 
53680 6.16969 
53700 6.168 
53720 6.16473 
53740 6.15973 
53760 6.15278 
53780 6.14361 
53800 6.13183 
53820 6.11694 
53840 6.09832 
53860 6.07515 
53880 6.04644 
53900 6.01094 
53920 5.96711 
53940 5.91309 
53960 5.84669 
53980 5.76541 
54000 5.66661 
54020 5.54776 
54040 5.407 
54060 5.24392 
54080 5.06049 
54100 4.86167 
54120 4.65531 
54140 4.45089 
54160 4.25747 
54180 4.08187 
54200 3.92788 
54220 3.79641 
54240 3.68637 
54260 3.59553 
54280 3.52124 
54300 3.46084 
54320 3.41191 
54340 3.37235 
54360 3.34042 
54380 3.31467 
54400 3.29393 
54420 3.27726 
54440 3.26391 
54460 3.25331 
54480 3.24497 
54500 3.23855 
54520 3.23377 
54540 3.23042 
54560 3.22835 
54580 3.22746 
54600 3.22769 
54620 3.22902 
54640 3.23148 
54660 3.23512 
54680 3.24005 
54700 3.24641 
54720 3.2544 
54740 3.26427 
54760 3.27636 
54780 3.29108 
54800 3.30895 
54820 3.33061 
54840 3.35686 
54860 3.38868 
54880 3.42724 
54900 3.47397 
54920 3.53055 
54940 3.59888 
54960 3.68107 
54980 3.77926 
55000 3.89535 
55020 4.03061 
55040 4.18502 
55060 4.35671 
55080 4.54149 
55100 4.73305 
55120 4.92381 
55140 5.10635 
55160 5.27474 
55180 5.42529 
55200 5.55655 
55220 5.66881 
55240 5.76351 
55260 5.84265 
55280 5.90837 
55300 5.96273 
55320 6.00763 
55340 6.04467 
55360 6.07522 
55380 6.10044 
55400 6.12124 
55420 6.13841 
55440 6.15255 
55460 6.16416 
55480 6.17364 
55500 6.1813 
55520 6.18739 
55540 6.1921 
55560 6.19556 
55580 6.19788 
55600 6.19909 
55620 6.19924 
55640 6.19828 
55660 6.19616 
55680 6.19278 
55700 6.18799 
55720 6.18157 
55740 6.17326 
55760 6.16269 
55780 6.1494 
55800 6.1328 
55820 6.11213 
55840 6.08648 
55860 6.05466 
55880 6.01524 
55900 5.96646 
55920 5.90624 
55940 5.83214 
55960 5.74152 
55980 5.63172 
56000 5.50051 
56020 5.34679 
56040 5.17146 
56060 4.97827 
56080 4.77402 
56100 4.56775 
56120 4.36892 
56140 4.1854 
56160 4.02217 
56180 3.88122 
56200 3.76216 
56220 3.66315 
56240 3.58167 
56260 3.51508 
56280 3.46088 
56300 3.4169 
56320 3.38127 
56340 3.35244 
56360 3.32919 
56380 3.31049 
56400 3.29555 
56420 3.28374 
56440 3.27456 
56460 3.26763 
56480 3.26267 
56500 3.25947 
56520 3.25787 
56540 3.25781 
56560 3.25925 
56580 3.26221 
56600 3.26677 
56620 3.27306 
56640 3.28127 
56660 3.29166 
56680 3.30457 
56700 3.32045 
56720 3.33982 
56740 3.36339 
56760 3.392 
56780 3.42667 
56800 3.46866 
56820 3.51946 
56840 3.58081 
56860 3.65468 
56880 3.74317 
56900 3.84832 
56920 3.97184 
56940 4.11453 
56960 4.27572 
56980 4.4527 
57000 4.64044 
57020 4.83205 
57040 5.01989 
57060 5.19703 
57080 5.35834 
57100 5.50103 
57120 5.62437 
57140 5.72916 
57160 5.81711 
57180 5.89032 
57200 5.95092 
57220 6.00093 
57240 6.04215 
57260 6.07611 
57280 6.1041 
57300 6.1272 
57320 6.14628 
57340 6.16206 
57360 6.17511 
57380 6.18591 
57400 6.19482 
57420 6.20215 
57440 6.20814 
57460 6.21297 
57480 6.2168 
57500 6.21972 
57520 6.22181 
57540 6.22313 
57560 6.22369 
57580 6.22349 
57600 6.2225 
57620 6.22066 
57640 6.21787 
57660 6.21401 
57680 6.20889 
57700 6.2023 
57720 6.19391 
57740 6.18336 
57760 6.17014 
57780 6.15365 
57800 6.1331 
57820 6.10753 
57840 6.07572 
57860 6.03618 
57880 5.98713 
57900 5.92646 
57920 5.85174 
57940 5.76038 
57960 5.64985 
57980 5.51816 
58000 5.36451 
58020 5.1902 
58040 4.99925 
58060 4.79853 
58080 4.59679 
58100 4.40294 
58120 4.22422 
58140 4.06514 
58160 3.92742 
58180 3.81064 
58200 3.71307 
58220 3.63235 
58240 3.56604 
58260 3.5118 
58280 3.46759 
58300 3.43169 
58320 3.40265 
58340 3.37931 
58360 3.36073 
58380 3.34618 
58400 3.33507 
58420 3.32696 
58440 3.32155 
58460 3.31859 
58480 3.31797 
58500 3.31964 
58520 3.32361 
58540 3.32999 
58560 3.33899 
58580 3.35086 
58600 3.36601 
58620 3.38492 
58640 3.40823 
58660 3.43673 
58680 3.4714 
58700 3.51343 
58720 3.56423 
58740 3.62545 
58760 3.69897 
58780 3.78676 
58800 3.89079 
58820 4.01263 
58840 4.15307 
58860 4.31151 
58880 4.48538 
58900 4.66995 
58920 4.85867 
58940 5.04416 
58960 5.21962 
58980 5.37991 
59000 5.52208 
59020 5.64524 
59040 5.75004 
59060 5.83804 
59080 5.91127 
59100 5.97184 
59120 6.02176 
59140 6.06282 
59160 6.09657 
59180 6.12435 
59200 6.14722 
59220 6.1661 
59240 6.18171 
59260 6.19466 
59280 6.20543 
59300 6.21441 
59320 6.22192 
59340 6.2282 
59360 6.23348 
59380 6.2379 
59400 6.24162 
59420 6.24472 
59440 6.2473 
59460 6.24942 
59480 6.25114 
59500 6.25249 
59520 6.25349 
59540 6.25416 
59560 6.25451 
59580 6.25452 
59600 6.25418 
59620 6.25345 
59640 6.25228 
59660 6.2506 
59680 6.24833 
59700 6.24534 
59720 6.24148 
59740 6.23656 
59760 6.23032 
59780 6.22246 
59800 6.21259 
59820 6.20021 
59840 6.18472 
59860 6.16539 
59880 6.14132 
59900 6.11142 
59920 6.07445 
59940 6.02894 
59960 5.97329 
59980 5.90579 
60000 5.82479 
60020 5.72885 
60040 5.61712 
60060 5.48964 
60080 5.34777 
60100 5.19439 
60120 5.03386 
60140 4.8715 
60160 4.71288 
60180 4.56292 
60200 4.42529 
60220 4.30223 
60240 4.19459 
60260 4.10225 
60280 4.02439 
60300 3.9599 
60320 3.90756 
60340 3.8662 
60360 3.8348 
60380 3.81253 
60400 3.79877 
60420 3.79311 
60440 3.79537 
60460 3.80554 
60480 3.82388 
60500 3.8508 
60520 3.88695 
60540 3.93313 
60560 3.99031 
60580 4.05955 
60600 4.14188 
60620 4.23816 
60640 4.34885 
60660 4.47367 
60680 4.61137 
60700 4.75944 
60720 4.91417 
60740 5.07092 
60760 5.22472 
60780 5.37097 
60800 5.50605 
60820 5.62762 
60840 5.73464 
60860 5.82716 
60880 5.90597 
60900 5.97233 
60920 6.0277 
60940 6.0736 
60960 6.11147 
60980 6.14259 
61000 6.16812 
61020 6.18905 
61040 6.2062 
61060 6.22029 
61080 6.23188 
61100 6.24146 
61120 6.2494 
61140 6.25603 
61160 6.26162 
61180 6.26636 
61200 6.27044 
61220 6.27399 
61240 6.27714 
61260 6.27998 
61280 6.2826 
61300 0.00188135 
61320 0.00427125 
61340 0.0066459 
61360 0.00906442 
61380 0.0115897 
61400 0.0142906 
61420 0.0172393 
61440 0.020518 
61460 0.0242259 
61480 0.0284774 
61500 0.0334174 
61520 0.0392139 
61540 0.0460842 
61560 0.0542915 
61580 0.0641677 
61600 0.0761268 
61620 0.0906856 
61640 0.108496 
61660 0.130374 
61680 0.15733 
61700 0.190629 
61720 0.231814 
61740 0.282757 
61760 0.345677 
61780 0.42311 
61800 0.517794 
61820 0.632401 
61840 0.769042 
61860 0.928508 
61880 1.10935 
61900 1.30715 
61920 1.51446 
61940 1.72191 
61960 1.92016 
61980 2.10186 
62000 2.26266 
62020 2.40115 
62040 2.51809 
62060 2.6155 
62080 2.69595 
62100 2.76206 
62120 2.81622 
62140 2.86057 
62160 2.89687 
62180 2.92659 
62200 2.95093 
62220 2.97085 
62240 2.98713 
62260 3.00037 
62280 3.01107 
62300 3.01959 
62320 3.02623 
62340 3.03121 
62360 3.0347 
62380 3.03678 
62400 3.03753 
62420 3.03694 
62440 3.03498 
62460 3.03156 
62480 3.02655 
62500 3.01976 
62520 3.01091 
62540 2.99967 
62560 2.98559 
62580 2.96814 
62600 2.94662 
62620 2.92019 
62640 2.88781 
62660 2.84823 
62680 2.79996 
62700 2.7413 
62720 2.67031 
62740 2.58495 
62760 2.48327 
62780 2.3637 
62800 2.22554 
62820 2.06953 
62840 1.89834 
62860 1.7168 
62880 1.53141 
62900 1.34935 
62920 1.17718 
62940 1.01975 
62960 0.879832 
62980 0.758256 
63000 0.654414 
63020 0.56683 
63040 0.493634 
63060 0.432872 
63080 0.382697 
63100 0.341458 
63120 0.30774 
63140 0.280352 
63160 0.258319 
63180 0.240853 
63200 0.227326 
63220 0.217259 
63240 0.21029 
63260 0.20617 
63280 0.204743 
63300 0.205952 
63320 0.209826 
63340 0.216481 
63360 0.226134 
63380 0.239112 
63400 0.255854 
63420 0.276948 
63440 0.303145 
63460 0.335395 
63480 0.374867 
63500 0.422997 
63520 0.481501 
63540 0.552375 
63560 0.637833 
63580 0.740182 
63600 0.861501 
63620 1.00316 
63640 1.16513 
63660 1.34522 
63680 1.53859 
63700 1.73797 
63720 1.93479 
63740 2.12088 
63760 2.29005 
63780 2.43878 
63800 2.56609 
63820 2.67289 
63840 2.76115 
63860 2.83334 
63880 2.89198 
63900 2.93939 
63920 2.97763 
63940 3.00845 
63960 3.0333 
63980 3.05338 
64000 3.06964 
64020 3.08285 
64040 3.09365 
64060 3.10252 
64080 3.10986 
64100 3.11599 
64120 3.12115 
64140 3.12556 
64160 3.12938 
64180 3.13273 
64200 3.13574 
64220 3.13849 
64240 3.14107 
64260 3.14355 
64280 3.146 
64300 3.14848 
64320 3.15105 
64340 3.15378 
64360 3.15674 
64380 3.16003 
64400 3.16372 
64420 3.16794 
64440 3.17282 
64460 3.17852 
64480 3.18524 
64500 3.19322 
64520 3.20276 
64540 3.21422 
64560 3.22807 
64580 3.24485 
64600 3.26524 
64620 3.29008 
64640 3.32036 
64660 3.35728 
64680 3.40224 
64700 3.45686 
64720 3.52292 
64740 3.60231 
64760 3.69684 
64780 3.808 
64800 3.93654 
64820 4.08203 
64840 4.24239 
64860 4.41372 
64880 4.5905 
64900 4.7664 
64920 4.9353 
64940 5.09225 
64960 5.23405 
64980 5.35923 
65000 5.46775 
65020 5.56051 
65040 5.63893 
65060 5.70464 
65080 5.75926 
65100 5.80427 
65120 5.84097 
65140 5.87045 
65160 5.89361 
65180 5.91114 
65200 5.92357 
65220 5.93127 
65240 5.93446 
65260 5.9332 
65280 5.92741 
65300 5.91688 
65320 5.90121 
65340 5.87985 
65360 5.85206 
65380 5.81686 
65400 5.77306 
65420 5.71922 
65440 5.65365 
65460 5.57448 
65480 5.47979 
65500 5.36781 
65520 5.23737 
65540 5.0884 
65560 4.92257 
65580 4.7437 
65600 4.55772 
65620 4.37195 
65640 4.19376 
65660 4.02924 
65680 3.88236 
65700 3.75485 
65720 3.64658 
65740 3.5562 
65760 3.48172 
65780 3.4209 
65800 3.37158 
65820 3.33177 
65840 3.29974 
65860 3.27404 
65880 3.25343 
65900 3.23694 
65920 3.22376 
65940 3.21323 
65960 3.20485 
65980 3.1982 
66000 3.19297 
66020 3.18888 
66040 3.18576 
66060 3.18344 
66080 3.18181 
66100 3.18077 
66120 3.18028 
66140 3.18028 
66160 3.18076 
66180 3.18171 
66200 3.18314 
66220 3.18508 
66240 3.18757 
66260 3.19067 
66280 3.19447 
66300 3.19908 
66320 3.20463 
66340 3.21131 
66360 3.21932 
66380 3.22895 
66400 3.24052 
66420 3.25446 
66440 3.27129 
66460 3.29165 
66480 3.31632 
66500 3.34626 
66520 3.38265 
66540 3.42687 
66560 3.48058 
66580 3.54566 
66600 3.62419 
66620 3.7183 
66640 3.82992 
66660 3.96042 
66680 4.10999 
66700 4.27707 
66720 4.45791 
66740 4.64661 
66760 4.83592 
66780 5.01848 
66800 5.18822 
66820 5.34111 
66840 5.47536 
66860 5.59094 
66880 5.68903 
66900 5.77146 
66920 5.84025 
66940 5.89741 
66960 5.94475 
66980 5.98389 
67000 6.01618 
67020 6.04273 
67040 6.06449 
67060 6.0822 
67080 6.09646 
67100 6.10774 
67120 6.1164 
67140 6.12273 
67160 6.1269 
67180 6.12904 
67200 6.12919 
67220 6.12732 
67240 6.12334 
67260 6.11708 
67280 6.10829 
67300 6.09662 
67320 6.08159 
67340 6.0626 
67360 6.03887 
67380 6.00943 
67400 5.97306 
67420 5.92827 
67440 5.87326 
67460 5.80591 
67480 5.72381 
67500 5.62444 
67520 5.50539 
67540 5.36495 
67560 5.20281 
67580 5.02095 
67600 4.82426 
67620 4.62035 
67640 4.41844 
67660 4.22732 
67680 4.05369 
67700 3.90131 
67720 3.77115 
67740 3.66219 
67760 3.57228 
67780 3.49883 
67800 3.43921 
67820 3.39101 
67840 3.35215 
67860 3.32085 
67880 3.29567 
67900 3.27542 
67920 3.25916 
67940 3.24613 
67960 3.23574 
67980 3.2275 
68000 3.22105 
68020 3.21611 
68040 3.21243 
68060 3.20987 
68080 3.2083 
68100 3.20764 
68120 3.20784 
68140 3.20887 
68160 3.21077 
68180 3.21356 
68200 3.21731 
68220 3.22213 
68240 3.22817 
68260 3.23562 
68280 3.24471 
68300 3.25576 
68320 3.26913 
68340 3.28532 
68360 3.3049 
68380 3.32861 
68400 3.35735 
68420 3.39221 
68440 3.4345 
68460 3.48579 
68480 3.54789 
68500 3.62285 
68520 3.71281 
68540 3.81984 
68560 3.94559 
68580 4.0907 
68600 4.25426 
68620 4.43319 
68640 4.62213 
68660 4.81394 
68680 5.001 
68700 5.17655 
68720 5.33582 
68740 5.47633 
68760 5.59764 
68780 5.70071 
68800 5.78728 
68820 5.85947 
68840 5.91936 
68860 5.96892 
68880 6.00986 
68900 6.04366 
68920 6.07154 
68940 6.09453 
68960 6.11345 
68980 6.12898 
69000 6.14164 
69020 6.15189 
69040 6.16004 
69060 6.16637 
69080 6.17106 
69100 6.17425 
69120 6.17603 
69140 6.17643 
69160 6.17543 
69180 6.17299 
69200 6.16897 
69220 6.16321 
69240 6.15546 
69260 6.14541 
69280 6.13262 
69300 6.11656 
69320 6.09653 
69340 6.07166 
69360 6.04085 
69380 6.00276 
69400 5.95573 
69420 5.89778 
69440 5.82658 
69460 5.73955 
69480 5.63403 
69500 5.50764 
69520 5.35892 
69540 5.1882 
69560 4.99846 
69580 4.79578 
69600 4.58881 
69620 4.38714 
69640 4.19921 
69660 4.03083 
69680 3.88467 
69700 3.76083 
69720 3.65773 
69740 3.5729 
69760 3.50366 
69780 3.44742 
69800 3.40187 
69820 3.36505 
69840 3.33532 
69860 3.31135 
69880 3.29204 
69900 3.27655 
69920 3.26419 
69940 3.25441 
69960 3.2468 
69980 3.24103 
70000 3.23686 
70020 3.2341 
70040 3.23262 
70060 3.23235 
70080 3.23325 
70100 3.23533 
70120 3.23863 
70140 3.24324 
70160 3.2493 
70180 3.25699 
70200 3.26655 
70220 3.27832 
70240 3.29267 
70260 3.31012 
70280 3.33129 
70300 3.35695 
70320 3.38805 
70340 3.42574 
70360 3.47141 
70380 3.52669 
70400 3.59347 
70420 3.67382 
70440 3.76988 
70460 3.88362 
70480 4.01639 
70500 4.1684 
70520 4.33803 
70540 4.52142 
70560 4.71249 
70580 4.90376 
70600 5.08772 
70620 5.25818 
70640 5.41113 
70660 5.54484 
70680 5.65944 
70700 5.75624 
70720 5.83719 
70740 5.90444 
70760 5.96009 
70780 6.00603 
70800 6.04392 
70820 6.07518 
70840 6.10097 
70860 6.12226 
70880 6.13983 
70900 6.15432 
70920 6.16624 
70940 6.17601 
70960 6.18395 
70980 6.19033 
71000 6.19532 
71020 6.1991 
71040 6.20176 
71060 6.20337 
71080 6.20396 
71100 6.20353 
71120 6.20203 
71140 6.19939 
71160 6.19548 
71180 6.19013 
71200 6.18311 
71220 6.17411 
71240 6.16273 
71260 6.14847 
71280 6.13069 
71300 6.10858 
71320 6.08114 
71340 6.04709 
71360 6.00489 
71380 5.95269 
71400 5.88826 
71420 5.80909 
71440 5.71251 
71460 5.59593 
71480 5.45743 
71500 5.29649 
71520 5.1149 
71540 4.91745 
71560 4.71181 
71580 4.50736 
71600 4.3132 
71620 4.13628 
71640 3.98053 
71660 3.84705 
71680 3.73488 
71700 3.64191 
71720 3.56554 
71740 3.50317 
71760 3.45244 
71780 3.41125 
71800 3.37789 
71820 3.35091 
71840 3.32917 
71860 3.31174 
71880 3.29788 
71900 3.28702 
71920 3.27869 
71940 3.27258 
71960 3.26841 
71980 3.26601 
72000 3.26527 
72020 3.26613 
72040 3.26861 
72060 3.27275 
72080 3.27867 
72100 3.28655 
72120 3.29664 
72140 3.30926 
72160 3.32485 
72180 3.34392 
72200 3.36715 
72220 3.39536 
72240 3.42957 
72260 3.471 
72280 3.52112 
72300 3.58164 
72320 3.65449 
72340 3.74177 
72360 3.84553 
72380 3.96748 
72400 4.10852 
72420 4.26814 
72440 4.44378 
72460 4.63063 
72480 4.82194 
72500 5.01011 
72520 5.18811 
72540 5.35065 
72560 5.49473 
72580 5.61949 
72600 5.72562 
72620 5.81475 
72640 5.88896 
72660 5.9504 
72680 6.0011 
72700 6.04288 
72720 6.07729 
72740 6.10564 
72760 6.12903 
72780 6.14835 
72800 6.16432 
72820 6.17755 
72840 6.18851 
72860 6.19757 
72880 6.20506 
72900 6.21121 
72920 6.21622 
72940 6.22024 
72960 6.22339 
72980 6.22574 
73000 6.22737 
73020 6.2283 
73040 6.22854 
73060 6.22808 
73080 6.22687 
73100 6.22485 
73120 6.22191 
73140 6.21792 
73160 6.2127 
73180 6.20599 
73200 6.1975 
73220 6.18682 
73240 6.17347 
73260 6.15679 
73280 6.136 
73300 6.11011 
73320 6.07788 
73340 6.03782 
73360 5.9881 
73380 5.92661 
73400 5.85094 
73420 5.75854 
73440 5.64694 
73460 5.5143 
73480 5.36004 
73500 5.18567 
73520 4.99541 
73540 4.79621 
73560 4.5967 
73580 4.40551 
73600 4.22956 
73620 4.07305 
73640 3.93754 
73660 3.82256 
73680 3.72636 
73700 3.64669 
73720 3.58114 
73740 3.52747 
73760 3.48371 
73780 3.44817 
73800 3.41948 
73820 3.3965 
73840 3.37833 
73860 3.36427 
73880 3.35377 
73900 3.34641 
73920 3.34191 
73940 3.34009 
73960 3.34084 
73980 3.34416 
74000 3.35014 
74020 3.35896 
74040 3.37087 
74060 3.38626 
74080 3.40563 
74100 3.42963 
74120 3.45904 
74140 3.49487 
74160 3.53833 
74180 3.59083 
74200 3.65404 
74220 3.72981 
74240 3.82011 
74260 3.92678 
74280 4.05128 
74300 4.19415 
74320 4.35448 
74340 4.52938 
74360 4.71384 
74380 4.9012 
74400 5.0842 
74420 5.25635 
74440 5.41289 
74460 5.55124 
74480 5.67077 
74500 5.77228 
74520 5.8574 
74540 5.92816 
74560 5.98663 
74580 6.03479 
74600 6.07438 
74620 6.10691 
74640 6.13366 
74660 6.15568 
74680 6.17386 
74700 6.18889 
74720 6.20136 
74740 6.21175 
74760 6.22042 
74780 6.22769 
74800 6.2338 
74820 6.23896 
74840 6.24334 
74860 6.24705 
74880 6.25021 
74900 6.25291 
74920 6.25521 
74940 6.25718 
74960 6.25886 
74980 6.26028 
75000 6.26148 
75020 6.26249 
75040 6.2633 
75060 6.26395 
75080 6.26442 
75100 6.26473 
75120 6.26488 
75140 6.26484 
75160 6.2646 
75180 6.26414 
75200 6.26342 
75220 6.26241 
75240 6.26103 
75260 6.25922 
75280 6.25688 
75300 6.2539 
75320 6.25012 
75340 6.24537 
75360 6.23944 
75380 6.23204 
75400 6.22289 
75420 6.21161 
75440 6.19778 
75460 6.18093 
75480 6.16054 
75500 6.13608 
75520 6.10698 
75540 6.0727 
75560 6.03281 
75580 5.98694 
75600 5.93498 
75620 5.87704 
75640 5.81356 
75660 5.74537 
75680 5.67367 
75700 5.6 
75720 5.5262 
75740 5.45426 
75760 5.3862 
75780 5.32395 
75800 5.26922 
75820 5.22346 
75840 5.18778 
75860 5.16303 
75880 5.14972 
75900 5.14813 
75920 5.15829 
75940 5.17996 
75960 5.21266 
75980 5.25563 
76000 5.30784 
76020 5.36795 
76040 5.43432 
76060 5.50515 
76080 5.57848 
76100 5.65234 
76120 5.72488 
76140 5.79452 
76160 5.85995 
76180 5.92025 
76200 5.97486 
76220 6.02353 
76240 6.0663 
76260 6.10342 
76280 6.13528 
76300 6.16236 
76320 6.18519 
76340 6.2043 
76360 6.2202 
76380 6.23337 
76400 6.24423 
76420 6.25318 
76440 6.26054 
76460 6.2666 
76480 6.2716 
76500 6.27575 
76520 6.2792 
76540 6.2821 
76560 0.00139181 
76580 0.00352804 
76600 0.00540678 
76620 0.00709478 
76640 0.00864927 
76660 0.010116 
76680 0.0115408 
76700 0.0129599 
76720 0.0144114 
76740 0.0159277 
76760 0.0175471 
76780 0.0193075 
76800 0.0212511 
76820 0.0234236 
76840 0.0258822 
76860 0.0286898 
76880 0.0319246 
76900 0.0356802 
76920 0.0400709 
76940 0.0452379 
76960 0.0513586 
76980 0.0586447 
77000 0.0673689 
77020 0.0778689 
77040 0.090568 
77060 0.105995 
77080 0.124814 
77100 0.147859 
77120 0.176166 
77140 0.211021 
77160 0.254009 
77180 0.307044 
77200 0.372402 
77220 0.45268 
77240 0.550678 
77260 0.669103 
77280 0.810041 
77300 0.974145 
77320 1.15966 
77340 1.3617 
77360 1.57228 
77380 1.78162 
77400 1.98025 
77420 2.16096 
77440 2.31976 
77460 2.45562 
77480 2.56964 
77500 2.6641 
77520 2.7417 
77540 2.80517 
77560 2.85695 
77580 2.89919 
77600 2.93366 
77620 2.96184 
77640 2.98491 
77660 3.00383 
77680 3.01937 
77700 3.03214 
77720 3.04263 
77740 3.05122 
77760 3.05822 
77780 3.06386 
77800 3.06833 
77820 3.07177 
77840 3.07429 
77860 3.07594 
77880 3.07677 
77900 3.07679 
77920 3.07598 
77940 3.07429 
77960 3.07165 
77980 3.06794 
78000 3.06301 
78020 3.05665 
78040 3.04862 
78060 3.03858 
78080 3.02611 
78100 3.01071 
78120 2.99173 
78140 2.96842 
78160 2.93982 
78180 2.90481 
78200 2.86204 
78220 2.80997 
78240 2.7469 
78260 2.67098 
78280 2.58041 
78300 2.47369 
78320 2.34992 
78340 2.20933 
78360 2.05364 
78380 1.88638 
78400 1.71272 
78420 1.53881 
78440 1.37079 
78460 1.21377 
78480 1.07128 
78500 0.945081 
78520 0.83547 
78540 0.74172 
78560 0.662519 
78580 0.596284 
78600 0.541429 
78620 0.496467 
78640 0.46009 
78660 0.431196 
78680 0.40888 
78700 0.392438 
78720 0.381345 
78740 0.375244 
78760 0.373933 
78780 0.377368 
78800 0.385656 
78820 0.399059 
78840 0.418008 
78860 0.443111 
78880 0.475181 
78900 0.515241 
78920 0.564552 
78940 0.624605 
78960 0.697092 
78980 0.78383 
79000 0.88659 
79020 1.0068 
79040 1.14511 
79060 1.30083 
79080 1.47141 
79100 1.65222 
79120 1.83684 
79140 2.01808 
79160 2.18924 
79180 2.34521 
79200 2.48305 
79220 2.60182 
79240 2.70213 
79260 2.78558 
79280 2.85422 
79300 2.9102 
79320 2.95559 
79340 2.99226 
79360 3.02181 
79380 3.04559 
79400 3.06475 
79420 3.08019 
79440 3.09269 
79460 3.10282 
79480 3.11109 
79500 3.11788 
79520 3.1235 
79540 3.12821 
79560 3.13218 
79580 3.1356 
79600 3.13859 
79620 3.14125 
79640 3.14368 
79660 3.14594 
79680 3.14812 
79700 3.15026 
79720 3.15243 
79740 3.15466 
79760 3.15704 
79780 3.15962 
79800 3.16245 
79820 3.16563 
79840 3.16923 
79860 3.17336 
79880 3.17816 
79900 3.18377 
79920 3.19037 
79940 3.19821 
79960 3.20757 
79980 3.21878 
80000 3.23229 
