0 12.673659 0 12.673659 0.83134443 0.18113576 0.05236439 
0.0099999998 12.642356 -0.031329155 12.673685 0.79882103 0.1831115 0.07893566 
0.02 12.61112 -0.062658787 12.673779 0.76751459 0.18637975 0.11284762 
0.029999999 12.579973 -0.093983173 12.673956 0.73742622 0.19155169 0.14700675 
0.039999999 12.54886 -0.12533045 12.674191 0.70851523 0.19909433 0.17999116 
0.050000001 12.517827 -0.15667582 12.674503 0.68073696 0.2090468 0.21164612 
0.059999999 12.486865 -0.18804359 12.674909 0.65404749 0.22097339 0.24199401 
0.07 12.455974 -0.21942091 12.675394 0.62840438 0.234185 0.27108222 
0.079999998 12.425171 -0.25080824 12.67598 0.60376674 0.24800177 0.29896122 
0.090000004 12.394438 -0.28220749 12.676645 0.58009523 0.2618911 0.32568058 
0.1 12.363789 -0.31362629 12.677415 0.55735207 0.27548575 0.35128826 
0.11 12.333222 -0.345047 12.678269 0.53550088 0.28854942 0.37583029 
0.12 12.302758 -0.37647915 12.679237 0.5145067 0.30093575 0.39935079 
0.13 12.272384 -0.4079175 12.680302 0.49433607 0.31255713 0.42189211 
0.14 12.242111 -0.43936634 12.681478 0.47495669 0.32336491 0.44349471 
0.15000001 12.211927 -0.47081423 12.682741 0.45633766 0.33333746 0.46419728 
0.16 12.181878 -0.50224352 12.684122 0.43844917 0.34247324 0.48403677 
0.17 12.151918 -0.53369379 12.685612 0.42126277 0.3507863 0.5030483 
0.18000001 12.122109 -0.56510305 12.687212 0.40475097 0.35830316 0.52126503 
0.19 12.092402 -0.59652996 12.688931 0.38888752 0.36506024 0.53871828 
0.2 12.062839 -0.62793159 12.69077 0.37364712 0.3711015 0.55543673 
0.20999999 12.033431 -0.65929794 12.692729 0.35900563 0.37647617 0.57144618 
0.22 12.004186 -0.6906352 12.69482 0.34493977 0.3812367 0.58676857 
0.23 11.975062 -0.72195387 12.697016 0.33142734 0.38543707 0.60141987 
0.23999999 11.946146 -0.75322866 12.699375 0.31844699 0.38913086 0.615408 
0.25 11.917409 -0.78445005 12.701859 0.30597845 0.39237025 0.62872791 
0.25999999 11.888846 -0.8156352 12.704481 0.29400223 0.39520484 0.64135516 
0.27000001 11.860509 -0.84674788 12.707256 0.28249997 0.39768091 0.65323657 
0.28 11.83236 -0.87782192 12.710182 0.27145422 0.39984104 0.66427869 
0.28999999 11.804452 -0.90882397 12.713276 0.26084861 0.40172383 0.67433763 
0.30000001 11.776776 -0.93974733 12.716524 0.25066817 0.40336391 0.68321967 
0.31 11.749366 -0.97060394 12.71997 0.24089937 0.40479192 0.69070727 
0.31999999 11.722191 -1.0013733 12.723564 0.2315307 0.40603486 0.69661999 
0.33000001 11.695299 -1.032042 12.727341 0.22255315 0.40711629 0.7008931 
0.34 11.668674 -1.0626459 12.731319 0.21396124 0.40805665 0.70362437 
0.34999999 11.642366 -1.0931225 12.735489 0.20575419 0.40887356 0.70504934 
0.36000001 11.616361 -1.1234946 12.739855 0.19793764 0.40958214 0.70546496 
0.37 11.590677 -1.1537552 12.744432 0.19052571 0.41019544 0.7051546 
0.38 11.565296 -1.1839175 12.749214 0.1835434 0.41072455 0.70434767 
0.38999999 11.540256 -1.2139578 12.754213 0.17702846 0.41117907 0.70321172 
0.40000001 11.515583 -1.2438588 12.759441 0.17103212 0.41156724 0.70186216 
0.41 11.491251 -1.2736268 12.764877 0.16561612 0.41189629 0.70037544 
0.41999999 11.467293 -1.3032532 12.770546 0.16084504 0.4121725 0.69880134 
0.43000001 11.443703 -1.3327355 12.776438 0.15677269 0.41240153 0.69717205 
0.44 11.420498 -1.362071 12.782569 0.15342653 0.41258839 0.69550818 
0.44999999 11.397685 -1.3912554 12.78894 0.15079647 0.41273758 0.69382316 
0.46000001 11.375274 -1.4202738 12.795547 0.1488343 0.41285312 0.69212556 
0.47 11.353297 -1.4490952 12.802393 0.14746396 0.41293851 0.69042093 
0.47999999 11.331717 -1.4777708 12.809488 0.14659686 0.4129968 0.68871295 
0.49000001 11.310564 -1.5062532 12.816817 0.14614585 0.41303051 0.68700403 
0.5 11.289863 -1.5345364 12.824399 0.14603417 0.41304186 0.68529582 
0.50999999 11.269595 -1.5626316 12.832227 0.14620005 0.41303262 0.6835894 
0.51999998 11.249777 -1.5905223 12.8403 0.14659794 0.41300431 0.6818856 
0.52999997 11.230453 -1.6181903 12.848642 0.1471986 0.41295806 0.6801849 
0.54000002 11.211541 -1.6456642 12.857205 0.14798845 0.41289464 0.67848772 
0.55000001 11.193139 -1.6729012 12.86604 0.14896914 0.41281426 0.67679429 
0.56 11.175215 -1.6999183 12.875134 0.15015687 0.41271654 0.6751048 
0.56999999 11.157742 -1.7267032 12.884445 0.15158178 0.41260028 0.67341936 
0.57999998 11.140802 -1.753231 12.894033 0.15328671 0.41246343 0.67173803 
0.58999997 11.124341 -1.77953 12.903872 0.15532523 0.41230318 0.67006087 
0.60000002 11.108381 -1.8055725 12.913954 0.15775827 0.41211605 0.66838783 
0.61000001 11.092944 -1.8313389 12.924283 0.16064948 0.41189831 0.66671896 
0.62 11.07799 -1.8568616 12.934851 0.16405973 0.41164637 0.66505426 
0.63 11.063589 -1.8820806 12.945669 0.16804118 0.41135702 0.66339368 
0.63999999 11.049682 -1.9070287 12.956711 0.17263226 0.41102788 0.66173726 
0.64999998 11.0363 -1.9316907 12.967991 0.17785425 0.41065755 0.66008502 
0.66000003 11.023459 -1.9560719 12.979531 0.18370999 0.41024566 0.65843683 
0.67000002 11.011153 -1.9801188 12.991272 0.19018464 0.40979281 0.65679282 
0.68000001 10.999388 -2.0038686 13.003256 0.19724819 0.40930045 0.65515292 
0.69 10.988152 -2.0273066 13.015458 0.20485882 0.40877059 0.65351707 
0.69999999 10.977466 -2.0504093 13.027875 0.21296667 0.40820578 0.65188533 
0.70999998 10.967324 -2.0731931 13.040518 0.22151725 0.40760875 0.65025765 
0.72000003 10.957741 -2.0956464 13.053387 0.23045444 0.40698233 0.64863402 
0.73000002 10.948713 -2.1177392 13.066452 0.23972276 0.40632936 0.64701444 
0.74000001 10.940221 -2.1395116 13.079733 0.24926898 0.40565255 0.64539891 
0.75 10.932291 -2.1609344 13.093225 0.25904319 0.40495446 0.64378744 
0.75999999 10.924924 -2.1820016 13.106926 0.26899943 0.40423751 0.64218003 
0.76999998 10.918128 -2.2027073 13.120835 0.27909583 0.40350387 0.64057654 
0.77999997 10.911874 -2.2230601 13.134933 0.28929487 0.40275556 0.63897711 
0.79000002 10.906199 -2.2430553 13.149255 0.2995629 0.40199438 0.63738167 
0.80000001 10.901078 -2.2626953 13.163774 0.30987021 0.40122193 0.63579023 
0.81 10.896535 -2.2819405 13.178475 0.32019061 0.40043971 0.63420272 
0.81999999 10.892555 -2.3008327 13.193388 0.33050108 0.39964902 0.6326192 
0.82999998 10.889143 -2.3193684 13.208511 0.34078151 0.39885107 0.63103962 
0.83999997 10.886295 -2.3375258 13.223822 0.35101444 0.39804688 0.62946397 
0.85000002 10.884033 -2.3552995 13.239332 0.36118466 0.39723739 0.62789232 
0.86000001 10.882328 -2.3727098 13.255037 0.37127906 0.39642349 0.62632453 
0.87 10.881198 -2.3897429 13.270941 0.38128638 0.39560592 0.62476069 
0.88 10.880629 -2.4064178 13.287046 0.39119697 0.39478537 0.62320071 
0.88999999 10.880648 -2.422699 13.303347 0.40100256 0.39396244 0.62164468 
0.89999998 10.881216 -2.438633 13.319849 0.41069615 0.39313772 0.62009251 
0.91000003 10.88236 -2.4541845 13.336544 0.4202719 0.39231169 0.61854422 
0.92000002 10.884081 -2.4693666 13.353447 0.42972487 0.3914848 0.61699975 
0.93000001 10.886366 -2.4841776 13.370543 0.43905109 0.39065748 0.6154592 
0.94 10.889221 -2.4986205 13.387842 0.44824719 0.38983008 0.61392248 
0.94999999 10.892634 -2.5126991 13.405334 0.45731065 0.38900298 0.61238956 
0.95999998 10.896624 -2.5264235 13.423047 0.46623939 0.38817644 0.61086053 
0.97000003 10.901169 -2.5397673 13.440936 0.47503191 0.38735077 0.60933524 
0.98000002 10.906296 -2.5527611 13.459057 0.48368716 0.3865262 0.60781384 
0.99000001 10.911976 -2.5653858 13.477362 0.49220449 0.38570297 0.60629618 
1 10.918216 -2.5776639 13.49588 0.50058359 0.38488132 0.60478234 
1.01 10.92503 -2.5895767 13.514606 0.50882453 0.38406143 0.60327226 
1.02 10.932389 -2.6011443 13.533533 0.51692754 0.38324344 0.60176599 
1.03 10.9403 -2.6123619 13.552662 0.52489316 0.38242757 0.60026348 
1.04 10.948782 -2.6232243 13.572006 0.53272212 0.38161394 0.59876466 
1.05 10.957812 -2.6337543 13.591566 0.54041529 0.38080269 0.59726965 
1.0599999 10.967393 -2.6439281 13.61132 0.54797387 0.37999398 0.59577829 
1.0700001 10.977515 -2.6537538 13.631269 0.555399 0.37918785 0.59429073 
1.08 10.988193 -2.6632552 13.651447 0.56269199 0.37838447 0.59280688 
1.09 10.999413 -2.6724186 13.671831 0.56985432 0.37758392 0.59132671 
1.1 11.01117 -2.681253 13.692423 0.57688749 0.37678626 0.58985025 
1.11 11.023482 -2.6897502 13.713232 0.58379316 0.37599164 0.58837742 
1.12 11.03631 -2.697916 13.734226 0.59057301 0.37520006 0.58690834 
1.13 11.049706 -2.7057557 13.755463 0.59722871 0.37441164 0.5854429 
1.14 11.063608 -2.7132978 13.776906 0.60376209 0.37362641 0.5839811 
1.15 11.078046 -2.7204976 13.798544 0.61017489 0.37284446 0.58252299 
1.16 11.093011 -2.7273898 13.8204 0.61646897 0.37206581 0.58106852 
1.17 11.108525 -2.7339559 13.842482 0.62264627 0.37129053 0.57961762 
1.1799999 11.124544 -2.7402182 13.864762 0.6287086 0.37051862 0.57817042 
1.1900001 11.141068 -2.7461729 13.88724 0.63465786 0.3697502 0.57672679 
1.2 11.158118 -2.7518182 13.909937 0.64049596 0.36898524 0.57528675 
1.21 11.175684 -2.7571592 13.932843 0.64622474 0.36822379 0.57385033 
1.22 11.193757 -2.7622075 13.955965 0.65184623 0.36746588 0.5724175 
1.23 11.212329 -2.7669511 13.97928 0.65736222 0.36671156 0.57098824 
1.24 11.231427 -2.7714028 14.002831 0.66277462 0.36596081 0.56956255 
1.25 11.251022 -2.7755613 14.026584 0.6680854 0.36521366 0.56814045 
1.26 11.271079 -2.7794576 14.050537 0.67329627 0.36447012 0.56672186 
1.27 11.291678 -2.7830043 14.074682 0.67840916 0.36373025 0.56530684 
1.28 11.31274 -2.7863159 14.099056 0.6834259 0.36299402 0.56389534 
1.29 11.334284 -2.7893362 14.12362 0.68834829 0.36226144 0.56248736 
1.3 11.356331 -2.792079 14.14841 0.69317818 0.36153254 0.5610829 
1.3099999 11.378836 -2.7945375 14.173373 0.69791728 0.36080733 0.55968195 
1.3200001 11.401834 -2.7967219 14.198555 0.7025674 0.36008579 0.55828446 
1.33 11.425306 -2.7986345 14.223941 0.70713025 0.35936794 0.55689049 
1.34 11.449236 -2.8002796 14.249516 0.71160752 0.35865375 0.55550003 
1.35 11.473641 -2.8016782 14.27532 0.71600091 0.35794327 0.55411303 
1.36 11.498497 -2.802803 14.3013 0.72031206 0.35723647 0.55272943 
1.37 11.523815 -2.8036604 14.327476 0.72454262 0.35653335 0.55134934 
1.38 11.54959 -2.8042626 14.353853 0.7286942 0.35583392 0.54997271 
1.39 11.575813 -2.8046236 14.380437 0.73276836 0.35513815 0.54859948 
1.4 11.602488 -2.8047075 14.407195 0.73676664 0.35444602 0.54722971 
1.41 11.629597 -2.8045635 14.43416 0.74069059 0.35375759 0.54586333 
1.42 11.657158 -2.8041553 14.461313 0.74454176 0.35307279 0.54450041 
1.4299999 11.685131 -2.8035202 14.488651 0.74832153 0.35239163 0.54314083 
1.4400001 11.713566 -2.8026257 14.516191 0.75203145 0.3517141 0.5417847 
1.45 11.742385 -2.8015161 14.543901 0.75567287 0.35104021 0.54043192 
1.46 11.771658 -2.8001471 14.571805 0.75924718 0.3503699 0.53908253 
1.47 11.801332 -2.798553 14.599884 0.76275581 0.34970319 0.53773648 
1.48 11.831444 -2.7967148 14.628159 0.76620001 0.34904009 0.53639382 
1.49 11.861948 -2.7946682 14.656616 0.7695812 0.34838054 0.5350545 
1.5 11.89286 -2.7923689 14.685229 0.77290058 0.34772453 0.53371859 
1.51 11.92418 -2.7898602 14.714041 0.77615952 0.34707206 0.53238595 
1.52 11.955891 -2.7871532 14.743044 0.77935916 0.34642315 0.53105664 
1.53 11.988003 -2.7841854 14.772188 0.78250074 0.34577772 0.52973062 
1.54 12.020492 -2.7810292 14.801521 0.78558546 0.34513578 0.52840799 
1.55 12.053378 -2.7776513 14.83103 0.78861451 0.34449732 0.52708858 
1.5599999 12.086642 -2.7740607 14.860703 0.79158896 0.34386232 0.52577251 
1.5700001 12.120275 -2.7702646 14.89054 0.79451001 0.34323075 0.52445972 
1.58 12.154299 -2.7662535 14.920552 0.79737878 0.34260264 0.52315021 
1.59 12.188684 -2.762053 14.950737 0.80019623 0.34197789 0.52184397 
1.6 12.223432 -2.7576318 14.981064 0.8029635 0.34135655 0.52054101 
1.61 12.258535 -2.7530222 15.011558 0.80568153 0.34073859 0.51924127 
1.62 12.293997 -2.7482147 15.042212 0.80835146 0.34012395 0.51794481 
1.63 12.329823 -2.7432051 15.073028 0.81097412 0.33951268 0.51665157 
1.64 12.36598 -2.7380066 15.103987 0.81355059 0.33890468 0.51536155 
1.65 12.402485 -2.7326136 15.135098 0.81608182 0.33829999 0.51407474 
1.66 12.439339 -2.7270355 15.166374 0.81856865 0.33769858 0.51279116 
1.67 12.476501 -2.7212934 15.197795 0.82101202 0.33710042 0.51151079 
1.6799999 12.514019 -2.7153435 15.229362 0.82341284 0.3365055 0.51023358 
1.6900001 12.551851 -2.7092228 15.261074 0.82577193 0.33591378 0.50895959 
1.7 12.589993 -2.7029338 15.292927 0.82809013 0.33532527 0.50768882 
1.71 12.628475 -2.6964521 15.324927 0.83036834 0.33473992 0.50642115 
1.72 12.667267 -2.6898117 15.357079 0.83260733 0.33415771 0.5051567 
1.73 12.706366 -2.6829777 15.389343 0.83480781 0.33357865 0.5038954 
1.74 12.745751 -2.6759944 15.421745 0.83697075 0.33300272 0.50263721 
1.75 12.785461 -2.668849 15.45431 0.83909672 0.33242986 0.50138217 
1.76 12.82546 -2.6615314 15.486992 0.84118652 0.33186007 0.5001303 
1.77 12.865737 -2.6540494 15.519787 0.84324092 0.33129334 0.49888155 
1.78 12.906321 -2.6463995 15.55272 0.84526056 0.33072963 0.4976359 
1.79 12.947176 -2.6386089 15.585785 0.84724623 0.33016896 0.49639335 
1.8 12.988327 -2.6306648 15.618992 0.84919846 0.32961127 0.49515393 
1.8099999 13.029728 -2.6225595 15.652287 0.85111809 0.32905653 0.49391758 
1.8200001 13.071415 -2.6143026 15.685718 0.85300565 0.32850477 0.49268433 
1.83 13.113357 -2.6059117 15.719269 0.8548618 0.32795593 0.49145415 
1.84 13.155581 -2.5973606 15.752941 0.85668713 0.32741001 0.49022704 
1.85 13.198033 -2.5886693 15.786703 0.8584823 0.32686698 0.48900303 
1.86 13.240771 -2.5798306 15.820602 0.86024791 0.32632682 0.48778203 
1.87 13.283735 -2.5708647 15.8546 0.86198449 0.32578948 0.4865641 
1.88 13.326947 -2.5617719 15.88872 0.8636927 0.32525501 0.48534921 
1.89 13.37041 -2.5525184 15.922928 0.86537296 0.32472333 0.48413736 
1.9 13.414108 -2.5431461 15.957254 0.86702591 0.32419446 0.48292851 
1.91 13.458035 -2.533637 15.991672 0.86865211 0.32366836 0.48172271 
1.92 13.502193 -2.5240011 16.026196 0.87025195 0.323145 0.48051992 
1.9299999 13.546566 -2.5142441 16.06081 0.87182605 0.32262439 0.47932011 
1.9400001 13.591163 -2.5043569 16.09552 0.87337488 0.32210648 0.47812331 
1.95 13.635979 -2.4943581 16.130337 0.87489891 0.32159126 0.47692949 
1.96 13.681007 -2.4842424 16.165249 0.87639868 0.32107872 0.47573867 
1.97 13.726254 -2.4739943 16.200249 0.87787455 0.32056883 0.47455081 
1.98 13.771686 -2.4636388 16.235325 0.87932706 0.32006159 0.4733659 
1.99 13.817322 -2.4531679 16.270489 0.88075662 0.31955698 0.47218397 
2 13.863149 -2.4425931 16.305742 0.8821637 0.31905496 0.47100499 
2.01 13.909174 -2.431901 16.341076 0.88354868 0.31855553 0.46982893 
2.02 13.955384 -2.4211078 16.376492 0.88491195 0.31805864 0.46865582 
2.03 14.001785 -2.4102058 16.411991 0.88625401 0.31756431 0.46748567 
2.04 14.048368 -2.3992105 16.447578 0.88757527 0.31707251 0.4663184 
2.05 14.095113 -2.3880877 16.4832 0.88887602 0.31658322 0.46515408 
2.0599999 14.142039 -2.3769002 16.51894 0.89015669 0.3160964 0.46399263 
2.0699999 14.189121 -2.3656034 16.554726 0.89141768 0.31561208 0.46283409 
2.0799999 14.236381 -2.3542008 16.590582 0.89265931 0.3151302 0.46167848 
2.0899999 14.283793 -2.3427091 16.626503 0.89388198 0.31465074 0.46052572 
2.0999999 14.331364 -2.3311529 16.662518 0.89508605 0.31417373 0.45937583 
2.1099999 14.379086 -2.3194661 16.698553 0.89627182 0.3136991 0.45822883 
2.1199999 14.426963 -2.3077197 16.734682 0.8974396 0.31322688 0.45708469 
2.1300001 14.474965 -2.2958932 16.770859 0.89858985 0.31275702 0.45594341 
2.1400001 14.523129 -2.2839661 16.807095 0.89972275 0.31228948 0.45480496 
2.1500001 14.571418 -2.2719684 16.843386 0.90083873 0.31182432 0.45366937 
2.1600001 14.619834 -2.2598863 16.879721 0.90193802 0.31136143 0.45253661 
2.1700001 14.668399 -2.2477279 16.916126 0.90302092 0.31090087 0.45140669 
2.1800001 14.717065 -2.2354999 16.952564 0.90408778 0.3104426 0.45027959 
2.1900001 14.765883 -2.2231803 16.989063 0.90513891 0.30998659 0.4491553 
2.2 14.814795 -2.210814 17.02561 0.90617448 0.30953282 0.44803381 
2.21 14.863827 -2.1983681 17.062195 0.90719485 0.30908129 0.44691512 
2.22 14.912971 -2.1858568 17.098827 0.90820032 0.30863199 0.44579923 
2.23 14.962231 -2.1732702 17.135502 0.90919113 0.30818489 0.44468611 
2.24 15.011591 -2.1606379 17.17223 0.91016746 0.30773997 0.4435758 
2.25 15.06103 -2.1479287 17.20896 0.91112971 0.3072972 0.44246826 
2.26 15.110595 -2.135159 17.245754 0.91207802 0.30685663 0.44136345 
2.27 15.160236 -2.1223326 17.28257 0.91301262 0.30641818 0.44026142 
2.28 15.20997 -2.1094623 17.319431 0.91393387 0.30598184 0.43916214 
2.29 15.259794 -2.0965071 17.3563 0.91484195 0.30554762 0.43806562 
2.3 15.309702 -2.083519 17.393221 0.91573703 0.30511552 0.43697181 
2.3099999 15.359662 -2.070497 17.430159 0.91661942 0.30468547 0.43588075 
2.3199999 15.409737 -2.0573969 17.467133 0.91748929 0.30425751 0.4347924 
2.3299999 15.459867 -2.0442419 17.504108 0.91834688 0.30383158 0.43370679 
2.3399999 15.510067 -2.0310535 17.541121 0.91919237 0.3034077 0.43262386 
2.3499999 15.560322 -2.0178175 17.57814 0.92002606 0.30298585 0.43154368 
2.3599999 15.610641 -2.0045667 17.615208 0.92084807 0.30256599 0.43046615 
2.3699999 15.661036 -1.9912353 17.652271 0.92165858 0.30214813 0.42939132 
2.3800001 15.711474 -1.977879 17.689354 0.92245787 0.30173224 0.42831919 
2.3900001 15.761964 -1.9644856 17.72645 0.92324603 0.30131832 0.42724973 
2.4000001 15.812498 -1.9510546 17.763554 0.92402339 0.30090636 0.42618296 
2.4100001 15.863068 -1.9375868 17.800655 0.92478997 0.30049634 0.42511883 
2.4200001 15.913709 -1.9240928 17.837801 0.92554611 0.30008823 0.42405736 
2.4300001 15.964365 -1.9105616 17.874928 0.92629188 0.29968205 0.42299855 
2.4400001 16.015076 -1.8970013 17.912077 0.92702746 0.29927775 0.42194235 
2.45 16.065805 -1.8834038 17.949209 0.92775303 0.29887533 0.42088881 
2.46 16.11657 -1.8697939 17.986362 0.92846882 0.29847479 0.41983792 
2.47 16.167372 -1.8561401 18.023512 0.92917496 0.29807612 0.41878963 
2.48 16.218163 -1.8424864 18.06065 0.92987156 0.29767928 0.41774398 
2.49 16.269012 -1.8287888 18.097801 0.9305588 0.29728428 0.4167009 
2.5 16.319876 -1.8150721 18.134949 0.93123686 0.29689109 0.41566047 
2.51 16.370726 -1.8013563 18.172081 0.93190593 0.29649973 0.4146226 
2.52 16.421619 -1.7876015 18.209221 0.93256605 0.29611015 0.41358736 
2.53 16.472506 -1.7738361 18.246342 0.93321747 0.29572234 0.41255468 
2.54 16.523394 -1.7600632 18.283457 0.93386024 0.29533631 0.41152456 
2.55 16.574282 -1.7462769 18.320559 0.93449461 0.29495203 0.41049704 
2.5599999 16.625189 -1.732461 18.357651 0.93512064 0.29456952 0.40947208 
2.5699999 16.676081 -1.7186413 18.394722 0.93573844 0.29418871 0.40844968 
2.5799999 16.726963 -1.7048149 18.431778 0.9363482 0.29380965 0.40742984 
2.5899999 16.77783 -1.6909971 18.468826 0.93695009 0.2934323 0.40641254 
2.5999999 16.828709 -1.6771526 18.505861 0.93754411 0.29305661 0.40539777 
2.6099999 16.879557 -1.6633005 18.542858 0.9381305 0.29268265 0.40438554 
2.6199999 16.930405 -1.6494541 18.579859 0.93870932 0.29231033 0.40337583 
2.6300001 16.981199 -1.6356096 18.61681 0.93928069 0.29193971 0.40236866 
2.6400001 17.031996 -1.6217499 18.653746 0.93984479 0.29157072 0.401364 
2.6500001 17.082771 -1.6078901 18.690662 0.94040161 0.29120338 0.40036184 
2.6600001 17.133503 -1.5940475 18.727551 0.94095147 0.29083765 0.39936221 
2.6700001 17.184227 -1.5801945 18.764421 0.94149429 0.29047355 0.39836505 
2.6800001 17.234901 -1.5663567 18.801258 0.94203025 0.29011106 0.39737037 
2.6900001 17.285536 -1.5525074 18.838043 0.94255942 0.28975019 0.39637819 
2.7 17.336138 -1.5386734 18.874811 0.94308197 0.28939089 0.39538848 
2.71 17.386713 -1.5248365 18.911549 0.94359803 0.28903317 0.39440125 
2.72 17.437225 -1.5110321 18.948257 0.94410759 0.28867701 0.39341646 
2.73 17.487709 -1.4972 18.984909 0.94461083 0.28832239 0.39243415 
2.74 17.538136 -1.4834118 19.021547 0.94510782 0.28796932 0.39145431 
2.75 17.588518 -1.4696188 19.058136 0.9455986 0.2876178 0.39047688 
2.76 17.638851 -1.4558401 19.094692 0.94608343 0.2872678 0.38950193 
2.77 17.689102 -1.4421053 19.131207 0.94656223 0.28691933 0.38852939 
2.78 17.739338 -1.4283409 19.167679 0.94703519 0.28657234 0.38755926 
2.79 17.789476 -1.4146376 19.204113 0.94750232 0.28622684 0.38659158 
2.8 17.839563 -1.4009361 19.240499 0.94796377 0.28588283 0.38562632 
2.8099999 17.889608 -1.3872299 19.276838 0.94841969 0.28554031 0.38466346 
2.8199999 17.939569 -1.3735723 19.313141 0.94887 0.28519925 0.38370299 
2.8299999 17.989449 -1.3599195 19.349369 0.94931489 0.28485963 0.38274494 
2.8399999 18.039268 -1.346302 19.385571 0.94975448 0.28452146 0.38178927 
2.8499999 18.089029 -1.3326864 19.421715 0.9501887 0.28418475 0.38083598 
2.8599999 18.138702 -1.3191309 19.457832 0.95061779 0.28384945 0.37988508 
2.8699999 18.188301 -1.3055611 19.493862 0.9510417 0.28351554 0.37893656 
2.8800001 18.237797 -1.2920513 19.529848 0.9514606 0.28318307 0.37799039 
2.8900001 18.287241 -1.2785549 19.565796 0.95187455 0.28285199 0.37704661 
2.9000001 18.336578 -1.2650833 19.601662 0.95228362 0.28252232 0.37610519 
2.9100001 18.385859 -1.2516518 19.63751 0.9526878 0.28219402 0.37516609 
2.9200001 18.43504 -1.238246 19.673286 0.95308727 0.28186709 0.37422934 
2.9300001 18.484127 -1.2248573 19.708984 0.95348203 0.2815415 0.37329495 
2.9400001 18.53314 -1.2114983 19.744638 0.9538722 0.28121731 0.37236288 
2.95 18.582035 -1.1981897 19.780224 0.95425779 0.28089443 0.37143314 
2.96 18.630846 -1.1849174 19.815763 0.9546389 0.28057289 0.37050572 
2.97 18.679541 -1.1716747 19.851215 0.9550156 0.2802527 0.3695806 
2.98 18.728155 -1.158473 19.886627 0.95538801 0.27993381 0.3686578 
2.99 18.776678 -1.1453056 19.921984 0.95575607 0.27961624 0.36773732 
3 18.825071 -1.132165 19.957237 0.95611989 0.27929997 0.36681911 
3.01 18.873383 -1.1190786 19.992462 0.95647955 0.27898499 0.36590323 
3.02 18.921576 -1.1060114 20.027588 0.95683509 0.27867132 0.36498961 
3.03 18.969656 -1.0929937 20.062649 0.95718664 0.27835891 0.36407828 
3.04 19.017633 -1.0800314 20.097664 0.95753413 0.27804777 0.36316922 
3.05 19.065508 -1.067091 20.132599 0.9578777 0.27773792 0.36226243 
3.0599999 19.113247 -1.0542116 20.167458 0.95821744 0.27742928 0.3613579 
3.0699999 19.160889 -1.0413694 20.202259 0.95855331 0.27712193 0.36045563 
3.0799999 19.208406 -1.0285578 20.236965 0.95888537 0.2768158 0.35955563 
3.0899999 19.255816 -1.0158033 20.271618 0.95921379 0.27651089 0.35865787 
3.0999999 19.303093 -1.0031042 20.306198 0.95953852 0.27620724 0.35776234 
3.1099999 19.350246 -0.99043941 20.340687 0.95985961 0.27590477 0.35686904 
3.1199999 19.397278 -0.97782516 20.375103 0.96017712 0.2756035 0.35597798 
3.1300001 19.444199 -0.96525478 20.409454 0.96049118 0.27530345 0.35508916 
3.1400001 19.490965 -0.95274067 20.443707 0.96080172 0.27500463 0.35420254 
3.1500001 19.53763 -0.94026184 20.477892 0.96110886 0.27470693 0.35331815 
3.1600001 19.584166 -0.92784309 20.512009 0.96141261 0.27441046 0.35243595 
3.1700001 19.63055 -0.91547298 20.546024 0.96171308 0.27411515 0.35155597 
3.1800001 19.676819 -0.90315437 20.579973 0.9620102 0.273821 0.35067818 
3.1900001 19.72294 -0.89090538 20.613846 0.96230412 0.27352798 0.34980258 
3.2 19.768936 -0.87868977 20.647625 0.96259487 0.27323613 0.34892917 
3.21 19.814804 -0.86651516 20.68132 0.96288246 0.27294543 0.34805793 
3.22 19.86051 -0.85441971 20.71493 0.96316695 0.27265587 0.34718889 
3.23 19.906097 -0.84237099 20.748468 0.96344835 0.27236745 0.346322 
3.24 19.95153 -0.83037281 20.781902 0.96372676 0.27208012 0.34545729 
3.25 19.996824 -0.81843281 20.815258 0.96400213 0.27179393 0.34459472 
3.26 20.041975 -0.80656815 20.848543 0.96427464 0.27150884 0.34373429 
3.27 20.086996 -0.79471397 20.88171 0.96454418 0.27122483 0.34287605 
3.28 20.131855 -0.78295994 20.914814 0.96481091 0.27094194 0.34201992 
3.29 20.176567 -0.77124596 20.947813 0.96507478 0.27066013 0.34116593 
3.3 20.221144 -0.75960064 20.980743 0.96533585 0.27037942 0.34031409 
3.3099999 20.265566 -0.74799728 21.013563 0.96559423 0.27009979 0.33946437 
3.3199999 20.309814 -0.73647308 21.046288 0.96584982 0.2698212 0.33861679 
3.3299999 20.35393 -0.72498989 21.078918 0.96610278 0.26954368 0.3377713 
3.3399999 20.397907 -0.71357822 21.111485 0.96635312 0.26926723 0.33692792 
3.3499999 20.441715 -0.70223427 21.14395 0.96660078 0.26899183 0.33608666 
3.3599999 20.485363 -0.69095039 21.176313 0.96684593 0.26871747 0.33524749 
3.3699999 20.528862 -0.67970753 21.208569 0.96708852 0.26844415 0.33441043 
3.3800001 20.572206 -0.66855907 21.240765 0.96732855 0.26817185 0.33357546 
3.3900001 20.615381 -0.65745544 21.272837 0.96756619 0.26790059 0.33274254 
3.4000001 20.658405 -0.64642334 21.304829 0.96780133 0.26763034 0.33191174 
3.4100001 20.701265 -0.63544846 21.336714 0.96803409 0.2673611 0.331083 
3.4200001 20.743969 -0.62453079 21.3685 0.9682644 0.26709288 0.33025631 
3.4300001 20.786522 -0.61368179 21.400204 0.96849245 0.26682565 0.32943171 
3.4400001 20.828869 -0.60291576 21.431786 0.96871811 0.26655942 0.32860917 
3.45 20.871084 -0.59220409 21.463287 0.96894151 0.26629418 0.32778868 
3.46 20.913136 -0.58155537 21.49469 0.96916264 0.26602992 0.32697022 
3.47 20.955021 -0.57097149 21.525993 0.96938157 0.26576665 0.32615381 
3.48 20.996716 -0.56045818 21.557175 0.96959823 0.26550433 0.32533947 
3.49 21.038271 -0.55002785 21.588299 0.96981275 0.26524302 0.32452714 
3.5 21.079645 -0.53963566 21.619282 0.97002512 0.26498264 0.32371682 
3.51 21.120838 -0.52933025 21.650169 0.97023541 0.26472321 0.32290855 
3.52 21.161879 -0.51907063 21.68095 0.97044355 0.26446474 0.32210228 
3.53 21.20274 -0.50890923 21.711649 0.97064966 0.26420721 0.32129803 
3.54 21.243437 -0.49880791 21.742245 0.97085369 0.26395065 0.32049581 
3.55 21.283951 -0.48876762 21.772718 0.97105569 0.263695 0.31969556 
3.5599999 21.324287 -0.47879982 21.803087 0.97125572 0.26344028 0.31889734 
3.5699999 21.364475 -0.46890068 21.833376 0.97145379 0.26318645 0.31810108 
3.5799999 21.404459 -0.45907879 21.863537 0.97164989 0.26293358 0.31730682 
3.5899999 21.444281 -0.44931984 21.8936 0.97184408 0.26268163 0.31651455 
3.5999999 21.483936 -0.43963242 21.923569 0.97203636 0.26243058 0.31572425 
3.6099999 21.523401 -0.43002129 21.953423 0.9722268 0.26218042 0.31493592 
3.6199999 21.5627 -0.42046928 21.98317 0.97241539 0.26193115 0.31414959 
3.6300001 21.601791 -0.41100407 22.012794 0.97260213 0.26168278 0.31336519 
3.6400001 21.640717 -0.40160656 22.042324 0.97278708 0.2614353 0.31258276 
3.6500001 21.679468 -0.39227581 22.071743 0.97297019 0.26118872 0.3118023 
3.6600001 21.718037 -0.3830204 22.101057 0.97315162 0.260943 0.31102374 
3.6700001 21.756428 -0.37383366 22.13026 0.97333127 0.26069814 0.31024718 
3.6800001 21.794621 -0.36471844 22.15934 0.97350919 0.26045415 0.30947253 
3.6900001 21.832659 -0.35567951 22.188339 0.97368544 0.26021105 0.30869982 
3.7 21.870504 -0.34670925 22.217213 0.97385997 0.25996879 0.30792904 
3.71 21.908169 -0.33780861 22.245977 0.97403288 0.25972736 0.30716017 
3.72 21.945633 -0.32900238 22.274635 0.97420412 0.25948682 0.30639324 
3.73 21.982931 -0.32024956 22.303181 0.97437376 0.25924709 0.30562821 
3.74 22.020035 -0.3115778 22.331612 0.97454178 0.25900823 0.30486509 
3.75 22.056967 -0.30297565 22.359943 0.9747082 0.25877017 0.30410388 
3.76 22.0937 -0.29444885 22.388149 0.97487313 0.25853297 0.30334458 
3.77 22.130249 -0.28599072 22.416241 0.97503644 0.25829658 0.30258718 
3.78 22.16662 -0.27759647 22.444218 0.97519827 0.25806102 0.30183166 
3.79 22.202789 -0.2692976 22.472088 0.97535855 0.25782627 0.30107802 
3.8 22.238783 -0.26106548 22.499847 0.97551739 0.25759232 0.30032626 
3.8099999 22.274595 -0.25291157 22.527508 0.97567469 0.25735918 0.2995764 
3.8199999 22.3102 -0.24484444 22.555044 0.97583055 0.25712687 0.29882839 
3.8299999 22.345627 -0.23682976 22.582457 0.97598505 0.25689533 0.29808226 
3.8399999 22.380875 -0.22889614 22.609772 0.97613806 0.25666457 0.29733798 
3.8499999 22.415918 -0.2210331 22.636951 0.97628963 0.25643465 0.29659557 
3.8599999 22.450768 -0.21325684 22.664024 0.97643989 0.25620547 0.29585502 
3.8699999 22.48542 -0.20554161 22.690962 0.97658873 0.25597709 0.29511631 
3.8800001 22.519917 -0.1979208 22.717838 0.97673619 0.25574949 0.29437944 
3.8900001 22.554197 -0.19034386 22.744541 0.97688234 0.25552264 0.29364443 
3.9000001 22.588308 -0.18284988 22.771158 0.97702718 0.25529659 0.29291123 
3.9100001 22.622208 -0.17546749 22.797676 0.97717065 0.25507128 0.29217985 
3.9200001 22.655928 -0.16812992 22.824059 0.97731286 0.25484675 0.29145032 
3.9300001 22.689432 -0.16087532 22.850307 0.97745377 0.25462297 0.29072261 
3.9400001 22.722769 -0.15368462 22.876453 0.97759342 0.25439993 0.28999671 
3.95 22.755907 -0.14657021 22.902477 0.97773182 0.25417763 0.28927264 
3.96 22.788855 -0.13953972 22.928394 0.97786897 0.25395611 0.28855038 
3.97 22.821608 -0.13258839 22.954197 0.97800493 0.2537353 0.28782991 
3.98 22.854172 -0.12570477 22.979877 0.97813964 0.25351524 0.28711122 
3.99 22.886532 -0.11890984 23.005442 0.97827315 0.2532959 0.28639436 
4 22.918715 -0.1121645 23.03088 0.97840548 0.2530773 0.28567925 
4.0100002 22.950699 -0.1055088 23.056208 0.97853661 0.25285941 0.28496596 
4.02 22.982489 -0.098923683 23.081413 0.9786666 0.25264224 0.28425443 
4.0300002 23.01409 -0.092425346 23.106514 0.97879547 0.25242582 0.28354469 
4.04 23.04549 -0.085996628 23.131487 0.97892314 0.25221008 0.28283674 
4.0500002 23.076694 -0.079632759 23.156326 0.97904974 0.25199506 0.28213051 
4.0599999 23.107702 -0.073356628 23.181059 0.97917521 0.25178075 0.28142607 
4.0700002 23.138515 -0.067150116 23.205666 0.9792996 0.25156713 0.28072339 
4.0799999 23.169149 -0.061014175 23.230164 0.97942293 0.25135422 0.28002247 
4.0900002 23.199591 -0.054947853 23.254539 0.97954512 0.251142 0.27932331 
4.0999999 23.229828 -0.048965454 23.278793 0.97966629 0.25093046 0.27862588 
4.1100001 23.25988 -0.043054581 23.302935 0.9797864 0.25071964 0.27793017 
4.1199999 23.289711 -0.037234306 23.326946 0.97990543 0.25050947 0.27723622 
4.1300001 23.319401 -0.031452179 23.350853 0.9800235 0.25029999 0.276544 
4.1399999 23.348827 -0.025776863 23.374603 0.98014051 0.2500912 0.27585351 
4.1500001 23.378139 -0.020153046 23.398293 0.9802565 0.24988306 0.27516475 
4.1599998 23.407188 -0.014626503 23.421814 0.98037153 0.2496756 0.27447769 
4.1700001 23.43606 -0.0091695786 23.445229 0.98048556 0.2494688 0.27379236 
4.1799998 23.464758 -0.0037641525 23.468521 0.98059857 0.24926268 0.27310875 
4.1900001 23.493235 0.0015468597 23.491688 0.98071069 0.2490572 0.27242684 
4.1999998 23.521538 0.0067844391 23.514753 0.98082185 0.24885239 0.27174661 
4.21 23.549627 0.011945724 23.537682 0.980932 0.24864823 0.2710681 
4.2199998 23.577534 0.017046928 23.560486 0.98104125 0.24844472 0.27039129 
4.23 23.605247 0.022066116 23.583181 0.98114961 0.24824186 0.26971617 
4.2399998 23.632763 0.027019501 23.605743 0.98125702 0.24803963 0.26904273 
4.25 23.660082 0.031888008 23.628193 0.98136353 0.24783805 0.26837096 
4.2600002 23.687233 0.036706924 23.650526 0.98146915 0.24763709 0.26770088 
4.27 23.714165 0.041424751 23.672741 0.98157388 0.24743678 0.26703247 
4.2800002 23.740902 0.046093941 23.694809 0.98167771 0.2472371 0.26636571 
4.29 23.767456 0.050692558 23.716763 0.98178065 0.24703804 0.26570064 
4.3000002 23.793819 0.05519104 23.738628 0.98188281 0.2468396 0.26503724 
4.3099999 23.819963 0.059627533 23.760336 0.98198408 0.24664178 0.26437548 
4.3200002 23.845942 0.064009666 23.781933 0.98208451 0.2464446 0.26371536 
4.3299999 23.871719 0.068318367 23.803402 0.98218405 0.24624801 0.2630569 
4.3400002 23.897295 0.072546959 23.824749 0.98228282 0.24605204 0.26240009 
4.3499999 23.922682 0.076703072 23.845978 0.98238081 0.24585667 0.26174492 
4.3600001 23.947884 0.080780029 23.867104 0.98247796 0.24566191 0.26109138 
4.3699999 23.972898 0.084802628 23.888096 0.98257428 0.24546775 0.26043946 
4.3800001 23.997692 0.088741302 23.908951 0.98266983 0.2452742 0.2597892 
4.3899999 24.022326 0.092622757 23.929703 0.9827646 0.24508125 0.25914052 
4.4000001 24.046747 0.096431732 23.950315 0.9828586 0.24488887 0.25849351 
4.4099998 24.07098 0.10015106 23.970829 0.98295182 0.24469709 0.25784808 
4.4200001 24.095016 0.10383034 23.991186 0.98304427 0.2445059 0.25720426 
4.4299998 24.118864 0.10741997 24.011444 0.98313594 0.2443153 0.25656208 
4.4400001 24.142536 0.11095142 24.031586 0.9832269 0.24412528 0.25592148 
4.4499998 24.165983 0.11439991 24.051582 0.98331714 0.24393582 0.25528246 
4.46 24.189268 0.11778736 24.07148 0.9834066 0.24374695 0.25464508 
4.4699998 24.212353 0.12111473 24.091238 0.98349541 0.24355866 0.25400928 
4.48 24.235252 0.12437344 24.110878 0.98358345 0.24337092 0.25337505 
4.4899998 24.257969 0.12755871 24.130409 0.98367077 0.24318376 0.25274241 
4.5 24.280479 0.13067913 24.149799 0.98375738 0.24299717 0.25211135 
4.5100002 24.302811 0.13372517 24.169086 0.98384333 0.24281114 0.25148186 
4.52 24.324936 0.13669777 24.188238 0.98392862 0.24262567 0.25085396 
4.5300002 24.346855 0.13959599 24.20726 0.98401314 0.24244075 0.2502276 
4.54 24.368645 0.14248276 24.226162 0.98409706 0.24225639 0.24960282 
4.5500002 24.390196 0.14523697 24.244959 0.98418027 0.24207257 0.2489796 
4.5599999 24.411566 0.14794922 24.263617 0.98426282 0.24188931 0.24835794 
4.5700002 24.432774 0.15061855 24.282154 0.98434472 0.24170659 0.24773782 
4.5799999 24.453768 0.15319538 24.300571 0.98442596 0.24152441 0.24711926 
4.5900002 24.4746 0.15572453 24.318874 0.98450661 0.24134278 0.24650225 
4.5999999 24.495205 0.15816498 24.33704 0.98458654 0.24116167 0.24588677 
4.6100001 24.515659 0.1605587 24.355101 0.98466587 0.24098112 0.24527283 
4.6199999 24.535925 0.16287994 24.373045 0.98474461 0.2408011 0.24466042 
4.6300001 24.555977 0.16514683 24.390831 0.98482269 0.2406216 0.24404953 
4.6399999 24.575846 0.16733932 24.408506 0.98490018 0.24044262 0.24344018 
4.6500001 24.595556 0.16948128 24.426075 0.98497701 0.24026418 0.24283235 
4.6599998 24.615068 0.17155361 24.443516 0.9850533 0.24008626 0.24222603 
4.6700001 24.634409 0.17358208 24.460827 0.98512894 0.23990886 0.24162124 
4.6799998 24.653538 0.17551613 24.478022 0.98520404 0.23973197 0.24101795 
4.6900001 24.672497 0.1773901 24.495106 0.98527855 0.23955561 0.24041617 
4.6999998 24.691246 0.17921257 24.512033 0.98535246 0.23937975 0.23981589 
4.71 24.709835 0.18096542 24.52887 0.98542577 0.23920441 0.2392171 
4.7199998 24.728262 0.1826725 24.545589 0.98549855 0.23902957 0.23861982 
4.73 24.746477 0.18431282 24.562164 0.98557073 0.23885524 0.23802403 
4.7399998 24.764492 0.18587208 24.578621 0.98564237 0.23868142 0.23742971 
4.75 24.782362 0.18739796 24.594963 0.98571348 0.23850809 0.2368369 
4.7600002 24.800032 0.18885612 24.611176 0.98578399 0.23833527 0.23624554 
4.77 24.81752 0.19025517 24.627266 0.98585397 0.23816293 0.23565568 
4.7800002 24.834837 0.19159698 24.64324 0.98592347 0.23799109 0.23506729 
4.79 24.851971 0.19287205 24.6591 0.98599237 0.23781976 0.23448037 
4.8000002 24.868921 0.19410229 24.67482 0.98606074 0.2376489 0.2338949 
4.8099999 24.885693 0.19526005 24.690434 0.98612863 0.23747854 0.23331091 
4.8200002 24.902277 0.19636536 24.705912 0.98619598 0.23730865 0.23272836 
4.8299999 24.918692 0.19740105 24.721291 0.9862628 0.23713925 0.23214728 
4.8400002 24.934917 0.19839478 24.736523 0.98632914 0.23697034 0.23156765 
4.8499999 24.950975 0.19932842 24.751648 0.98639494 0.23680191 0.23098946 
4.8600001 24.966816 0.20018482 24.766632 0.98646021 0.23663394 0.23041272 
4.8699999 24.98254 0.20103455 24.781506 0.98652506 0.23646645 0.22983742 
4.8800001 24.998045 0.20178509 24.796261 0.98658937 0.23629944 0.22926356 
4.8899999 25.013395 0.20249844 24.810898 0.98665321 0.23613289 0.22869112 
4.9000001 25.028561 0.20315647 24.825405 0.98671651 0.2359668 0.22812012 
4.9099998 25.043556 0.20376396 24.839792 0.98677939 0.23580119 0.22755054 
4.9200001 25.058357 0.2042942 24.854063 0.9868418 0.23563604 0.22698238 
4.9299998 25.072992 0.20478344 24.86821 0.98690373 0.23547135 0.22641565 
4.9400001 25.087444 0.20522213 24.882221 0.98696518 0.23530713 0.22585033 
4.9499998 25.10174 0.20561123 24.89613 0.98702615 0.23514335 0.22528641 
4.96 25.115866 0.20595551 24.90991 0.98708665 0.23498003 0.22472392 
4.9699998 25.129795 0.20623684 24.923557 0.98714674 0.23481718 0.22416282 
4.98 25.143576 0.20646667 24.937109 0.9872064 0.23465475 0.22360313 
4.9899998 25.15715 0.20662498 24.950525 0.98726553 0.23449279 0.22304483 
5 25.170591 0.20675659 24.963835 0.9873243 0.23433128 0.22248793 
5.0100002 25.183847 0.20683002 24.977016 0.98738253 0.23417021 0.22193241 
5.02 25.196913 0.20684242 24.99007 0.98744041 0.23400958 0.22137828 
5.0300002 25.209816 0.20682049 25.002995 0.98749781 0.23384939 0.22082554 
5.04 25.222555 0.20675182 25.015804 0.98755485 0.23368964 0.22027418 
5.0500002 25.235123 0.20662975 25.028492 0.98761141 0.23353033 0.21972419 
5.0599999 25.24753 0.20645046 25.04108 0.9876675 0.23337145 0.21917558 
5.0700002 25.259756 0.20623684 25.05352 0.98772323 0.23321301 0.21862833 
5.0799999 25.27182 0.20596218 25.065857 0.98777854 0.233055 0.21808246 
5.0900002 25.283712 0.20564461 25.078068 0.98783344 0.23289742 0.21753794 
5.0999999 25.295435 0.20527363 25.09016 0.98788798 0.23274027 0.21699479 
5.1100001 25.306997 0.20487022 25.102127 0.98794204 0.23258354 0.216453 
5.1199999 25.318377 0.20440388 25.113972 0.98799574 0.23242722 0.21591255 
5.1300001 25.329617 0.20390987 25.125706 0.98804903 0.23227134 0.21537346 
5.1399999 25.340694 0.2033596 25.137335 0.9881019 0.23211588 0.2148357 
5.1500001 25.351547 0.20274734 25.1488 0.98815441 0.23196085 0.21429931 
5.1599998 25.362284 0.20210934 25.160175 0.98820651 0.23180622 0.21376424 
5.1700001 25.37285 0.20143127 25.171419 0.98825824 0.23165201 0.21323051 
5.1799998 25.383242 0.20070362 25.182537 0.98830956 0.2314982 0.2126981 
5.1900001 25.393482 0.19994068 25.193542 0.98836052 0.2313448 0.21216704 
5.1999998 25.403561 0.19912529 25.204435 0.98841113 0.23119183 0.2116373 
5.21 25.413465 0.19826126 25.215204 0.98846138 0.23103926 0.21110888 
5.2199998 25.42321 0.19734859 25.225861 0.9885112 0.2308871 0.21058178 
5.23 25.43281 0.19642448 25.236385 0.98856068 0.23073533 0.21005599 
5.2399998 25.442234 0.19544888 25.246784 0.98860979 0.23058397 0.20953153 
5.25 25.451487 0.19441414 25.257072 0.98865855 0.23043302 0.20900837 
5.2600002 25.460592 0.19335556 25.267237 0.98870695 0.23028246 0.20848651 
5.27 25.469559 0.19225883 25.2773 0.98875499 0.23013228 0.20796596 
5.2800002 25.478327 0.19111347 25.287212 0.98880267 0.22998253 0.20744671 
5.29 25.486967 0.18992329 25.297043 0.98885 0.22983314 0.20692876 
5.3000002 25.495447 0.18869972 25.306747 0.98889703 0.22968416 0.20641209 
5.3099999 25.503748 0.18744659 25.316301 0.9889437 0.22953556 0.20589672 
5.3200002 25.511881 0.18613434 25.325747 0.98898995 0.22938737 0.20538265 
5.3299999 25.519897 0.18480682 25.335091 0.98903596 0.22923955 0.20486984 
5.3400002 25.527731 0.18342876 25.344303 0.98908156 0.22909212 0.20435832 
5.3499999 25.535435 0.18202972 25.353405 0.98912686 0.22894508 0.20384808 
5.3600001 25.542955 0.18058681 25.36237 0.98917186 0.2287984 0.20333911 
5.3699999 25.550335 0.17911148 25.371223 0.98921651 0.22865212 0.20283142 
5.3800001 25.557558 0.17758656 25.379971 0.98926079 0.22850622 0.20232499 
5.3899999 25.564627 0.17602539 25.388601 0.98930478 0.2283607 0.20181982 
5.4000001 25.57155 0.17446899 25.397081 0.98934847 0.22821555 0.20131591 
5.4099998 25.578312 0.17282677 25.405485 0.9893918 0.22807077 0.20081326 
5.4200001 25.584938 0.17119408 25.413744 0.98943484 0.22792636 0.20031188 
5.4299998 25.591375 0.16949177 25.421883 0.98947752 0.22778232 0.19981174 
5.4400001 25.597692 0.16777706 25.429916 0.98951995 0.22763866 0.19931285 
5.4499998 25.603849 0.16602993 25.43782 0.98956203 0.22749537 0.19881521 
5.46 25.609856 0.16424656 25.44561 0.98960382 0.22735244 0.19831881 
5.4699998 25.61573 0.16243744 25.453293 0.9896453 0.22720988 0.19782364 
5.48 25.621443 0.1605978 25.460846 0.98968649 0.22706768 0.19732971 
5.4899998 25.626982 0.15871143 25.468269 0.98972738 0.22692584 0.19683702 
5.5 25.632399 0.15680885 25.47559 0.98976797 0.22678436 0.19634557 
5.5100002 25.637669 0.15488625 25.482782 0.98980826 0.22664323 0.19585533 
5.52 25.642786 0.15291119 25.489876 0.98984826 0.22650248 0.19536632 
5.5300002 25.647758 0.15092659 25.496832 0.98988795 0.22636206 0.19487853 
5.54 25.652573 0.14890862 25.503664 0.98992735 0.22622202 0.19439197 
5.5500002 25.657265 0.14686012 25.510405 0.98996651 0.22608232 0.19390661 
5.5599999 25.661804 0.14479446 25.51701 0.99000531 0.22594298 0.19342247 
5.5700002 25.666185 0.1426878 25.523499 0.99004388 0.22580399 0.19293953 
5.5799999 25.670441 0.14056396 25.529877 0.99008214 0.22566533 0.19245781 
5.5900002 25.674543 0.13842392 25.536119 0.99012017 0.22552703 0.19197728 
5.5999999 25.678495 0.13623619 25.542259 0.9901579 0.22538908 0.19149795 
5.6100001 25.682306 0.13402462 25.548283 0.99019533 0.22525148 0.19101982 
5.6199999 25.685999 0.1318121 25.554188 0.99023253 0.22511421 0.19054289 
5.6300001 25.689545 0.12956905 25.559975 0.99026942 0.22497728 0.19006714 
5.6399999 25.692923 0.127285 25.565638 0.99030602 0.2248407 0.18959258 
5.6500001 25.696161 0.12498569 25.571175 0.99034238 0.22470446 0.18911922 
5.6599998 25.699268 0.12265873 25.576611 0.9903785 0.22456856 0.18864703 
5.6700001 25.702271 0.12033844 25.581932 0.99041432 0.22443299 0.18817602 
5.6799998 25.705103 0.11797333 25.58713 0.99044991 0.22429775 0.18770619 
5.6900001 25.707794 0.11558247 25.592213 0.99048519 0.22416285 0.18723753 
5.6999998 25.710365 0.1131916 25.597174 0.9905203 0.22402827 0.18677004 
5.71 25.712769 0.11075592 25.602013 0.99055505 0.22389404 0.18630372 
5.7199998 25.715076 0.10832024 25.606756 0.99058962 0.22376014 0.18583857 
5.73 25.717205 0.10585499 25.611351 0.99062389 0.22362655 0.18537456 
5.7399998 25.719225 0.10338211 25.615843 0.99065793 0.22349331 0.18491173 
5.75 25.721109 0.1008873 25.620222 0.99069172 0.22336037 0.18445005 
5.7600002 25.722847 0.098371506 25.624475 0.99072528 0.22322778 0.18398951 
5.77 25.724451 0.095823288 25.628628 0.99075854 0.22309551 0.18353014 
5.7800002 25.725935 0.093287468 25.632648 0.99079162 0.22296354 0.18307191 
5.79 25.72727 0.090715408 25.636555 0.9908244 0.2228319 0.18261482 
5.8000002 25.728464 0.088130951 25.640333 0.99085695 0.2227006 0.18215887 
5.8099999 25.729557 0.08553791 25.64402 0.99088931 0.2225696 0.18170406 
5.8200002 25.730494 0.082924843 25.647568 0.99092138 0.22243892 0.18125039 
5.8299999 25.731298 0.080298424 25.651001 0.99095321 0.22230855 0.18079786 
5.8400002 25.731997 0.077662468 25.654335 0.99098486 0.2221785 0.18034644 
5.8499999 25.732538 0.07500267 25.657536 0.99101621 0.22204876 0.17989616 
5.8600001 25.732981 0.072335243 25.660645 0.99104738 0.22191933 0.17944701 
5.8699999 25.733242 0.069645882 25.663597 0.99107826 0.22179022 0.17899898 
5.8800001 25.733418 0.066957474 25.66646 0.99110895 0.22166142 0.17855206 
5.8899999 25.733452 0.0642519 25.669201 0.99113941 0.22153291 0.17810626 
5.9000001 25.733374 0.061548233 25.671825 0.99116963 0.22140473 0.17766157 
5.9099998 25.733133 0.058825493 25.674309 0.99119967 0.22127685 0.17721799 
5.9200001 25.732805 0.056081772 25.676723 0.99122941 0.22114927 0.17677553 
5.9299998 25.732334 0.053339005 25.678995 0.99125898 0.22102199 0.17633416 
5.9400001 25.731728 0.05059433 25.681133 0.99128836 0.22089502 0.1758939 
5.9499998 25.731009 0.047819138 25.683189 0.99131745 0.22076835 0.17545474 
5.96 25.730133 0.045041084 25.685093 0.99134636 0.22064199 0.17501667 
5.9699998 25.729168 0.04227066 25.686897 0.99137509 0.22051591 0.17457969 
5.98 25.72809 0.039484024 25.688606 0.99140352 0.22039014 0.17414382 
5.9899998 25.726862 0.036680222 25.690182 0.99143177 0.22026466 0.17370903 
6 25.725515 0.033888817 25.691628 0.99145985 0.22013947 0.17327532 
6.0100002 25.724052 0.031087875 25.692965 0.99148768 0.22001459 0.1728427 
6.02 25.72249 0.028283119 25.694206 0.99151528 0.21989 0.17241116 
6.0300002 25.720768 0.025468826 25.695299 0.9915427 0.21976569 0.17198069 
6.04 25.718939 0.022646904 25.696293 0.99156994 0.21964169 0.1715513 
6.0500002 25.71699 0.019839287 25.697151 0.99159694 0.21951796 0.17112298 
6.0599999 25.714914 0.016996384 25.697918 0.9916237 0.21939453 0.17069574 
6.0700002 25.712721 0.014163017 25.698559 0.99165034 0.21927139 0.17026955 
6.0799999 25.710413 0.011342049 25.69907 0.99167669 0.21914855 0.16984443 
6.0900002 25.708015 0.0085096359 25.699505 0.99170291 0.21902597 0.16942038 
6.0999999 25.705452 0.0056734085 25.69978 0.9917289 0.21890369 0.16899739 
6.1100001 25.702785 0.0028219223 25.699963 0.99175471 0.21878168 0.16857545 
6.1199999 25.700012 0 25.700012 0.99178028 0.21865997 0.16815457 
6.1300001 25.697142 -0.0028219223 25.699963 0.99180567 0.21853852 0.16773473 
6.1399999 25.694105 -0.0056734085 25.69978 0.99183089 0.21841738 0.16731595 
6.1500001 25.690996 -0.0085096359 25.699505 0.99185586 0.2182965 0.16689821 
6.1599998 25.687729 -0.011342049 25.69907 0.99188071 0.21817589 0.16648149 
6.1700001 25.684395 -0.014163017 25.698559 0.99190533 0.21805558 0.16606584 
6.1799998 25.680922 -0.016996384 25.697918 0.99192977 0.21793553 0.16565123 
6.1900001 25.677311 -0.019839287 25.697151 0.99195403 0.21781576 0.16523764 
6.1999998 25.673645 -0.022646904 25.696293 0.99197805 0.21769626 0.1648251 
6.21 25.66983 -0.025468826 25.695299 0.99200189 0.21757704 0.16441357 
6.2199998 25.665924 -0.028283119 25.694206 0.99202561 0.21745808 0.16400307 
6.23 25.661877 -0.031087875 25.692965 0.9920491 0.21733941 0.16359361 
6.2399998 25.657738 -0.033888817 25.691628 0.9920724 0.21722101 0.16318516 
6.25 25.653502 -0.036680222 25.690182 0.99209553 0.21710286 0.16277774 
6.2600002 25.649122 -0.039484024 25.688606 0.99211848 0.21698499 0.16237134 
6.27 25.644627 -0.04227066 25.686897 0.99214125 0.21686739 0.16196594 
6.2800002 25.640051 -0.045041084 25.685093 0.99216378 0.21675006 0.16156156 
6.29 25.63537 -0.047819138 25.683189 0.99218619 0.21663298 0.16115819 
6.3000002 25.630539 -0.05059433 25.681133 0.99220842 0.21651617 0.16075583 
6.3099999 25.625656 -0.053339005 25.678995 0.99223047 0.21639962 0.16035447 
6.3200002 25.620642 -0.056081772 25.676723 0.99225235 0.21628335 0.15995412 
6.3299999 25.615482 -0.058825493 25.674309 0.99227405 0.21616733 0.15955476 
6.3400002 25.610277 -0.061548233 25.671825 0.99229556 0.21605156 0.1591564 
6.3499999 25.604948 -0.0642519 25.669201 0.9923169 0.21593606 0.15875903 
6.3600001 25.599503 -0.066957474 25.66646 0.99233806 0.21582083 0.15836266 
6.3699999 25.59395 -0.069645882 25.663597 0.99235904 0.21570584 0.15796728 
6.3800001 25.58831 -0.072335243 25.660645 0.9923799 0.21559112 0.1575729 
6.3899999 25.582533 -0.07500267 25.657536 0.99240053 0.21547665 0.15717947 
6.4000001 25.576672 -0.077662468 25.654335 0.99242103 0.21536243 0.15678705 
6.4099998 25.570702 -0.080298424 25.651001 0.99244136 0.21524848 0.1563956 
6.4200001 25.564644 -0.082924843 25.647568 0.9924615 0.21513477 0.15600513 
6.4299998 25.558481 -0.08553791 25.64402 0.99248147 0.21502131 0.15561564 
6.4400001 25.552202 -0.088130951 25.640333 0.99250132 0.21490811 0.15522712 
6.4499998 25.545839 -0.090715408 25.636555 0.99252093 0.21479516 0.15483958 
6.46 25.53936 -0.093287468 25.632648 0.99254042 0.21468246 0.15445299 
6.4699998 25.532804 -0.095823288 25.628628 0.99255979 0.21457 0.15406737 
6.48 25.526104 -0.098371506 25.624475 0.99257892 0.2144578 0.15368271 
6.4899998 25.519335 -0.1008873 25.620222 0.99259794 0.21434584 0.15329902 
6.5 25.512461 -0.10338211 25.615843 0.99261677 0.21423413 0.15291628 
6.5100002 25.505495 -0.10585499 25.611351 0.99263543 0.21412265 0.1525345 
6.52 25.498436 -0.10832024 25.606756 0.99265397 0.21401143 0.15215369 
6.5300002 25.491257 -0.11075592 25.602013 0.99267232 0.21390046 0.15177381 
6.54 25.483982 -0.1131916 25.597174 0.99269056 0.21378972 0.15139487 
6.5500002 25.476629 -0.11558247 25.592213 0.99270862 0.21367922 0.15101689 
6.5599999 25.469156 -0.11797333 25.58713 0.9927265 0.21356897 0.15063986 
6.5700002 25.461594 -0.12033844 25.581932 0.99274421 0.21345896 0.15026377 
6.5799999 25.453951 -0.12265873 25.576611 0.99276179 0.21334919 0.1498886 
6.5900002 25.44619 -0.12498569 25.571175 0.99277925 0.21323965 0.14951439 
6.5999999 25.438353 -0.127285 25.565638 0.99279648 0.21313035 0.1491411 
6.6100001 25.430407 -0.12956905 25.559975 0.99281365 0.21302129 0.14876875 
6.6199999 25.422375 -0.1318121 25.554188 0.99283057 0.21291247 0.14839734 
6.6300001 25.414257 -0.13402462 25.548283 0.99284744 0.21280389 0.14802684 
6.6399999 25.406023 -0.13623619 25.542259 0.99286407 0.21269554 0.14765728 
6.6500001 25.397696 -0.13842392 25.536119 0.99288058 0.21258742 0.14728862 
6.6599998 25.389313 -0.14056396 25.529877 0.99289697 0.21247953 0.1469209 
6.6700001 25.38081 -0.1426878 25.523499 0.99291319 0.21237187 0.1465541 
6.6799998 25.372215 -0.14479446 25.51701 0.99292928 0.21226445 0.1461882 
6.6900001 25.363544 -0.14686012 25.510405 0.99294519 0.21215725 0.14582323 
6.6999998 25.354755 -0.14890862 25.503664 0.99296099 0.21205029 0.14545916 
6.71 25.345905 -0.15092659 25.496832 0.99297661 0.21194355 0.145096 
6.7199998 25.336964 -0.15291119 25.489876 0.9929921 0.21183705 0.14473376 
6.73 25.327896 -0.15488625 25.482782 0.99300742 0.21173078 0.1443724 
6.7399998 25.318781 -0.15680885 25.47559 0.99302262 0.21162473 0.14401197 
6.75 25.309559 -0.15871143 25.468269 0.9930377 0.2115189 0.14365242 
6.7600002 25.300247 -0.1605978 25.460846 0.9930526 0.21141329 0.14329378 
6.77 25.290855 -0.16243744 25.453293 0.99306738 0.21130791 0.14293604 
6.7800002 25.281363 -0.16424656 25.44561 0.99308199 0.21120277 0.14257918 
6.79 25.27179 -0.16602993 25.43782 0.99309647 0.21109784 0.14222321 
6.8000002 25.262138 -0.16777706 25.429916 0.99311084 0.21099313 0.14186814 
6.8099999 25.252392 -0.16949177 25.421883 0.99312508 0.21088864 0.14151396 
6.8200002 25.24255 -0.17119408 25.413744 0.99313915 0.21078438 0.14116065 
6.8299999 25.232658 -0.17282677 25.405485 0.99315304 0.21068034 0.14080822 
6.8400002 25.222612 -0.17446899 25.397081 0.99316686 0.2105765 0.14045669 
6.8499999 25.212576 -0.17602539 25.388601 0.99318051 0.2104729 0.14010602 
6.8600001 25.202385 -0.17758656 25.379971 0.99319404 0.21036951 0.13975625 
6.8699999 25.192112 -0.17911148 25.371223 0.9932074 0.21026634 0.13940732 
6.8800001 25.181782 -0.18058681 25.36237 0.99322069 0.21016338 0.13905929 
6.8899999 25.171375 -0.18202972 25.353405 0.9932338 0.21006064 0.13871211 
6.9000001 25.160873 -0.18342876 25.344303 0.99324679 0.20995812 0.13836581 
6.9099998 25.150284 -0.18480682 25.335091 0.99325961 0.20985581 0.13802037 
6.9200001 25.139612 -0.18613434 25.325747 0.9932723 0.20975371 0.13767579 
6.9299998 25.128855 -0.18744659 25.316301 0.99328488 0.20965183 0.13733207 
6.9400001 25.118048 -0.18869972 25.306747 0.99329734 0.20955016 0.13698922 
6.9499998 25.107121 -0.18992329 25.297043 0.99330968 0.2094487 0.13664721 
6.96 25.0961 -0.19111347 25.287212 0.99332184 0.20934744 0.13630606 
6.9699998 25.085041 -0.19225883 25.2773 0.99333394 0.20924641 0.13596576 
6.98 25.073881 -0.19335556 25.267237 0.99334586 0.20914558 0.13562632 
6.9899998 25.062658 -0.19441414 25.257072 0.99335766 0.20904495 0.13528772 
7 25.051336 -0.19544888 25.246784 0.99336928 0.20894454 0.13494997 
7.0100002 25.039961 -0.19642448 25.236385 0.99338084 0.20884433 0.13461307 
7.02 25.028513 -0.19734859 25.225861 0.99339223 0.20874433 0.13427699 
7.0300002 25.016943 -0.19826126 25.215204 0.99340355 0.20864454 0.13394177 
7.04 25.00531 -0.19912529 25.204435 0.9934147 0.20854495 0.13360737 
7.0500002 24.993601 -0.19994068 25.193542 0.99342573 0.20844556 0.13327383 
7.0599999 24.981834 -0.20070362 25.182537 0.99343663 0.2083464 0.1329411 
7.0700002 24.969988 -0.20143127 25.171419 0.99344736 0.20824742 0.1326092 
7.0799999 24.958065 -0.20210934 25.160175 0.99345803 0.20814864 0.13227814 
7.0900002 24.946053 -0.20274734 25.1488 0.99346852 0.20805007 0.1319479 
7.0999999 24.933975 -0.2033596 25.137335 0.99347895 0.20795171 0.1316185 
7.1100001 24.921797 -0.20390987 25.125706 0.99348921 0.20785354 0.1312899 
7.1199999 24.909569 -0.20440388 25.113972 0.9934994 0.20775557 0.13096213 
7.1300001 24.897257 -0.20487022 25.102127 0.99350941 0.2076578 0.13063519 
7.1399999 24.884888 -0.20527363 25.09016 0.99351931 0.20756023 0.13030906 
7.1500001 24.872423 -0.20564461 25.078068 0.99352908 0.20746286 0.12998374 
7.1599998 24.859896 -0.20596218 25.065857 0.99353874 0.20736569 0.12965924 
7.1700001 24.847282 -0.20623684 25.05352 0.99354827 0.20726871 0.12933554 
7.1799998 24.834629 -0.20645046 25.04108 0.99355769 0.20717193 0.12901264 
7.1900001 24.821863 -0.20662975 25.028492 0.99356699 0.20707536 0.12869057 
7.1999998 24.809052 -0.20675182 25.015804 0.99357617 0.20697896 0.1283693 
7.21 24.796175 -0.20682049 25.002995 0.99358523 0.20688277 0.12804882 
7.2199998 24.783228 -0.20684242 24.99007 0.99359417 0.20678677 0.12772915 
7.23 24.770187 -0.20683002 24.977016 0.99360299 0.20669097 0.12741028 
7.2399998 24.757078 -0.20675659 24.963835 0.99361169 0.20659536 0.1270922 
7.25 24.7439 -0.20662498 24.950525 0.99362028 0.20649993 0.12677491 
7.2600002 24.730642 -0.20646667 24.937109 0.99362874 0.2064047 0.12645842 
7.27 24.717321 -0.20623684 24.923557 0.99363708 0.20630968 0.12614273 
7.2800002 24.703955 -0.20595551 24.90991 0.99364531 0.20621483 0.1258278 
7.29 24.690517 -0.20561123 24.89613 0.99365348 0.20612016 0.12551369 
7.3000002 24.677 -0.20522213 24.882221 0.99366146 0.2060257 0.12520035 
7.3099999 24.663425 -0.20478344 24.86821 0.99366933 0.20593143 0.12488779 
7.3200002 24.649769 -0.2042942 24.854063 0.99367708 0.20583734 0.12457601 
7.3299999 24.636028 -0.20376396 24.839792 0.99368477 0.20574343 0.12426502 
7.3400002 24.622248 -0.20315647 24.825405 0.99369228 0.20564972 0.12395479 
7.3499999 24.608398 -0.20249844 24.810898 0.99369973 0.20555618 0.12364534 
7.3600001 24.594475 -0.20178509 24.796261 0.993707 0.20546284 0.12333667 
7.3699999 24.580471 -0.20103455 24.781506 0.99371421 0.20536968 0.12302876 
7.3800001 24.566446 -0.20018482 24.766632 0.99372131 0.20527671 0.12272163 
7.3899999 24.552319 -0.19932842 24.751648 0.99372822 0.20518392 0.12241527 
7.4000001 24.538128 -0.19839478 24.736523 0.99373507 0.20509133 0.12210967 
7.4099998 24.52389 -0.19740105 24.721291 0.99374187 0.2049989 0.12180483 
7.4200001 24.509546 -0.19636536 24.705912 0.99374849 0.20490667 0.12150075 
7.4299998 24.495173 -0.19526005 24.690434 0.99375498 0.20481461 0.12119743 
7.4400001 24.480717 -0.19410229 24.67482 0.99376142 0.20472273 0.12089487 
7.4499998 24.466227 -0.19287205 24.6591 0.99376768 0.20463105 0.12059307 
7.46 24.451643 -0.19159698 24.64324 0.99377388 0.20453952 0.12029202 
7.4699998 24.43701 -0.19025517 24.627266 0.99377996 0.20444819 0.11999172 
7.48 24.422319 -0.18885612 24.611176 0.99378592 0.20435704 0.11969217 
7.4899998 24.407566 -0.18739796 24.594963 0.99379176 0.20426607 0.11939337 
7.5 24.392748 -0.18587208 24.578621 0.99379748 0.20417528 0.11909532 
7.5100002 24.377851 -0.18431282 24.562164 0.99380314 0.20408465 0.11879801 
7.52 24.362917 -0.1826725 24.545589 0.99380869 0.20399421 0.11850144 
7.5300002 24.347904 -0.18096542 24.52887 0.99381405 0.20390396 0.11820561 
7.54 24.332821 -0.17921257 24.512033 0.99381936 0.20381387 0.11791053 
7.5500002 24.317717 -0.1773901 24.495106 0.9938246 0.20372395 0.11761618 
7.5599999 24.302505 -0.17551613 24.478022 0.99382967 0.20363422 0.11732256 
7.5700002 24.287245 -0.17358208 24.460827 0.99383467 0.20354466 0.11702969 
7.5799999 24.271961 -0.17155361 24.443516 0.99383956 0.20345527 0.11673754 
7.5900002 24.256594 -0.16948128 24.426075 0.99384433 0.20336606 0.11644612 
7.5999999 24.241167 -0.16733932 24.408506 0.99384898 0.20327702 0.11615542 
7.6100001 24.225683 -0.16514683 24.390831 0.99385351 0.20318815 0.11586546 
7.6199999 24.210165 -0.16287994 24.373045 0.99385798 0.20309946 0.11557622 
7.6300001 24.194542 -0.1605587 24.355101 0.99386233 0.20301093 0.1152877 
7.6399999 24.178875 -0.15816498 24.33704 0.99386656 0.20292258 0.11499991 
7.6500001 24.163151 -0.15572453 24.318874 0.99387068 0.20283441 0.11471282 
7.6599998 24.147377 -0.15319538 24.300571 0.99387473 0.20274639 0.11442646 
7.6700001 24.131536 -0.15061855 24.282154 0.99387866 0.20265856 0.11414082 
7.6799998 24.115667 -0.14794922 24.263617 0.99388248 0.20257089 0.11385588 
7.6900001 24.099722 -0.14523697 24.244959 0.99388617 0.20248339 0.11357166 
7.6999998 24.083679 -0.14248276 24.226162 0.99388975 0.20239605 0.11328815 
7.71 24.067663 -0.13959599 24.20726 0.99389327 0.20230889 0.11300534 
7.7199998 24.05154 -0.13669777 24.188238 0.99389666 0.20222189 0.11272325 
7.73 24.03536 -0.13372517 24.169086 0.9939 0.20213506 0.11244185 
7.7399998 24.019121 -0.13067913 24.149799 0.99390316 0.20204841 0.11216117 
7.75 24.002851 -0.12755871 24.130409 0.99390626 0.2019619 0.11188117 
7.7600002 23.986506 -0.12437344 24.110878 0.99390924 0.20187557 0.11160189 
7.77 23.970123 -0.12111473 24.091238 0.99391216 0.20178941 0.1113233 
7.7800002 23.953693 -0.11778736 24.07148 0.9939149 0.2017034 0.1110454 
7.79 23.937183 -0.11439991 24.051582 0.99391758 0.20161757 0.1107682 
7.8000002 23.920633 -0.11095142 24.031586 0.99392021 0.2015319 0.11049169 
7.8099999 23.904024 -0.10741997 24.011444 0.99392265 0.20144638 0.11021587 
7.8200002 23.887356 -0.10383034 23.991186 0.99392503 0.20136105 0.10994074 
7.8299999 23.870678 -0.10015106 23.970829 0.9939273 0.20127586 0.1096663 
7.8400002 23.853884 -0.096431732 23.950315 0.99392951 0.20119083 0.10939255 
7.8499999 23.83708 -0.092622757 23.929703 0.99393159 0.20110598 0.10911947 
7.8600001 23.82021 -0.088741302 23.908951 0.99393356 0.20102128 0.10884708 
7.8699999 23.803293 -0.084802628 23.888096 0.99393541 0.20093673 0.10857537 
7.8800001 23.786324 -0.080780029 23.867104 0.99393719 0.20085236 0.10830434 
7.8899999 23.769276 -0.076703072 23.845978 0.99393886 0.20076814 0.10803399 
7.9000001 23.752201 -0.072546959 23.824749 0.99394041 0.20068409 0.10776431 
7.9099998 23.735083 -0.068318367 23.803402 0.9939419 0.20060019 0.10749531 
7.9200001 23.717922 -0.064009666 23.781933 0.99394327 0.20051645 0.10722698 
7.9299998 23.700708 -0.059627533 23.760336 0.99394459 0.20043287 0.10695931 
7.9400001 23.683437 -0.05519104 23.738628 0.99394572 0.20034945 0.10669231 
7.9499998 23.666071 -0.050692558 23.716763 0.99394679 0.20026618 0.10642599 
7.96 23.648714 -0.046093941 23.694809 0.9939478 0.20018306 0.10616033 
7.9699998 23.631315 -0.041424751 23.672741 0.99394864 0.20010012 0.10589533 
7.98 23.613819 -0.036706924 23.650526 0.99394947 0.20001732 0.10563099 
7.9899998 23.596306 -0.031888008 23.628193 0.99395013 0.19993468 0.10536732 
8 23.578724 -0.027019501 23.605743 0.99395072 0.1998522 0.1051043 
8.0100002 23.561115 -0.022066116 23.583181 0.9939512 0.19976987 0.10484194 
8.0200005 23.54344 -0.017046928 23.560486 0.99395162 0.19968769 0.10458024 
8.0299997 23.525736 -0.011945724 23.537682 0.99395186 0.19960567 0.10431919 
8.04 23.507969 -0.0067844391 23.514753 0.9939521 0.19952381 0.10405879 
8.0500002 23.490141 -0.0015468597 23.491688 0.99395216 0.19944209 0.10379904 
8.0600004 23.472286 0.0037641525 23.468521 0.99395216 0.19936053 0.10353994 
8.0699997 23.454399 0.0091695786 23.445229 0.9939521 0.19927913 0.10328149 
8.0799999 23.436441 0.014626503 23.421814 0.99395192 0.19919787 0.10302368 
8.0900002 23.418446 0.020153046 23.398293 0.99395162 0.19911677 0.10276652 
8.1000004 23.400381 0.025776863 23.374603 0.9939512 0.19903581 0.10251 
8.1099997 23.382305 0.031452179 23.350853 0.99395072 0.19895501 0.10225412 
8.1199999 23.36418 0.037234306 23.326946 0.99395013 0.19887435 0.10199888 
8.1300001 23.345989 0.043054581 23.302935 0.99394947 0.19879386 0.10174428 
8.1400003 23.327759 0.048965454 23.278793 0.9939487 0.19871351 0.10149031 
8.1499996 23.309486 0.054947853 23.254539 0.99394786 0.19863331 0.10123698 
8.1599998 23.291178 0.061014175 23.230164 0.99394685 0.19855326 0.10098428 
8.1700001 23.272816 0.067150116 23.205666 0.99394584 0.19847336 0.10073221 
8.1800003 23.254416 0.073356628 23.181059 0.99394464 0.1983936 0.10048078 
8.1899996 23.23596 0.079632759 23.156326 0.99394345 0.198314 0.10022996 
8.1999998 23.217484 0.085996628 23.131487 0.99394208 0.19823454 0.099979788 
8.21 23.19894 0.092425346 23.106514 0.99394065 0.19815522 0.099730223 
8.2200003 23.180336 0.098923683 23.081413 0.9939391 0.19807607 0.099481292 
8.2299995 23.161716 0.1055088 23.056208 0.99393749 0.19799705 0.099232979 
8.2399998 23.143044 0.1121645 23.03088 0.99393576 0.19791818 0.098985285 
8.25 23.124352 0.11890984 23.005442 0.99393398 0.19783945 0.098738216 
8.2600002 23.105581 0.12570477 22.979877 0.99393207 0.19776088 0.098491758 
8.2700005 23.086784 0.13258839 22.954197 0.99393004 0.19768244 0.098245919 
8.2799997 23.067934 0.13953972 22.928394 0.99392796 0.19760416 0.09800069 
8.29 23.049047 0.14657021 22.902477 0.99392575 0.19752602 0.09775608 
8.3000002 23.030138 0.15368462 22.876453 0.99392349 0.19744802 0.097512074 
8.3100004 23.011183 0.16087532 22.850307 0.9939211 0.19737016 0.097268678 
8.3199997 22.992188 0.16812992 22.824059 0.9939186 0.19729245 0.097025894 
8.3299999 22.973143 0.17546749 22.797676 0.99391603 0.19721489 0.09678372 
8.3400002 22.954008 0.18284988 22.771158 0.99391335 0.19713746 0.096542142 
8.3500004 22.934885 0.19034386 22.744541 0.99391061 0.19706017 0.096301176 
8.3599997 22.915758 0.1979208 22.717838 0.99390775 0.19698304 0.096060805 
8.3699999 22.896503 0.20554161 22.690962 0.99390483 0.19690603 0.095821038 
8.3800001 22.877281 0.21325684 22.664024 0.99390179 0.19682918 0.095581874 
8.3900003 22.857985 0.2210331 22.636951 0.99389869 0.19675246 0.095343299 
8.3999996 22.838667 0.22889614 22.609772 0.99389547 0.19667588 0.095105328 
8.4099998 22.819286 0.23682976 22.582457 0.99389213 0.19659945 0.094867945 
8.4200001 22.799889 0.24484444 22.555044 0.99388874 0.19652316 0.094631158 
8.4300003 22.780418 0.25291157 22.527508 0.99388522 0.19644701 0.094394967 
8.4399996 22.760914 0.26106548 22.499847 0.99388164 0.19637099 0.094159357 
8.4499998 22.741385 0.2692976 22.472088 0.99387795 0.19629511 0.093924344 
8.46 22.721813 0.27759647 22.444218 0.99387419 0.19621938 0.093689911 
8.4700003 22.70223 0.28599072 22.416241 0.99387032 0.19614379 0.093456067 
8.4799995 22.682598 0.29444885 22.388149 0.99386638 0.19606833 0.093222812 
8.4899998 22.662918 0.30297565 22.359943 0.99386233 0.19599301 0.092990138 
8.5 22.64319 0.3115778 22.331612 0.99385816 0.19591783 0.092758037 
8.5100002 22.62343 0.32024956 22.303181 0.99385393 0.19584279 0.092526525 
8.5200005 22.603638 0.32900238 22.274635 0.99384958 0.19576788 0.092295587 
8.5299997 22.583786 0.33780861 22.245977 0.99384516 0.19569311 0.09206523 
8.54 22.563923 0.34670925 22.217213 0.99384069 0.19561847 0.091835439 
8.5500002 22.544018 0.35567951 22.188339 0.99383605 0.19554397 0.09160623 
8.5600004 22.524057 0.36471844 22.15934 0.99383134 0.19546962 0.091377594 
8.5699997 22.504095 0.37383366 22.13026 0.99382657 0.1953954 0.091149531 
8.5799999 22.484077 0.3830204 22.101057 0.99382168 0.19532129 0.090922035 
8.5900002 22.46402 0.39227581 22.071743 0.99381673 0.19524734 0.090695105 
8.6000004 22.44393 0.40160656 22.042324 0.99381167 0.19517352 0.090468742 
8.6099997 22.4238 0.41100407 22.012794 0.99380648 0.19509985 0.090242945 
8.6199999 22.403639 0.42046928 21.98317 0.99380124 0.19502629 0.090017714 
8.6300001 22.383444 0.43002129 21.953423 0.99379593 0.19495288 0.089793049 
8.6400003 22.363201 0.43963242 21.923569 0.99379051 0.19487959 0.089568943 
8.6499996 22.34292 0.44931984 21.8936 0.99378496 0.19480644 0.089345396 
8.6599998 22.322617 0.45907879 21.863537 0.99377936 0.19473343 0.089122407 
8.6700001 22.302277 0.46890068 21.833376 0.99377364 0.19466054 0.08889997 
8.6800003 22.281887 0.47879982 21.803087 0.99376786 0.19458778 0.088678099 
8.6899996 22.261486 0.48876762 21.772718 0.99376196 0.19451517 0.088456772 
8.6999998 22.241053 0.49880791 21.742245 0.993756 0.19444269 0.088236004 
8.71 22.220558 0.50890923 21.711649 0.99374992 0.19437033 0.088015787 
8.7200003 22.20002 0.51907063 21.68095 0.99374378 0.1942981 0.087796122 
8.7299995 22.179499 0.52933025 21.650169 0.99373752 0.19422601 0.087577008 
8.7399998 22.158916 0.53963566 21.619282 0.99373114 0.19415405 0.087358437 
8.75 22.138327 0.55002785 21.588299 0.9937247 0.19408223 0.087140411 
8.7600002 22.117632 0.56045818 21.557175 0.99371821 0.19401053 0.086922936 
8.7700005 22.096964 0.57097149 21.525993 0.99371159 0.19393896 0.086705998 
8.7799997 22.076246 0.58155537 21.49469 0.99370486 0.19386752 0.086489603 
8.79 22.055492 0.59220409 21.463287 0.99369806 0.19379622 0.086273752 
8.8000002 22.0347 0.60291576 21.431786 0.99369115 0.19372503 0.086058438 
8.8100004 22.013885 0.61368179 21.400204 0.99368417 0.19365399 0.08584366 
8.8199997 21.993031 0.62453079 21.3685 0.99367708 0.19358307 0.085629426 
8.8299999 21.972162 0.63544846 21.336714 0.99366993 0.19351228 0.085415721 
8.8400002 21.951252 0.64642334 21.304829 0.99366266 0.19344161 0.085202552 
8.8500004 21.930292 0.65745544 21.272837 0.99365532 0.19337109 0.084989913 
8.8599997 21.909325 0.66855907 21.240765 0.99364787 0.19330068 0.08477781 
8.8699999 21.888277 0.67970753 21.208569 0.99364036 0.19323041 0.084566236 
8.8800001 21.867264 0.69095039 21.176313 0.99363273 0.19316025 0.084355183 
8.8900003 21.846184 0.70223427 21.14395 0.99362504 0.19309023 0.084144667 
8.8999996 21.825064 0.71357822 21.111485 0.99361724 0.19302033 0.083934672 
8.9099998 21.803909 0.72498989 21.078918 0.99360931 0.19295056 0.083725207 
8.9200001 21.782761 0.73647308 21.046288 0.99360132 0.19288093 0.083516255 
8.9300003 21.76156 0.74799728 21.013563 0.99359322 0.19281141 0.083307832 
8.9399996 21.740345 0.75960064 20.980743 0.99358505 0.19274202 0.083099931 
8.9499998 21.719059 0.77124596 20.947813 0.99357682 0.19267276 0.082892552 
8.96 21.697775 0.78295994 20.914814 0.99356842 0.19260362 0.082685687 
8.9700003 21.676424 0.79471397 20.88171 0.99356002 0.19253461 0.082479335 
8.9799995 21.655111 0.80656815 20.848543 0.99355143 0.19246572 0.082273506 
8.9899998 21.63369 0.81843281 20.815258 0.99354279 0.19239697 0.08206819 
9 21.612276 0.83037281 20.781902 0.99353409 0.19232833 0.081863381 
9.0100002 21.590839 0.84237099 20.748468 0.99352527 0.19225982 0.081659093 
9.0200005 21.569349 0.85441971 20.71493 0.99351639 0.19219144 0.081455313 
9.0299997 21.547834 0.86651516 20.68132 0.99350739 0.19212317 0.081252038 
9.04 21.526316 0.87868977 20.647625 0.99349827 0.19205503 0.081049271 
9.0500002 21.504751 0.89090538 20.613846 0.99348909 0.19198702 0.080847017 
9.0600004 21.483128 0.90315437 20.579973 0.99347979 0.19191913 0.080645263 
9.0699997 21.461496 0.91547298 20.546024 0.99347043 0.19185136 0.080444016 
9.0799999 21.439852 0.92784309 20.512009 0.99346095 0.19178373 0.080243267 
9.0900002 21.418154 0.94026184 20.477892 0.99345142 0.19171621 0.080043025 
9.1000004 21.396446 0.95274067 20.443707 0.99344176 0.19164881 0.079843283 
9.1099997 21.374708 0.96525478 20.409454 0.99343204 0.19158153 0.079644039 
9.1199999 21.352928 0.97782516 20.375103 0.99342221 0.19151439 0.079445288 
9.1300001 21.331125 0.99043941 20.340687 0.99341226 0.19144736 0.079247043 
9.1400003 21.309301 1.0031042 20.306198 0.99340224 0.19138046 0.079049289 
9.1499996 21.287422 1.0158033 20.271618 0.99339217 0.19131367 0.078852028 
9.1599998 21.265522 1.0285578 20.236965 0.99338192 0.191247 0.078655258 
9.1700001 21.243628 1.0413694 20.202259 0.99337161 0.19118047 0.078458987 
9.1800003 21.22167 1.0542116 20.167458 0.99336123 0.19111405 0.078263201 
9.1899996 21.19969 1.067091 20.132599 0.99335074 0.19104774 0.078067906 
9.1999998 21.177696 1.0800314 20.097664 0.99334019 0.19098157 0.077873096 
9.21 21.155643 1.0929937 20.062649 0.99332952 0.19091552 0.077678777 
9.2200003 21.133598 1.1060114 20.027588 0.99331874 0.19084959 0.077484943 
9.2299995 21.11154 1.1190786 19.992462 0.99330789 0.19078377 0.077291593 
9.2399998 21.089401 1.132165 19.957237 0.99329692 0.19071808 0.077098727 
9.25 21.067289 1.1453056 19.921984 0.99328583 0.1906525 0.076906338 
9.2600002 21.045101 1.158473 19.886627 0.99327475 0.19058706 0.076714434 
9.2700005 21.02289 1.1716747 19.851215 0.99326348 0.19052172 0.076523013 
9.2799997 21.000681 1.1849174 19.815763 0.99325216 0.19045651 0.076332062 
9.29 20.978415 1.1981897 19.780224 0.99324071 0.19039142 0.076141596 
9.3000002 20.956137 1.2114983 19.744638 0.99322921 0.19032645 0.075951606 
9.3100004 20.933842 1.2248573 19.708984 0.99321759 0.19026159 0.075762086 
9.3199997 20.911531 1.238246 19.673286 0.99320585 0.19019686 0.075573042 
9.3299999 20.889162 1.2516518 19.63751 0.99319404 0.19013225 0.075384468 
9.3400002 20.866745 1.2650833 19.601662 0.99318212 0.19006775 0.07519637 
9.3500004 20.844351 1.2785549 19.565796 0.99317014 0.19000337 0.075008735 
9.3599997 20.821899 1.2920513 19.529848 0.99315804 0.18993911 0.074821576 
9.3699999 20.799423 1.3055611 19.493862 0.99314582 0.18987498 0.07463488 
9.3800001 20.776964 1.3191309 19.457832 0.99313354 0.18981095 0.074448653 
9.3900003 20.754402 1.3326864 19.421715 0.99312115 0.18974705 0.074262895 
9.3999996 20.731873 1.346302 19.385571 0.99310869 0.18968326 0.074077599 
9.4099998 20.709288 1.3599195 19.349369 0.99309611 0.18961959 0.073892765 
9.4200001 20.686714 1.3735723 19.313141 0.99308342 0.18955605 0.073708393 
9.4300003 20.664068 1.3872299 19.276838 0.99307066 0.18949261 0.073524483 
9.4399996 20.641436 1.4009361 19.240499 0.99305779 0.1894293 0.073341027 
9.4499998 20.618752 1.4146376 19.204113 0.99304479 0.1893661 0.073158033 
9.46 20.59602 1.4283409 19.167679 0.99303174 0.18930303 0.072975501 
9.4700003 20.573313 1.4421053 19.131207 0.99301857 0.18924005 0.072793424 
9.4799995 20.550531 1.4558401 19.094692 0.99300534 0.18917722 0.072611801 
9.4899998 20.527756 1.4696188 19.058136 0.99299198 0.18911448 0.072430626 
9.5 20.504959 1.4834118 19.021547 0.99297851 0.18905188 0.072249912 
9.5100002 20.482109 1.4972 18.984909 0.99296492 0.18898939 0.072069645 
9.5200005 20.45929 1.5110321 18.948257 0.99295127 0.18892701 0.071889833 
9.5299997 20.436386 1.5248365 18.911549 0.99293751 0.18886474 0.071710467 
9.54 20.413485 1.5386734 18.874811 0.99292368 0.1888026 0.071531549 
9.5500002 20.390551 1.5525074 18.838043 0.99290973 0.18874057 0.071353078 
9.5600004 20.367615 1.5663567 18.801258 0.99289566 0.18867867 0.071175054 
9.5699997 20.344616 1.5801945 18.764421 0.99288148 0.18861687 0.070997477 
9.5799999 20.321598 1.5940475 18.727551 0.99286723 0.18855518 0.070820346 
9.5900002 20.298552 1.6078901 18.690662 0.99285287 0.18849362 0.070643649 
9.6000004 20.275496 1.6217499 18.653746 0.99283838 0.18843217 0.070467405 
9.6099997 20.252419 1.6356096 18.61681 0.99282384 0.18837084 0.070291594 
9.6199999 20.229313 1.6494541 18.579859 0.99280918 0.18830962 0.070116222 
9.6300001 20.206158 1.6633005 18.542858 0.99279439 0.18824853 0.06994129 
9.6400003 20.183014 1.6771526 18.505861 0.99277955 0.18818754 0.069766797 
9.6499996 20.159824 1.6909971 18.468826 0.99276459 0.18812667 0.069592737 
9.6599998 20.136593 1.7048149 18.431778 0.99274951 0.18806592 0.069419116 
9.6700001 20.113363 1.7186413 18.394722 0.99273431 0.18800528 0.069245927 
9.6800003 20.090111 1.732461 18.357651 0.99271899 0.18794475 0.06907317 
9.6899996 20.066835 1.7462769 18.320559 0.99270362 0.18788435 0.068900846 
9.6999998 20.04352 1.7600632 18.283457 0.99268812 0.18782406 0.068728954 
9.71 20.020178 1.7738361 18.246342 0.99267256 0.18776387 0.068557493 
9.7200003 19.996822 1.7876015 18.209221 0.99265683 0.1877038 0.068386458 
9.7299995 19.973438 1.8013563 18.172081 0.99264103 0.18764386 0.068215854 
9.7399998 19.95002 1.8150721 18.134949 0.99262512 0.18758403 0.068045668 
9.75 19.92659 1.8287888 18.097801 0.99260908 0.1875243 0.067875914 
9.7600002 19.903135 1.8424864 18.06065 0.99259299 0.1874647 0.067706585 
9.7700005 19.879652 1.8561401 18.023512 0.99257678 0.18740521 0.06753768 
9.7799997 19.856157 1.8697939 17.986362 0.99256039 0.18734583 0.067369193 
9.79 19.832613 1.8834038 17.949209 0.99254394 0.18728657 0.06720113 
9.8000002 19.809078 1.8970013 17.912077 0.99252743 0.18722743 0.067033485 
9.8100004 19.785488 1.9105616 17.874928 0.99251074 0.1871684 0.066866264 
9.8199997 19.761894 1.9240928 17.837801 0.99249399 0.18710949 0.06669946 
9.8299999 19.738241 1.9375868 17.800655 0.99247712 0.18705069 0.066533066 
9.8400002 19.714607 1.9510546 17.763554 0.99246013 0.18699199 0.066367097 
9.8500004 19.690935 1.9644856 17.72645 0.99244303 0.18693341 0.066201538 
9.8599997 19.667233 1.977879 17.689354 0.9924258 0.18687496 0.066036396 
9.8699999 19.643507 1.9912353 17.652271 0.99240845 0.18681662 0.065871663 
9.8800001 19.619774 2.0045667 17.615208 0.99239105 0.18675838 0.065707341 
9.8900003 19.595957 2.0178175 17.57814 0.99237347 0.18670027 0.065543436 
9.8999996 19.572174 2.0310535 17.541121 0.99235582 0.18664226 0.06537994 
9.9099998 19.548351 2.0442419 17.504108 0.99233806 0.18658437 0.065216847 
9.9200001 19.52453 2.0573969 17.467133 0.99232018 0.1865266 0.065054163 
9.9300003 19.500656 2.070497 17.430159 0.99230218 0.18646894 0.06489189 
9.9399996 19.47674 2.083519 17.393221 0.99228406 0.1864114 0.064730026 
9.9499998 19.452808 2.0965071 17.3563 0.99226582 0.18635397 0.064568557 
9.96 19.428894 2.1094623 17.319431 0.99224752 0.18629664 0.064407498 
9.9700003 19.404902 2.1223326 17.28257 0.99222904 0.18623944 0.064246841 
9.9799995 19.380913 2.135159 17.245754 0.99221045 0.18618235 0.064086586 
9.9899998 19.356888 2.1479287 17.20896 0.99219179 0.18612537 0.063926734 
10 19.332867 2.1606379 17.17223 0.99217296 0.18606852 0.063767277 
10.01 19.308771 2.1732702 17.135502 0.992154 0.18601176 0.063608222 
10.02 19.284685 2.1858568 17.098827 0.99213499 0.18595514 0.063449562 
10.03 19.260563 2.1983681 17.062195 0.9921158 0.18589862 0.063291296 
10.04 19.236423 2.210814 17.02561 0.99209654 0.18584222 0.063133433 
10.05 19.212244 2.2231803 16.989063 0.99207711 0.18578592 0.062975958 
10.06 19.188065 2.2354999 16.952564 0.99205762 0.18572974 0.062818885 
10.07 19.163855 2.2477279 16.916126 0.99203795 0.18567368 0.062662199 
10.08 19.139606 2.2598863 16.879721 0.99201816 0.18561774 0.062505908 
10.09 19.115355 2.2719684 16.843386 0.99199831 0.18556191 0.062350005 
10.1 19.091061 2.2839661 16.807095 0.99197829 0.18550619 0.062194493 
10.11 19.066751 2.2958932 16.770859 0.99195814 0.18545058 0.062039372 
10.12 19.042402 2.3077197 16.734682 0.99193788 0.18539509 0.061884634 
10.13 19.018019 2.3194661 16.698553 0.99191749 0.18533972 0.061730288 
10.14 18.99367 2.3311529 16.662518 0.99189699 0.18528447 0.061576325 
10.15 18.969212 2.3427091 16.626503 0.9918763 0.18522932 0.06142275 
10.16 18.944782 2.3542008 16.590582 0.99185556 0.18517429 0.061269559 
10.17 18.920328 2.3656034 16.554726 0.99183464 0.18511938 0.061116748 
10.18 18.89584 2.3769002 16.51894 0.9918136 0.18506458 0.060964324 
10.19 18.871288 2.3880877 16.4832 0.99179244 0.1850099 0.060812276 
10.2 18.846788 2.3992105 16.447578 0.99177116 0.18495533 0.060660612 
10.21 18.822197 2.4102058 16.411991 0.9917497 0.18490086 0.060509324 
10.22 18.7976 2.4211078 16.376492 0.99172819 0.18484654 0.060358416 
10.23 18.772976 2.431901 16.341076 0.99170649 0.18479231 0.060207888 
10.24 18.748335 2.4425931 16.305742 0.99168468 0.1847382 0.060057737 
10.25 18.723658 2.4531679 16.270489 0.99166268 0.18468422 0.059907958 
10.26 18.698963 2.4636388 16.235325 0.99164063 0.18463033 0.059758555 
10.27 18.674242 2.4739943 16.200249 0.99161839 0.18457657 0.059609525 
10.28 18.649492 2.4842424 16.165249 0.99159604 0.18452293 0.059460871 
10.29 18.624695 2.4943581 16.130337 0.99157351 0.1844694 0.059312586 
10.3 18.599876 2.5043569 16.09552 0.99155086 0.18441598 0.059164673 
10.31 18.575054 2.5142441 16.06081 0.99152809 0.18436269 0.059017129 
10.32 18.550196 2.5240011 16.026196 0.99150515 0.18430951 0.058869954 
10.33 18.525309 2.533637 15.991672 0.99148208 0.18425645 0.058723148 
10.34 18.500401 2.5431461 15.957254 0.99145889 0.18420351 0.058576711 
10.35 18.475447 2.5525184 15.922928 0.99143553 0.18415068 0.058430638 
10.36 18.450491 2.5617719 15.88872 0.99141198 0.18409796 0.058284931 
10.37 18.425465 2.5708647 15.8546 0.99138838 0.18404537 0.058139592 
10.38 18.400433 2.5798306 15.820602 0.99136454 0.18399289 0.057994612 
10.39 18.375372 2.5886693 15.786703 0.99134064 0.18394053 0.057849996 
10.4 18.350302 2.5973606 15.752941 0.9913165 0.18388829 0.057705745 
10.41 18.32518 2.6059117 15.719269 0.9912923 0.18383616 0.057561852 
10.42 18.30002 2.6143026 15.685718 0.99126786 0.18378416 0.05741832 
10.43 18.274847 2.6225595 15.652287 0.9912433 0.18373227 0.057275146 
10.44 18.249657 2.6306648 15.618992 0.99121863 0.1836805 0.057132334 
10.45 18.224394 2.6386089 15.585785 0.99119377 0.18362886 0.056989875 
10.46 18.19912 2.6463995 15.55272 0.99116874 0.18357731 0.056847773 
10.47 18.173836 2.6540494 15.519787 0.99114358 0.18352591 0.05670603 
10.48 18.148523 2.6615314 15.486992 0.99111819 0.18347462 0.05656464 
10.49 18.123159 2.668849 15.45431 0.99109274 0.18342344 0.056423601 
10.5 18.09774 2.6759944 15.421745 0.99106705 0.18337239 0.056282919 
10.51 18.072321 2.6829777 15.389343 0.99104124 0.18332146 0.056142587 
10.52 18.04689 2.6898117 15.357079 0.99101526 0.18327063 0.056002609 
10.53 18.021379 2.6964521 15.324927 0.99098909 0.18321995 0.055862978 
10.54 17.995861 2.7029338 15.292927 0.9909628 0.18316938 0.055723697 
10.55 17.970297 2.7092228 15.261074 0.99093628 0.18311892 0.055584766 
10.56 17.944706 2.7153435 15.229362 0.99090964 0.18306859 0.055446185 
10.57 17.919088 2.7212934 15.197795 0.99088281 0.18301839 0.055307947 
10.58 17.89341 2.7270355 15.166374 0.99085581 0.1829683 0.055170055 
10.59 17.867712 2.7326136 15.135098 0.99082863 0.18291834 0.055032514 
10.6 17.841993 2.7380066 15.103987 0.99080122 0.1828685 0.054895312 
10.61 17.816233 2.7432051 15.073028 0.99077368 0.18281877 0.054758456 
10.62 17.790426 2.7482147 15.042212 0.99074596 0.18276918 0.054621939 
10.63 17.76458 2.7530222 15.011558 0.99071807 0.18271971 0.054485768 
10.64 17.738695 2.7576318 14.981064 0.99068999 0.18267037 0.054349937 
10.65 17.71279 2.762053 14.950737 0.99066174 0.18262114 0.054214444 
10.66 17.686806 2.7662535 14.920552 0.99063325 0.18257204 0.05407929 
10.67 17.660805 2.7702646 14.89054 0.99060464 0.18252307 0.05394448 
10.68 17.634764 2.7740607 14.860703 0.99057579 0.18247421 0.053810004 
10.69 17.608681 2.7776513 14.83103 0.99054676 0.1824255 0.053675864 
10.7 17.58255 2.7810292 14.801521 0.9905175 0.18237689 0.053542059 
10.71 17.556374 2.7841854 14.772188 0.99048811 0.18232842 0.053408593 
10.72 17.530197 2.7871532 14.743044 0.99045843 0.18228008 0.053275459 
10.73 17.503901 2.7898602 14.714041 0.99042863 0.18223186 0.053142659 
10.74 17.477598 2.7923689 14.685229 0.99039859 0.18218377 0.053010192 
10.75 17.451284 2.7946682 14.656616 0.99036837 0.18213582 0.052878056 
10.76 17.424873 2.7967148 14.628159 0.99033791 0.18208799 0.052746251 
10.77 17.398438 2.798553 14.599884 0.99030727 0.18204027 0.052614775 
10.78 17.371952 2.8001471 14.571805 0.9902764 0.18199271 0.052483629 
10.79 17.345417 2.8015161 14.543901 0.99024528 0.18194526 0.052352812 
10.8 17.318817 2.8026257 14.516191 0.99021399 0.18189795 0.052222326 
10.81 17.292171 2.8035202 14.488651 0.99018246 0.18185076 0.052092165 
10.82 17.265469 2.8041553 14.461313 0.99015069 0.18180372 0.051962327 
10.83 17.238724 2.8045635 14.43416 0.99011874 0.18175679 0.051832817 
10.84 17.211903 2.8047075 14.407195 0.99008656 0.18171 0.051703632 
10.85 17.185061 2.8046236 14.380437 0.99005407 0.18166336 0.05157477 
10.86 17.158115 2.8042626 14.353853 0.99002141 0.18161684 0.051446233 
10.87 17.131136 2.8036604 14.327476 0.98998851 0.18157046 0.051318016 
10.88 17.104103 2.802803 14.3013 0.98995537 0.1815242 0.051190119 
10.89 17.076998 2.8016782 14.27532 0.98992199 0.1814781 0.051062547 
10.9 17.049795 2.8002796 14.249516 0.98988837 0.18143211 0.050935291 
10.91 17.022575 2.7986345 14.223941 0.98985445 0.18138628 0.050808355 
10.92 16.995277 2.7967219 14.198555 0.9898203 0.18134058 0.050681736 
10.93 16.967911 2.7945375 14.173373 0.98978591 0.18129501 0.050555438 
10.94 16.940489 2.792079 14.14841 0.98975128 0.18124957 0.050429452 
10.95 16.912956 2.7893362 14.12362 0.98971635 0.18120429 0.050303787 
10.96 16.885372 2.7863159 14.099056 0.98968118 0.18115915 0.050178435 
10.97 16.857687 2.7830043 14.074682 0.98964572 0.18111414 0.050053395 
10.98 16.829994 2.7794576 14.050537 0.98960996 0.18106928 0.049928673 
10.99 16.802145 2.7755613 14.026584 0.98957396 0.18102457 0.049804263 
11 16.774233 2.7714028 14.002831 0.98953766 0.18097998 0.049680162 
11.01 16.746231 2.7669511 13.97928 0.98950106 0.18093555 0.049556375 
11.02 16.718172 2.7622075 13.955965 0.98946422 0.18089126 0.049432896 
11.03 16.690002 2.7571592 13.932843 0.98942703 0.18084712 0.049309731 
11.04 16.661755 2.7518182 13.909937 0.98938954 0.18080314 0.04918687 
11.05 16.633413 2.7461729 13.88724 0.98935181 0.18075928 0.04906432 
11.06 16.60498 2.7402182 13.864762 0.98931372 0.18071559 0.048942078 
11.07 16.576437 2.7339559 13.842482 0.98927534 0.18067203 0.048820142 
11.08 16.547791 2.7273898 13.8204 0.98923659 0.18062864 0.048698515 
11.09 16.519041 2.7204976 13.798544 0.98919755 0.1805854 0.048577189 
11.1 16.490204 2.7132978 13.776906 0.98915815 0.18054231 0.04845617 
11.11 16.461218 2.7057557 13.755463 0.98911846 0.18049937 0.048335455 
11.12 16.432142 2.697916 13.734226 0.9890784 0.18045659 0.048215043 
11.13 16.402983 2.6897502 13.713232 0.98903805 0.18041396 0.048094932 
11.14 16.373676 2.681253 13.692423 0.98899728 0.18037149 0.047975123 
11.15 16.34425 2.6724186 13.671831 0.98895615 0.18032917 0.047855616 
11.16 16.314703 2.6632552 13.651447 0.98891473 0.18028703 0.047736406 
11.17 16.285023 2.6537538 13.631269 0.98887289 0.18024504 0.047617499 
11.18 16.255249 2.6439281 13.61132 0.98883063 0.18020321 0.047498889 
11.19 16.225321 2.6337543 13.591566 0.98878801 0.18016155 0.047380581 
11.2 16.19523 2.6232243 13.572006 0.98874503 0.18012005 0.047262568 
11.21 16.165024 2.6123619 13.552662 0.98870164 0.18007872 0.047144849 
11.22 16.134678 2.6011443 13.533533 0.98865783 0.18003756 0.047027428 
11.23 16.104183 2.5895767 13.514606 0.98861361 0.17999656 0.046910305 
11.24 16.073544 2.5776639 13.49588 0.98856896 0.17995574 0.046793472 
11.25 16.042747 2.5653858 13.477362 0.9885239 0.17991509 0.046676934 
11.26 16.011818 2.5527611 13.459057 0.98847836 0.17987461 0.04656069 
11.27 15.980703 2.5397673 13.440936 0.98843241 0.17983431 0.04644474 
11.28 15.949471 2.5264235 13.423047 0.98838598 0.17979419 0.046329077 
11.29 15.918033 2.5126991 13.405334 0.98833913 0.17975424 0.046213709 
11.3 15.886462 2.4986205 13.387842 0.98829174 0.17971447 0.046098631 
11.31 15.854721 2.4841776 13.370543 0.98824388 0.17967489 0.045983844 
11.32 15.822814 2.4693666 13.353447 0.98819554 0.17963551 0.045869343 
11.33 15.790729 2.4541845 13.336544 0.98814666 0.17959629 0.045755133 
11.34 15.758482 2.438633 13.319849 0.98809725 0.17955728 0.04564121 
11.35 15.726046 2.422699 13.303347 0.98804736 0.17951845 0.045527574 
11.36 15.693464 2.4064178 13.287046 0.98799688 0.17947982 0.045414224 
11.37 15.660684 2.3897429 13.270941 0.98794585 0.17944138 0.045301158 
11.38 15.627748 2.3727098 13.255037 0.98789424 0.17940314 0.045188379 
11.39 15.594632 2.3552995 13.239332 0.98784208 0.1793651 0.045075886 
11.4 15.561347 2.3375258 13.223822 0.98778927 0.17932726 0.044963673 
11.41 15.52788 2.3193684 13.208511 0.98773587 0.17928964 0.044851746 
11.42 15.494221 2.3008327 13.193388 0.98768187 0.17925221 0.044740099 
11.43 15.460416 2.2819405 13.178475 0.98762715 0.179215 0.044628736 
11.44 15.426469 2.2626953 13.163774 0.98757184 0.17917801 0.044517655 
11.45 15.39231 2.2430553 13.149255 0.98751581 0.17914122 0.044406854 
11.46 15.357994 2.2230601 13.134933 0.98745912 0.17910467 0.044296332 
11.47 15.323543 2.2027073 13.120835 0.98740166 0.17906833 0.044186089 
11.48 15.288927 2.1820016 13.106926 0.98734349 0.17903222 0.044076126 
11.49 15.25416 2.1609344 13.093225 0.98728454 0.17899634 0.043966439 
11.5 15.219244 2.1395116 13.079733 0.98722482 0.1789607 0.043857031 
11.51 15.184192 2.1177392 13.066452 0.98716432 0.17892529 0.043747902 
11.52 15.149034 2.0956464 13.053387 0.98710299 0.17889012 0.043639045 
11.53 15.11371 2.0731931 13.040518 0.98704076 0.17885521 0.043530468 
11.54 15.078284 2.0504093 13.027875 0.9869777 0.17882054 0.043422166 
11.55 15.042765 2.0273066 13.015458 0.98691368 0.17878611 0.043314137 
11.56 15.007125 2.0038686 13.003256 0.98684877 0.17875196 0.043206383 
11.57 14.971391 1.9801188 12.991272 0.98678285 0.17871806 0.0430989 
11.58 14.935603 1.9560719 12.979531 0.98671597 0.17868444 0.042991694 
11.59 14.899681 1.9316907 12.967991 0.98664802 0.17865108 0.042884756 
11.6 14.863739 1.9070287 12.956711 0.986579 0.17861801 0.042778093 
11.61 14.82775 1.8820806 12.945669 0.98650891 0.17858522 0.042671703 
11.62 14.791713 1.8568616 12.934851 0.98643768 0.17855272 0.04256558 
11.63 14.755622 1.8313389 12.924283 0.9863652 0.17852052 0.04245973 
11.64 14.719526 1.8055725 12.913954 0.98629153 0.17848861 0.042354152 
11.65 14.683401 1.77953 12.903872 0.98621655 0.17845702 0.042248838 
11.66 14.647264 1.753231 12.894033 0.98614025 0.17842576 0.042143796 
11.67 14.611148 1.7267032 12.884445 0.98606259 0.17839481 0.042039026 
11.68 14.575051 1.6999183 12.875134 0.98598349 0.17836419 0.04193452 
11.69 14.538941 1.6729012 12.86604 0.98590285 0.17833391 0.041830283 
11.7 14.50287 1.6456642 12.857205 0.98582065 0.17830399 0.041726314 
11.71 14.466833 1.6181903 12.848642 0.98573679 0.17827441 0.041622609 
11.72 14.430821 1.5905223 12.8403 0.98565125 0.1782452 0.041519172 
11.73 14.394858 1.5626316 12.832227 0.98556393 0.17821638 0.041416004 
11.74 14.358935 1.5345364 12.824399 0.98547471 0.17818795 0.041313101 
11.75 14.323071 1.5062532 12.816817 0.98538357 0.17815991 0.041210465 
11.76 14.287259 1.4777708 12.809488 0.98529029 0.17813228 0.04110809 
11.77 14.251488 1.4490952 12.802393 0.98519492 0.17810509 0.041005984 
11.78 14.215821 1.4202738 12.795547 0.98509723 0.17807832 0.040904146 
11.79 14.180196 1.3912554 12.78894 0.98499709 0.17805202 0.040802568 
11.8 14.14464 1.362071 12.782569 0.98489445 0.17802618 0.040701259 
11.81 14.109174 1.3327355 12.776438 0.98478913 0.17800084 0.040600214 
11.82 14.073799 1.3032532 12.770546 0.98468095 0.17797598 0.040499434 
11.83 14.038505 1.2736268 12.764877 0.98456979 0.17795166 0.040398918 
11.84 14.003301 1.2438588 12.759441 0.98445535 0.17792788 0.040298667 
11.85 13.968171 1.2139578 12.754213 0.98433751 0.17790465 0.040198684 
11.86 13.933131 1.1839175 12.749214 0.98421603 0.17788203 0.040098965 
11.87 13.898188 1.1537552 12.744432 0.98409069 0.17786001 0.039999515 
11.88 13.86335 1.1234946 12.739855 0.98396111 0.17783862 0.039900329 
11.89 13.828611 1.0931225 12.735489 0.98382699 0.17781793 0.039801411 
11.9 13.793965 1.0626459 12.731319 0.98368806 0.17779793 0.039702766 
11.91 13.759383 1.032042 12.727341 0.98354387 0.17777866 0.039604384 
11.92 13.724937 1.0013733 12.723564 0.98339403 0.17776018 0.039506279 
11.93 13.690574 0.97060394 12.71997 0.98323798 0.17774251 0.039408445 
11.94 13.656271 0.93974733 12.716524 0.9830752 0.17772573 0.039310884 
11.95 13.6221 0.90882397 12.713276 0.98290497 0.17770986 0.039213601 
11.96 13.588004 0.87782192 12.710182 0.98272663 0.17769496 0.039116599 
11.97 13.554005 0.84674788 12.707256 0.98253924 0.17768112 0.039019875 
11.98 13.520117 0.8156352 12.704481 0.98234189 0.17766839 0.038923439 
11.99 13.486309 0.78445005 12.701859 0.98213333 0.17765687 0.038827296 
12 13.452603 0.75322866 12.699375 0.9819122 0.17764664 0.038731448 
12.01 13.41897 0.72195387 12.697016 0.98167694 0.1776378 0.038635902 
12.02 13.385456 0.6906352 12.69482 0.9814254 0.17763048 0.038540669 
12.03 13.352027 0.65929794 12.692729 0.9811554 0.17762484 0.038445752 
12.04 13.318702 0.62793159 12.69077 0.98086387 0.17762101 0.038351174 
12.05 13.285461 0.59652996 12.688931 0.98054713 0.1776192 0.038256943 
12.06 13.252316 0.56510305 12.687212 0.98020071 0.17761964 0.038163081 
12.07 13.219306 0.53369379 12.685612 0.97981864 0.1776226 0.038069617 
12.08 13.186365 0.50224352 12.684122 0.9793933 0.17762841 0.037976578 
12.09 13.153556 0.47081423 12.682741 0.97891456 0.17763749 0.037884016 
12.1 13.120844 0.43936634 12.681478 0.97836852 0.17765035 0.037791993 
12.11 13.088219 0.4079175 12.680302 0.97773612 0.17766763 0.037700597 
12.12 13.055717 0.37647915 12.679237 0.97698963 0.17769019 0.037609953 
12.13 13.023316 0.345047 12.678269 0.97608811 0.17771918 0.037520256 
12.14 12.991041 0.31362629 12.677415 0.97496831 0.17775612 0.037431814 
12.15 12.958853 0.28220749 12.676645 0.97352779 0.17780319 0.037345126 
12.16 12.926787 0.25080824 12.67598 0.97159225 0.17786355 0.037261087 
12.17 12.894815 0.21942091 12.675394 0.96884727 0.17794202 0.037181396 
12.18 12.862952 0.18804359 12.674909 0.96469384 0.17804612 0.037109625 
12.19 12.831179 0.15667582 12.674503 0.9579525 0.17818816 0.037054241 
12.2 12.79952 0.12533045 12.674191 0.94642061 0.17838891 0.037038535 
12.21 12.76794 0.093983173 12.673956 0.92710096 0.17868397 0.037139297 
12.22 12.736438 0.062658787 12.673779 0.89916813 0.17913447 0.037666164 
12.23 12.705014 0.031329155 12.673685 0.86640513 0.1798459 0.04008707 
12.24 12.673659 0 12.673659 0.83292776 0.18100318 0.050404873 
