307
0
306
45.73947144
42.75110626
37.08362198
29.12483406
19.5701046
9.268877983
-1.007173777
-10.74142933
-19.7458477
-28.04332352
-35.99199677
-44.91677856
-56.17183685
-68.84780121
-79.5550766
-86.60025787
-90.72691345
-93.09290314
-94.46948242
-95.28134918
-95.75585938
-96.01805878
-96.13970947
-96.16394806
-96.11790466
-96.01939392
-95.88061523
-95.71026611
-95.51474762
-95.29895782
-95.06671906
-94.82110596
-94.56460571
-94.29928589
-94.02687836
-93.74882507
-93.466362
-93.1805191
-92.89218903
-92.60211945
-92.31095886
-92.0192337
-91.72741699
-91.43589783
-91.1450119
-90.85502625
-90.56619263
-90.27869415
-89.9927063
-89.70835876
-89.42577362
-89.14504242
-88.86623383
-88.58942413
-88.31465912
-88.0419693
-87.77139282
-87.50294495
-87.23665619
-86.97251892
-86.71055603
-86.45075989
-86.19312286
-85.93766022
-85.68434906
-85.43318939
-85.18416595
-84.93726349
-84.69248199
-84.44979858
-84.20920563
-83.97068024
-83.73420715
-83.49977875
-83.26737213
-83.03697968
-82.80857086
-82.58213043
-82.35765076
-82.13511658
-81.91449738
-81.69578552
-81.47896576
-81.2640152
-81.05092621
-80.83966827
-80.63023376
-80.42260742
-80.21676636
-80.01269531
-79.81038666
-79.6098175
-79.4109726
-79.21383667
-79.01839447
-78.82463074
-78.63253021
-78.44207001
-78.25325012
-78.06604767
-77.88044739
-77.69643402
-77.51399231
-77.33311462
-77.15378571
-76.97598267
-76.79969788
-76.62491608
-76.45162201
-76.27980804
-76.10945892
-75.94055939
-75.77309418
-75.60705566
-75.44242859
-75.27919769
-75.11734772
-74.95687866
-74.79776764
-74.63999939
-74.48357391
-74.32847595
-74.17468262
-74.02219391
-73.87099457
-73.72106934
-73.57241058
-73.42500305
-73.27883911
-73.13391113
-72.99020386
-72.84770203
-72.70639801
-72.56628418
-72.42734528
-72.28957367
-72.1529541
-72.01748657
-71.88314819
-71.74993134
-71.61782837
-71.48683167
-71.35693359
-71.22811127
-71.10035706
-70.97367859
-70.84804535
-70.72344971
-70.59989929
-70.47736359
-70.35584259
-70.23532867
-70.11580658
-69.99726868
-69.87970734
-69.76311493
-69.6474762
-69.53278351
-69.41902924
-69.30619812
-69.19429016
-69.0832901
-68.97319031
-68.86398315
-68.75565338
-68.64819336
-68.54159546
-68.43585205
-68.33095551
-68.22689056
-68.1236496
-68.02122498
-67.91960907
-67.81878662
 -67.71875
-67.61949158
-67.52100372
-67.42327881
-67.32630157
-67.23005676
-67.134552
-67.0397644
-66.94568634
-66.85231018
-66.7596283
-66.66762543
-66.57629395
-66.48562622
-66.39560699
-66.30622864
-66.21748352
-66.12936401
-66.04185486
-65.9549408
-65.86862183
-65.78288269
-65.69770813
-65.61309052
-65.52902985
-65.44549561
-65.36248779
-65.27999878
-65.19800568
-65.11650848
-65.03548431
-64.95493317
-64.87483215
-64.79518127
-64.71595764
-64.637146
-64.55874634
-64.48074341
-64.40311432
-64.32585144
-64.24893951
-64.17237091
-64.09613037
-64.02019501
-63.94455338
-63.86919785
-63.79410553
-63.71926498
-63.64465714
-63.57026672
-63.49608231
-63.42208099
-63.34824371
-63.27455902
-63.20100403
-63.12755966
-63.05421066
-62.98093033
-62.9077034
-62.83450699
-62.76131439
-62.68811035
-62.61486816
-62.54156113
-62.46816635
-62.39465714
-62.32100296
-62.24717712
-62.17314911
-62.09889221
-62.02436447
-61.94953918
-61.8743782
-61.79884338
-61.72289276
-61.64648819
-61.56958389
-61.49213409
-61.41408539
-61.33538818
-61.25598907
-61.17582321
-61.09482956
-61.01294327
-60.93008804
-60.84619141
-60.7611618
-60.67491531
-60.58735275
-60.49837112
-60.40785217
-60.31567764
-60.22170639
-60.12579727
-60.02778244
-59.92748642
-59.82471466
-59.71924973
-59.61084747
-59.49923706
-59.38412476
-59.26517105
-59.14199066
-59.01415634
-58.88117218
-58.74248123
-58.59742355
-58.44525909
-58.28510284
-58.11592484
-57.93650436
-57.7453804
-57.54078674
-57.32057953
-57.08209991
-56.82202911
-56.53614807
-56.21900558
-55.86341858
-55.45969772
-54.99442673
-54.44841385
-53.79312897
-52.98412704
-51.94789886
-50.55326843
-48.54119492
-45.32477951
-39.30253983
-25.24286079
7.140790462
38.28107071
43.46311188
