1227
0
1
45.70052338
45.34354019
44.69258499
43.8085556
42.72581482
41.46413803
40.03593826
38.4504509
36.71605301
34.84149933
32.83649063
30.71185112
28.47948647
26.15219307
23.74341011
21.26692963
18.73661423
16.16611862
13.56864738
10.95673275
8.342060089
5.735310555
3.146034479
0.5825445652
-1.948171377
-4.440518856
-6.890331268
-9.294851303
-11.65263176
-13.9633131
-16.2272892
-18.44529152
-20.61803818
-22.74620628
-24.83102608
-26.87554359
-28.88629913
-30.87474251
-32.8577652
-34.85720444
-36.89855194
-39.00930023
-41.21713257
-43.54802322
-46.02395248
-48.66013336
-51.46159363
-54.41948318
-57.50812531
-60.68434525
-63.89042282
-67.0606842
-70.12997437
-73.04145813
-75.75189972
-78.23381042
-80.47480011
-82.47518921
-84.24476624
-85.79957581
-87.15908813
-88.34404755
-89.37495422
-90.27114105
-91.0502243
-91.72790527
-92.31797028
-92.83235168
-93.28135681
-93.67378235
-94.01715851
-94.31790924
-94.58152008
-94.81265259
-95.01531982
-95.19294739
-95.34846497
-95.48441315
-95.60297394
-95.7060318
-95.79522705
-95.87199402
-95.93756866
-95.99304199
-96.03938293
-96.07741547
-96.10788727
-96.13146973
-96.14872742
-96.1601944
-96.16632843
-96.16754913
-96.16422272
-96.15668488
-96.14524841
-96.13018036
-96.11172485
-96.09011841
-96.06555176
-96.0382309
-96.00831604
-95.97596741
-95.94132996
-95.90454102
-95.86572266
-95.82498932
-95.78244781
-95.73820496
-95.69234467
-95.64495087
-95.59611511
-95.54590607
-95.49440002
-95.44165802
-95.38774109
-95.3327179
-95.27664185
-95.21955872
-95.16152954
-95.10259247
-95.0428009
-94.98219299
-94.92080688
-94.85868835
-94.79587555
-94.73239899
-94.66828918
-94.60358429
-94.53830719
-94.47250366
-94.40618134
-94.33938599
-94.27213287
-94.20444489
-94.13635254
-94.06787109
-93.99902344
-93.92984009
-93.8603363
-93.79051971
-93.72042847
-93.65006256
-93.57944489
-93.50859833
-93.43753052
-93.36625671
-93.2947998
-93.22315979
-93.15135956
-93.07941437
-93.00732422
-92.93511963
-92.86279297
-92.7903595
-92.7178421
-92.64523315
-92.57255554
-92.49980927
-92.42701721
-92.35417175
-92.28128052
-92.20836639
-92.13542938
-92.06247711
-91.98950958
-91.91654205
-91.84358215
-91.77062988
-91.69769287
-91.62477112
-91.55188751
-91.47902679
-91.40620422
-91.33342743
-91.26068878
-91.18801117
-91.11537933
-91.04280853
-90.9703064
-90.8978653
-90.82549286
-90.75319672
-90.68097687
-90.60883331
-90.53677368
-90.46479797
-90.39291382
-90.32111359
-90.24941254
-90.17780304
-90.10629272
-90.03488159
-89.96356964
-89.8923645
-89.82126617
-89.75027466
-89.67938995
-89.60861969
-89.53796387
-89.46741486
-89.39698029
-89.32666779
-89.25646973
-89.18639374
-89.11643219
-89.04660034
-88.97688293
-88.90729523
-88.83782196
-88.76847839
-88.69926453
-88.63017273
-88.56121063
-88.49237823
-88.42366791
-88.35509491
-88.28664398
-88.21833038
-88.15013885
-88.08208466
-88.01416016
-87.94637299
-87.87871552
-87.81118774
-87.7437973
-87.67653656
-87.60941315
-87.54241943
-87.47556305
-87.40884399
-87.34225464
-87.27580261
-87.20948029
-87.14330292
-87.07725525
-87.01134491
-86.94556427
-86.87992096
-86.81441498
-86.74904633
-86.683815
-86.61871338
-86.55374908
-86.48892212
-86.42423248
-86.35967255
-86.29524994
-86.23096466
-86.16681671
-86.10279846
-86.03891754
-85.97517395
-85.91156006
-85.8480835
-85.78474426
-85.72153473
-85.65846252
-85.59552765
-85.53272247
-85.47005463
-85.40751648
-85.34511566
-85.28284454
-85.22070312
-85.15870667
-85.09683228
-85.03509521
-84.97348785
-84.91201782
-84.85067749
-84.78946686
-84.72838593
-84.66744232
-84.60662842
-84.54594421
-84.48538971
-84.4249649
-84.36467743
-84.30451202
-84.24448395
-84.18457794
-84.12480164
-84.06516266
-84.00564575
-83.94625854
-83.88700104
-83.8278656
-83.76886749
-83.70999146
-83.65124512
-83.59262085
-83.53412628
-83.47576141
-83.41751862
-83.35940552
-83.30142212
-83.24355316
-83.18582153
-83.12820435
-83.07071686
-83.01335144
-82.95611572
-82.89900208
-82.8420105
-82.78514099
-82.72840118
-82.67177582
-82.61528015
-82.55889893
-82.5026474
-82.44651794
-82.39050293
-82.33461761
-82.27884674
-82.22319794
-82.1676712
-82.11226654
-82.05698395
-82.0018158
-81.94676971
-81.89183807
-81.8370285
-81.782341
-81.72776794
-81.67331696
-81.61898041
-81.56476593
-81.51066589
-81.4566803
-81.40281677
-81.34906769
-81.29543304
-81.24191284
-81.18851471
-81.13523102
-81.08205414
-81.02899933
-80.97605896
-80.92323303
-80.87052155
-80.8179245
-80.76544189
-80.71307373
-80.66081238
-80.6086731
-80.55664062
-80.5047226
-80.45291138
-80.40122223
-80.34963989
-80.29816437
-80.24680328
-80.19555664
-80.14441681
-80.09339142
-80.04247284
-79.99166107
-79.94096375
-79.89037323
-79.83989716
-79.78952789
-79.73926544
-79.6891098
-79.63906097
-79.58912659
-79.53929138
-79.48957062
-79.43995667
-79.39044952
-79.34104919
-79.29175568
-79.24256134
-79.19348145
-79.14450073
-79.09563446
-79.04686737
-78.99820709
-78.949646
-78.90119171
-78.85284424
-78.80460358
-78.7564621
-78.70842743
-78.66049194
-78.61266327
-78.56493378
-78.5173111
-78.4697876
-78.42237091
-78.37505341
-78.32783508
-78.28072357
-78.23371124
-78.1867981
-78.13998413
-78.09327698
-78.04666138
-78.00015259
-77.95374298
-77.90743256
-77.86122131
-77.81510925
-77.76909637
-77.72317505
-77.67736053
-77.6316452
-77.58602142
-77.54050446
-77.49507904
-77.44975281
-77.40451813
-77.35939026
-77.31435394
-77.26940918
-77.2245636
-77.1798172
-77.13516998
-77.09061432
-77.04615021
-77.00178528
-76.9575119
-76.91333771
-76.86925507
-76.82527161
-76.7813797
-76.73757935
-76.69387817
-76.65026093
-76.60674286
-76.56331635
-76.51998901
-76.47674561
-76.43360138
-76.39054108
-76.34757996
-76.30471039
-76.26193237
-76.21923828
-76.17664337
-76.13413239
-76.09172058
-76.0493927
-76.00715637
-75.96501923
-75.92295837
-75.8809967
-75.83911896
-75.79733276
-75.75563812
-75.7140274
-75.67250824
-75.63108063
-75.58973694
-75.54847717
-75.50731659
-75.4662323
-75.42523956
-75.38433838
-75.34352112
-75.30279541
-75.262146
-75.22158813
-75.18112183
-75.14073944
-75.10044098
-75.06022644
-75.02009583
-74.98005676
-74.94010162
-74.90023041
-74.86044312
-74.82073975
-74.7811203
-74.74158478
-74.70213318
-74.66277313
-74.62348938
-74.58428955
-74.54517365
-74.50614166
-74.4671936
-74.42832184
-74.38954163
-74.35083771
-74.31221771
-74.27368164
-74.23522186
-74.19684601
-74.15855408
-74.12033844
-74.08221436
-74.04415894
-74.00618744
-73.96829987
-73.93049622
-73.89276123
-73.8551178
-73.81754303
-73.78005219
-73.74264526
-73.70531464
-73.6680603
-73.63088989
-73.59379578
-73.55677795
-73.51984406
-73.48297882
-73.44619751
-73.40949249
-73.3728714
-73.33631897
-73.29985046
-73.26345825
-73.2271347
-73.19089508
-73.15473175
-73.11864471
-73.08263397
-73.04669952
-73.01083374
-72.97505188
-72.93934631
-72.90370941
-72.8681488
-72.83267212
-72.79725647
-72.76192474
-72.72666931
-72.69148254
-72.65637207
-72.62133789
-72.58637238
-72.55148315
-72.51667023
-72.48192596
-72.447258
-72.41265869
-72.37813568
-72.34368134
-72.30930328
-72.27500153
-72.2407608
-72.206604
-72.17251587
-72.1384964
-72.10454559
-72.07067108
-72.03686523
-72.00313568
-71.96946716
-71.93587494
-71.90235138
-71.86890411
-71.83552551
-71.80220795
-71.76896667
-71.7358017
-71.70269775
-71.66966248
-71.63670349
-71.60380554
-71.57097626
-71.53822327
-71.50553131
-71.47291565
-71.44036102
-71.40788269
-71.37546539
-71.34311676
-71.31083679
-71.27862549
-71.24647522
-71.21440125
-71.18238831
-71.15044403
-71.11856842
-71.08675385
-71.05500793
-71.02333069
-70.99172211
-70.96017456
-70.92868805
-70.89727783
-70.86592865
-70.8346405
-70.80342102
-70.7722702
-70.74118042
-70.71015167
-70.67919159
-70.64829254
-70.61746216
-70.58669281
-70.55599213
-70.52535248
-70.49477386
-70.46426392
-70.433815
-70.40342712
-70.37310028
-70.3428421
-70.31264496
-70.28250885
-70.25243378
-70.22241974
-70.19247437
-70.1625824
-70.13275909
-70.10299683
-70.07329559
-70.0436554
-70.01407623
-69.98455811
-69.95510101
-69.92569733
-69.8963623
-69.86708832
-69.83787537
-69.80871582
-69.77962494
-69.75058746
-69.72161102
-69.69269562
-69.66383362
-69.63504028
-69.60630035
-69.57762146
-69.54899597
-69.52043915
-69.49193573
-69.46348572
-69.43510437
-69.4067688
-69.37850189
-69.35028839
-69.3221283
-69.29403687
-69.26599121
-69.23800659
-69.21008301
-69.18221283
-69.15439606
-69.12664032
-69.09894562
-69.07129669
-69.0437088
-69.01618195
-68.9887085
-68.96128845
-68.93392181
-68.90661621
-68.87935638
-68.85215759
-68.82501984
-68.79792786
-68.77089691
-68.74391937
-68.71698761
-68.69011688
-68.66330719
-68.63654327
-68.60983276
-68.58317566
-68.55657959
-68.5300293
-68.50353241
-68.47708893
-68.45070648
-68.42436981
-68.39808655
-68.37185669
-68.34567261
-68.31954956
-68.29347229
-68.26745605
-68.2414856
-68.21556091
-68.18969727
-68.16387939
-68.13811493
-68.11240387
-68.08673859
-68.06112671
-68.03556824
-68.01005554
-67.98459625
-67.95918274
-67.93382263
-67.90851593
-67.883255
-67.85803986
-67.83287811
-67.80776978
-67.78270721
-67.75769043
-67.73272705
-67.70780945
-67.68294525
-67.65812683
-67.63335419
-67.60862732
-67.58395386
-67.55932617
-67.53474426
-67.51021576
-67.48573303
-67.46128845
-67.43690491
-67.41255951
-67.38825989
-67.36401367
-67.3398056
-67.31565094
-67.29154205
-67.26747131
-67.24345398
-67.21948242
-67.19555664
-67.17166901
-67.14783478
-67.1240387
-67.10029602
-67.07659149
-67.05293274
-67.02931976
-67.00575256
-66.98223114
-66.95874786
-66.93531036
-66.91191864
-66.88857269
-66.86526489
-66.84200287
-66.81878662
-66.79560852
-66.7724762
-66.74938202
-66.72633362
-66.70333099
-66.68036652
-66.65744781
-66.63456726
-66.61172485
-66.58893585
-66.56617737
-66.54346466
-66.5207901
-66.49816132
-66.47557068
-66.45301819
-66.43051147
-66.40804291
-66.38561249
-66.36322784
-66.34088135
-66.318573
-66.2963028
-66.27407074
-66.25187683
-66.2297287
-66.20761871
-66.18553925
-66.16350555
-66.14151001
-66.11955261
-66.09763336
-66.07575226
-66.05390167
-66.03209686
-66.0103302
-65.98859406
-65.96690369
-65.94524384
-65.92362213
-65.90203857
-65.88048553
-65.85897827
-65.83750153
-65.81606293
-65.79465485
-65.77329254
-65.75195312
-65.73065948
-65.70939636
-65.68817139
-65.66697693
-65.64582062
-65.62469482
-65.60360718
-65.58255005
-65.56153107
-65.5405426
-65.51959229
-65.49867249
-65.4777832
-65.45692444
-65.43610382
-65.41532135
-65.39456177
-65.37384033
-65.35314941
-65.33248901
-65.31185913
-65.2912674
-65.27070618
-65.25016785
-65.22966766
-65.209198
-65.18875885
-65.16835022
-65.14797211
-65.12762451
-65.1072998
-65.08701324
-65.0667572
-65.04652405
-65.02632141
-65.00615692
-64.98600769
-64.96589661
-64.94581604
-64.92575836
-64.9057312
-64.88572693
-64.86575317
-64.84580994
-64.82588959
-64.80599976
-64.78614044
-64.76630402
-64.74649048
-64.72670746
-64.70695496
-64.68721771
-64.66751862
-64.64783478
-64.62818146
-64.60855103
-64.58895111
-64.56937408
-64.54981995
-64.5302887
-64.51078033
-64.49130249
-64.4718399
-64.45240784
-64.43299866
-64.41361237
-64.39424896
-64.37490845
-64.35558319
-64.33628845
-64.3170166
-64.29776001
-64.27853394
-64.25932312
-64.24013519
-64.22097015
-64.20182037
-64.18270111
-64.16358948
-64.14450836
-64.1254425
-64.10639954
-64.08737183
-64.068367
-64.04937744
-64.03041077
-64.01145935
-63.99253082
-63.97361755
-63.95472336
-63.93584824
-63.91698837
-63.89814377
-63.87931824
-63.86051178
-63.84171677
-63.82294083
-63.80418015
-63.78543854
-63.76670837
-63.74799728
-63.72929764
-63.71061325
-63.69194412
-63.67329025
-63.65464783
-63.63602448
-63.61740875
-63.59880829
-63.58022308
-63.56164932
-63.54308701
-63.52453613
-63.50600052
-63.48747253
-63.46895981
-63.45045471
-63.43196106
-63.41348267
-63.39500809
-63.37654877
-63.35809708
-63.33965302
-63.3212204
-63.30279541
-63.28438187
-63.26597214
-63.24757385
-63.2291832
-63.21080017
-63.19242096
-63.17405319
-63.15568924
-63.13733292
-63.11898041
-63.10063553
-63.08229446
-63.06395721
-63.04562759
-63.02730179
-63.0089798
-62.99066162
-62.97234726
-62.9540329
-62.93572617
-62.91741562
-62.8991127
-62.88080978
-62.86250687
-62.84420776
-62.82590485
-62.80760574
-62.78930664
-62.77100754
-62.75270462
-62.73440552
-62.7161026
-62.69779587
-62.67948914
-62.66117859
-62.64286423
-62.62454987
-62.60622787
-62.58790207
-62.56957626
-62.55124283
-62.53290176
-62.51455688
-62.49620438
-62.47784805
-62.4594841
-62.44111252
-62.42273331
-62.40434265
-62.38594818
-62.36754227
-62.34912491
-62.33069992
-62.31226349
-62.29381943
-62.27536011
-62.25688934
-62.23840714
-62.21990967
-62.20140457
-62.1828804
-62.16434479
-62.14579391
-62.12722397
-62.10864258
-62.09004211
-62.07142639
-62.05279541
-62.03414536
-62.01547241
-61.99678421
-61.97807693
-61.95935059
-61.94060135
-61.92182922
-61.90303802
-61.88422394
-61.86538696
-61.84652328
-61.82763672
-61.80872726
-61.78979111
-61.77082825
-61.7518425
-61.73282623
-61.71377945
-61.69470596
-61.67560577
-61.65647125
-61.63730621
-61.61811066
-61.59888458
-61.57962418
-61.56032944
-61.54100037
-61.52163696
-61.50223541
-61.48279953
-61.4633255
-61.44380951
-61.42425919
-61.4046669
-61.38503265
-61.36535645
-61.34563828
-61.32587814
-61.30607224
-61.28622055
-61.26632309
-61.24637604
-61.22638321
-61.20634079
-61.18624878
-61.16610718
-61.14591217
-61.12565994
-61.10535812
-61.08499908
-61.06458664
-61.04411316
-61.02358246
-61.00299072
-60.98233795
-60.96162415
-60.94084549
-60.92000198
-60.89909363
-60.87812042
-60.85707474
-60.83596039
-60.81477737
-60.79351807
-60.77218628
-60.75078201
-60.72929764
-60.70773315
-60.68609238
-60.66436768
-60.64256287
-60.62067413
-60.59869385
-60.57662964
-60.55447769
-60.53223038
-60.50989151
-60.48745728
-60.46492767
-60.44229889
-60.41956711
-60.39673615
-60.37379837
-60.35075378
-60.32760239
-60.30433655
-60.28096008
-60.25746918
-60.23386002
-60.21012878
-60.1862793
-60.16230011
-60.13819504
-60.11396027
-60.08959579
-60.06509018
-60.04045105
-60.01566696
-59.99074173
-59.96567154
-59.94044876
-59.91507339
-59.88954163
-59.86384964
-59.83799362
-59.81197357
-59.78578186
-59.75941467
-59.73287201
-59.70615005
-59.67924118
-59.65214157
-59.62484741
-59.5973587
-59.56966782
-59.54176712
-59.51365662
-59.48532867
-59.45677948
-59.42800522
-59.39899826
-59.36975479
-59.34026718
-59.31053162
-59.28054428
-59.25029373
-59.21977615
-59.18898392
-59.15791321
-59.1265564
-59.09490204
-59.06295013
-59.03068542
-58.9981041
-58.96519852
-58.93196106
-58.89837646
-58.86444092
-58.83014679
-58.79547882
-58.7604332
-58.72499466
-58.68915176
-58.65289688
-58.61621475
-58.57909775
-58.54152679
-58.50349426
-58.46498489
-58.42598724
-58.38647842
-58.34645081
-58.30588531
-58.26476669
-58.22307587
-58.18079758
-58.13790512
-58.09438705
-58.05022049
-58.00538254
-57.9598465
-57.91359711
-57.86660385
-57.81884384
-57.77028656
-57.7209053
-57.67066574
-57.61954498
-57.56750107
-57.51449966
-57.46051025
-57.40548706
-57.34939194
-57.29218292
-57.23381042
-57.17422867
-57.11338425
-57.05121994
-56.98768616
-56.92271423
-56.85624313
-56.78820038
-56.71851349
-56.64710617
-56.57388687
-56.49877167
-56.42166138
-56.34245682
-56.26103973
-56.1772995
-56.0911026
-56.00231171
-55.91077805
-55.81633759
-55.71882248
-55.61803818
-55.51377869
-55.40581894
-55.29391861
-55.17780685
-55.05718613
-54.93173981
-54.80111313
-54.66490936
-54.52269363
-54.37398911
-54.2182579
-54.05489349
-53.88323212
-53.70251465
-53.5118866
-53.31038284
-53.09689713
-52.87017822
-52.62877274
-52.37101746
-52.09496689
-51.79836655
-51.47855377
-51.13238525
-50.75611496
-50.34524155
-49.89432526
-49.39670944
-48.84418869
-48.2265358
-47.53084183
-46.74065018
-45.83466339
-44.78498077
-43.55450821
-42.09326935
-40.33307648
-38.18011093
-35.50531769
-32.13439178
-27.84507179
-22.38942337
-15.55969906
-7.299893856
2.146067858
12.13337803
21.71373367
29.95915985
36.31468964
40.72176361
43.47494125
44.99001312
45.6426239
45.70885086
45.36853027
44.73028183
