348
0
347
44.3880043
38.0758667
28.05535507
15.75538731
2.793322086
-9.577868462
-20.84485817
-31.06827927
-41.44015121
-54.74966812
-70.51050568
-82.76849365
-89.57064819
-92.96817017
-94.68465424
-95.56993866
-96.01394653
-96.20386505
-96.23609924
-96.16402435
-96.01930237
-95.82196045
-95.58546448
-95.31932831
-95.03057098
-94.72454834
-94.40543365
-94.07656097
-93.74060059
-93.39971924
-93.0556488
-92.70983887
-92.36342621
-92.01735687
-91.67238617
-91.32911682
-90.98803711
-90.6495285
-90.31389618
-89.98137665
-89.65214539
-89.32634735
-89.0040741
-88.68540192
-88.37037659
-88.059021
-87.75134277
-87.44734955
-87.14701843
-86.8503418
-86.55728912
-86.26782227
-85.98191833
-85.69953156
-85.42062378
-85.14514923
-84.87306976
-84.60434723
-84.33892059
-84.07676697
-83.81781769
-83.56204987
-83.30940247
-83.05984497
-82.81332397
-82.56980133
-82.32923889
-82.09158325
-81.85679626
-81.62484741
-81.39568329
-81.16927338
-80.9455719
-80.72454834
-80.50616455
-80.29037476
-80.07714081
-79.86643982
-79.65823364
-79.45248413
-79.24915314
-79.04821014
-78.84962463
-78.65336609
-78.45939636
-78.26769257
-78.07821655
-77.89093781
-77.70582581
-77.52285767
-77.34199524
-77.16322327
-76.98649597
-76.81180573
-76.63911438
-76.46839142
-76.29961395
-76.13276672
-75.96780396
-75.80471802
-75.64347839
-75.48406219
-75.3264389
-75.17059326
-75.01649475
-74.86412811
-74.71346283
-74.56448364
-74.41716766
-74.271492
-74.12742615
-73.98496246
-73.84407806
-73.70475006
-73.56695557
-73.43067932
-73.29589844
-73.16259766
-73.03076172
-72.90035248
-72.77137756
-72.64379883
-72.51760864
-72.39278412
 -72.26931
-72.14717102
-72.02635193
-71.9068222
-71.78858185
-71.67160797
-71.55588531
-71.44139862
-71.328125
-71.21605682
-71.10517883
-70.99546814
-70.88691711
-70.7795105
-70.67323303
-70.56806946
-70.46400452
-70.36102295
-70.2591095
-70.15826416
-70.05845642
-69.95967865
-69.86191559
-69.76515961
-69.66939545
-69.57460785
-69.48078918
-69.38792419
-69.29598999
-69.2049942
-69.11490631
-69.02572632
-68.93743896
-68.85002899
-68.76348877
-68.67781067
-68.5929718
-68.50896454
-68.42578125
-68.34341431
-68.26184082
-68.18106079
-68.10105896
-68.02182007
-67.94334412
-67.86561584
 -67.78862
-67.71234894
-67.63679504
-67.56195068
-67.48779297
-67.41432953
-67.34153748
-67.26940918
-67.19794464
-67.12712097
-67.05693054
-66.98737335
-66.91842651
-66.85009766
-66.78236389
-66.71521759
-66.64865875
-66.58266449
-66.5172348
-66.45236206
-66.38803101
-66.32424164
-66.26097107
-66.19822693
-66.13598633
-66.0742569
-66.01301575
-65.95225525
-65.8919754
-65.83216858
-65.77281189
-65.71391296
-65.65545654
-65.597435
-65.53984833
-65.48267365
-65.42591095
-65.36955261
-65.31358337
-65.25801086
-65.20281219
-65.147995
-65.09353638
-65.03942871
-64.98567963
-64.93226624
-64.87918854
-64.8264389
-64.77400208
-64.72187805
-64.6700592
-64.6185379
-64.56730652
-64.51634979
-64.46566772
-64.41525269
-64.36509705
-64.31519318
-64.26552582
-64.2161026
-64.16690063
-64.11792755
-64.06916046
-64.02059937
-63.97224045
-63.92406845
-63.87607956
-63.82826614
-63.78062057
-63.73313141
-63.68579483
-63.63860321
-63.5915451
-63.5446167
-63.49780655
-63.45110703
-63.4045105
-63.35800552
-63.3115921
-63.26525116
-63.21897888
-63.17276764
-63.12660599
-63.0804863
-63.03440094
-62.98833466
-62.94228363
-62.8962326
-62.85017776
-62.80410385
-62.75800323
-62.71186066
-62.6656723
-62.6194191
-62.57309341
-62.52668762
-62.48017883
-62.43356323
-62.38682556
-62.33995056
-62.29292679
-62.24573898
-62.19836807
-62.15080643
-62.10303116
-62.05502701
-62.00677872
-61.95826721
-61.90947723
-61.86038208
-61.81096649
-61.76120758
-61.71108627
-61.66057205
-61.60964203
-61.55827713
-61.50644302
-61.45411301
-61.40125656
-61.34783936
-61.29383469
-61.23920059
-61.18389893
-61.12789154
-61.07113266
-61.01358032
-60.95518112
-60.89588547
-60.83563614
-60.77437592
-60.71203232
-60.64854431
-60.58382797
-60.51781082
-60.45039749
-60.38149643
-60.31099701
-60.23879623
-60.16475677
-60.08875275
-60.01062775
-59.93021774
-59.84733963
-59.76178741
-59.67333984
-59.58173752
-59.48669815
-59.38790512
-59.2849884
-59.17753983
-59.06508636
-58.94708633
-58.82291412
-58.69184113
-58.55300522
-58.40540695
-58.24783707
-58.07885742
-57.89670563
-57.69923019
-57.48374939
-57.24687195
-56.98425674
-56.69021606
-56.3571434
-55.97460175
-55.52783203
-54.99515152
-54.3432579
-53.51795578
-52.42431259
-50.87865067
-48.47275162
-44.09479904
-33.69188309
-2.153795481
38.78875351
45.19150162
