0 -0.0058900029 6.9162312 -1.0226078 -1.825297 -11.274325 0 
0.0099999998 -0.0069304076 7.0319047 -0.905913 -1.8179927 -11.304157 0 
0.02 -0.0082632387 7.1589417 -0.7715984 -1.7928966 -11.352398 0 
0.029999999 -0.0097121848 7.2903223 -0.63339967 -1.7564813 -11.427944 0 
0.039999999 -0.011044223 7.4156418 -0.5110482 -1.7200359 -11.538196 0 
0.050000001 -0.012076375 7.5232668 -0.42004639 -1.6939677 -11.685512 0 
0.059999999 -0.012741492 7.602726 -0.36506703 -1.6829923 -11.866164 0 
0.07 -0.013071229 7.6460648 -0.34140962 -1.6857563 -12.072438 0 
0.079999998 -0.013137359 7.6480141 -0.34035432 -1.697526 -12.295709 0 
0.090000004 -0.013007405 7.605628 -0.35333228 -1.712905 -12.528411 0 
0.1 -0.012729331 7.5179386 -0.37358025 -1.727259 -12.76462 0 
0.11 -0.012333667 7.3857861 -0.39623392 -1.737097 -12.999872 0 
0.12 -0.011840506 7.2117319 -0.41791216 -1.7399956 -13.230783 0 
0.13 -0.011265476 6.9999547 -0.43630025 -1.7344201 -13.454719 0 
0.14 -0.0106233 6.7560477 -0.44986218 -1.719569 -13.669603 0 
0.15000001 -0.0099293021 6.4867082 -0.45766565 -1.6952602 -13.873801 0 
0.16 -0.0091995662 6.1993437 -0.45927227 -1.6618401 -14.066065 0 
0.17 -0.0084503954 5.9016342 -0.45465598 -1.6200995 -14.245511 0 
0.18000001 -0.0076974868 5.6011014 -0.44412938 -1.5711846 -14.411602 0 
0.19 -0.0069551263 5.3047371 -0.42826995 -1.5165035 -14.564131 0 
0.2 -0.0062355581 5.0187087 -0.40784627 -1.4576303 -14.703182 0 
0.20999999 -0.0055485889 4.7481675 -0.38374874 -1.3962151 -14.829099 0 
0.22 -0.0049014501 4.497159 -0.3569293 -1.3339027 -14.942435 0 
0.23 -0.0042988681 4.2686238 -0.32835335 -1.2722681 -15.043903 0 
0.23999999 -0.0037433009 4.064466 -0.29896513 -1.2127701 -15.134333 0 
0.25 -0.0032352754 3.8856757 -0.26966745 -1.1567218 -15.214616 0 
0.25999999 -0.0027737734 3.7324774 -0.24131207 -1.105279 -15.285676 0 
0.27000001 -0.0023566275 3.6044872 -0.21469913 -1.0594407 -15.348428 0 
0.28 -0.0019808973 3.5008614 -0.1905812 -1.0200609 -15.403754 0 
0.28999999 -0.001643215 3.420435 -0.16966872 -0.98786348 -15.452494 0 
0.30000001 -0.0013400998 3.3618257 -0.15263323 -0.96345997 -15.495422 0 
0.31 -0.0010682502 3.3235173 -0.14010495 -0.94736016 -15.533248 0 
0.31999999 -0.00082482275 3.3039072 -0.13266176 -0.93997425 -15.566608 0 
0.33000001 -0.00060771359 3.3013203 -0.1308073 -0.94159669 -15.596076 0 
0.34 -0.00041585093 3.3139923 -0.13493621 -0.95236677 -15.622156 0 
0.34999999 -0.00024951118 3.3400168 -0.14528543 -0.97219539 -15.645296 0 
0.36000001 -0.00011067713 3.3772626 -0.16187117 -1.0006508 -15.66588 0 
0.37 -3.4344505e-06 3.4232576 -0.18441164 -1.0367917 -15.684254 0 
0.38 6.5663327e-05 3.4750466 -0.212238 -1.0789469 -15.70071 0 
0.38999999 8.7545784e-05 3.5290458 -0.24420199 -1.1244564 -15.71551 0 
0.40000001 5.154774e-05 3.5809462 -0.27860618 -1.1694436 -15.728882 0 
0.41 -5.1769071e-05 3.6257877 -0.31320921 -1.2087718 -15.741022 0 
0.41999999 -0.00022551471 3.6583443 -0.34537986 -1.236412 -15.752107 0 
0.43000001 -0.00046073881 3.6739063 -0.37244886 -1.2463905 -15.762289 0 
0.44 -0.00073411572 3.6692908 -0.39220768 -1.2341833 -15.771704 0 
0.44999999 -0.0010125428 3.6436632 -0.40337521 -1.1980186 -15.780461 0 
0.46000001 -0.0012632803 3.598721 -0.4058173 -1.1394093 -15.788652 0 
0.47 -0.0014636373 3.5381298 -0.40042713 -1.0626441 -15.796356 0 
0.47999999 -0.0016050898 3.466512 -0.38875821 -0.97354996 -15.803635 0 
0.49000001 -0.0016915423 3.3884485 -0.37259722 -0.87815064 -15.810545 0 
0.5 -0.001734772 3.3077939 -0.35362527 -0.78168368 -15.81714 0 
0.50999999 -0.0017500406 3.2273612 -0.33322147 -0.68811578 -15.823473 0 
0.51999998 -0.0017532683 3.1488931 -0.31239179 -0.60006422 -15.829608 0 
0.52999997 -0.0017598904 3.0731852 -0.29177997 -0.51895756 -15.835609 0 
0.54000002 -0.0017849366 3.0002618 -0.27171773 -0.44529682 -15.841564 0 
0.55000001 -0.0018435949 2.9295559 -0.25228921 -0.37893701 -15.847572 0 
0.56 -0.0019513345 2.8600824 -0.23340133 -0.31936097 -15.853758 0 
0.56999999 -0.0021228178 2.7906365 -0.21486373 -0.26594093 -15.860265 0 
0.57999998 -0.0023697785 2.7200322 -0.19647931 -0.21816073 -15.867263 0 
0.58999997 -0.0026992026 2.6473477 -0.17812994 -0.17573994 -15.874936 0 
0.60000002 -0.0031130861 2.5721018 -0.15983106 -0.13861725 -15.883482 0 
0.61000001 -0.0036096277 2.4943037 -0.14173847 -0.10681885 -15.893091 0 
0.62 -0.0041847429 2.4143867 -0.12411289 -0.080297746 -15.903942 0 
0.63 -0.0048331404 2.3330705 -0.10726248 -0.058824934 -15.916185 0 
0.63999999 -0.0055489386 2.2512145 -0.091484897 -0.041964859 -15.929934 0 
0.64999998 -0.0063260342 2.1696887 -0.077022731 -0.029120188 -15.945257 0 
0.66000003 -0.0071583544 2.0892832 -0.064038672 -0.019611139 -15.962187 0 
0.67000002 -0.0080400165 2.0106554 -0.052608851 -0.012755823 -15.98071 0 
0.68000001 -0.0089653926 1.9343088 -0.04273019 -0.0079311775 -16.000784 0 
0.69 -0.0099291103 1.8605967 -0.034335658 -0.004607677 -16.022345 0 
0.69999999 -0.01092601 1.7897383 -0.027312595 -0.0023606485 -16.045303 0 
0.70999998 -0.011951082 1.7218428 -0.021520438 -0.0008652453 -16.069565 0 
0.72000003 -0.012999421 1.6569326 -0.016805856 0.00011748867 -16.095034 0 
0.73000002 -0.014066185 1.5949669 -0.013014548 0.00075767218 -16.121609 0 
0.74000001 -0.015146579 1.5358603 -0.0099995434 0.0011731212 -16.149197 0 
0.75 -0.016235862 1.4794974 -0.0076264823 0.0014435361 -16.177704 0 
0.75999999 -0.017329361 1.4257455 -0.0057764286 0.0016217576 -16.207045 0 
0.76999998 -0.018422494 1.3744624 -0.0043468215 0.001742213 -16.237146 0 
0.77999997 -0.019510804 1.3255028 -0.0032511493 0.0018269941 -16.267933 0 
0.79000002 -0.020589987 1.2787229 -0.0024178012 0.0018900881 -16.299343 0 
0.80000001 -0.021655932 1.2339834 -0.0017884616 0.0019402456 -16.331318 0 
0.81 -0.022704748 1.1911509 -0.0013163246 0.0019828833 -16.363804 0 
0.81999999 -0.023732793 1.1500999 -0.00096430106 0.0020213204 -16.396755 0 
0.82999998 -0.024736688 1.1107122 -0.00070333882 0.0020575726 -16.430128 0 
0.83999997 -0.025713343 1.0728785 -0.00051091629 0.0020928534 -16.463884 0 
0.85000002 -0.026659967 1.0364974 -0.00036973908 0.0021278867 -16.497992 0 
0.86000001 -0.027574068 1.0014755 -0.0002666403 0.0021631005 -16.532417 0 
0.87 -0.028453456 0.96772695 -0.00019167436 0.0021987448 -16.567131 0 
0.88 -0.029296251 0.93517363 -0.00013738307 0.0022349651 -16.602112 0 
0.88999999 -0.030100865 0.90374392 -9.8210483e-05 0.0022718434 -16.637337 0 
0.89999998 -0.030865993 0.87337244 -7.0043185e-05 0.0023094264 -16.672781 0 
0.91000003 -0.031590614 0.8440001 -4.9853013e-05 0.0023477389 -16.708429 0 
0.92000002 -0.032273959 0.81557274 -3.5422279e-05 0.0023867947 -16.744261 0 
0.93000001 -0.032915503 0.78804159 -2.5134701e-05 0.0024265996 -16.780262 0 
0.94 -0.033514958 0.7613622 -1.7817629e-05 0.0024671576 -16.816422 0 
0.94999999 -0.034072235 0.73549414 -1.2623839e-05 0.0025084694 -16.85272 0 
0.95999998 -0.034587443 0.71040094 -8.9434834e-06 0.0025505358 -16.889151 0 
0.97000003 -0.035060864 0.68604928 -6.3391421e-06 0.0025933567 -16.925697 0 
0.98000002 -0.035492934 0.66240895 -4.498168e-06 0.0026369325 -16.962355 0 
0.99000001 -0.035884228 0.6394524 -3.197667e-06 0.0026812642 -16.999109 0 
1 -0.036235452 0.6171546 -2.2792005e-06 0.0027263518 -17.035952 0 
1.01 -0.036547396 0.59549236 -1.6304551e-06 0.0027721969 -17.072878 0 
1.02 -0.036820959 0.57444483 -1.1718754e-06 0.0028188005 -17.109879 0 
1.03 -0.037057113 0.55399251 -8.4730885e-07 0.0028661643 -17.146944 0 
1.04 -0.037256889 0.53411746 -6.1719317e-07 0.0029142909 -17.184069 0 
1.05 -0.037421368 0.51480323 -4.5363387e-07 0.0029631814 -17.221249 0 
1.0599999 -0.037551671 0.49603426 -3.3702091e-07 0.0030128385 -17.258474 0 
1.0700001 -0.037648953 0.47779614 -2.5355791e-07 0.003063265 -17.295742 0 
1.08 -0.037714384 0.46007541 -1.9356141e-07 0.0031144633 -17.333046 0 
1.09 -0.037749145 0.4428592 -1.5021851e-07 0.0031664365 -17.370382 0 
1.1 -0.037754424 0.42613542 -1.1872817e-07 0.0032191873 -17.407745 0 
1.11 -0.037731402 0.40989247 -9.5715016e-08 0.003272719 -17.445129 0 
1.12 -0.037681255 0.39411938 -7.8788972e-08 0.0033270349 -17.482534 0 
1.13 -0.037605152 0.37880549 -6.6255097e-08 0.003382138 -17.519951 0 
1.14 -0.037504226 0.36394051 -5.6919678e-08 0.003438032 -17.557379 0 
1.15 -0.037379615 0.34951457 -4.994283e-08 0.0034947202 -17.594812 0 
1.16 -0.037232403 0.33551806 -4.4694414e-08 0.0035522066 -17.632252 0 
1.17 -0.037063669 0.32194144 -4.0743643e-08 0.0036104941 -17.669689 0 
1.1799999 -0.036874458 0.30877557 -3.777296e-08 0.003669587 -17.707125 0 
1.1900001 -0.036665779 0.29601145 -3.5546254e-08 0.0037294887 -17.744555 0 
1.2 -0.03643861 0.28364018 -3.3889492e-08 0.0037902028 -17.781975 0 
1.21 -0.0361939 0.27165306 -3.2684333e-08 0.0038517336 -17.819386 0 
1.22 -0.035932563 0.26004145 -3.1826186e-08 0.0039140848 -17.856781 0 
1.23 -0.03565548 0.24879685 -3.1243388e-08 0.0039772596 -17.894159 0 
1.24 -0.035363492 0.23791093 -3.0904328e-08 0.0040412629 -17.93152 0 
1.25 -0.035057411 0.22737539 -3.0737255e-08 0.0041060979 -17.968859 0 
1.26 -0.034738019 0.217182 -3.0709149e-08 0.0041717691 -18.006176 0 
1.27 -0.034406055 0.20732267 -3.079872e-08 0.00423828 -18.043467 0 
1.28 -0.03406224 0.19778939 -3.098117e-08 0.0043056346 -18.08073 0 
1.29 -0.033707242 0.18857424 -3.1261035e-08 0.0043738377 -18.117964 0 
1.3 -0.033341721 0.17966937 -3.1611584e-08 0.004442892 -18.155169 0 
1.3099999 -0.032966286 0.17106698 -3.2017578e-08 0.0045128022 -18.192341 0 
1.3200001 -0.032581531 0.16275947 -3.2494306e-08 0.0045835725 -18.229477 0 
1.33 -0.032188017 0.15473919 -3.3012427e-08 0.0046552066 -18.266579 0 
1.34 -0.03178627 0.14699869 -3.355354e-08 0.0047277086 -18.303642 0 
1.35 -0.031376801 0.13953055 -3.412773e-08 0.0048010824 -18.340668 0 
1.36 -0.03096009 0.13232753 -3.4716813e-08 0.0048753326 -18.377653 0 
1.37 -0.030536588 0.12538236 -3.5314613e-08 0.0049504628 -18.414597 0 
1.38 -0.030106731 0.118688 -3.5929691e-08 0.0050264774 -18.451498 0 
1.39 -0.029670924 0.11223743 -3.6557445e-08 0.00510338 -18.488356 0 
1.4 -0.029229553 0.1060238 -3.7207521e-08 0.0051811747 -18.525166 0 
1.41 -0.028782986 0.10004032 -3.7863369e-08 0.0052598654 -18.561932 0 
1.42 -0.028331568 0.094280325 -3.8505892e-08 0.0053394572 -18.59865 0 
1.4299999 -0.027875626 0.088737287 -3.915482e-08 0.0054199533 -18.635321 0 
1.4400001 -0.027415467 0.083404787 -3.9806697e-08 0.0055013578 -18.67194 0 
1.45 -0.026951388 0.078276508 -4.045739e-08 0.0055836746 -18.708509 0 
1.46 -0.026483655 0.073346257 -4.1116255e-08 0.0056669079 -18.745029 0 
1.47 -0.026012532 0.068607986 -4.1768686e-08 0.0057510622 -18.781496 0 
1.48 -0.025538266 0.064055748 -4.2410953e-08 0.0058361413 -18.817909 0 
1.49 -0.02506108 0.059683714 -4.3039549e-08 0.0059221485 -18.854269 0 
1.5 -0.024581198 0.055486195 -4.3650715e-08 0.0060090898 -18.890575 0 
1.51 -0.024098819 0.051457617 -4.424092e-08 0.006096967 -18.926826 0 
1.52 -0.023614135 0.047592536 -4.4817956e-08 0.0061857854 -18.96302 0 
1.53 -0.023127329 0.043885626 -4.5380411e-08 0.0062755486 -18.999159 0 
1.54 -0.022638571 0.040331688 -4.5915517e-08 0.0063662613 -19.03524 0 
1.55 -0.022148019 0.036925651 -4.6420688e-08 0.0064579262 -19.071262 0 
1.5599999 -0.021655824 0.033662565 -4.6893302e-08 0.0065505491 -19.107227 0 
1.5700001 -0.021162122 0.030537598 -4.7331216e-08 0.0066441325 -19.143133 0 
1.58 -0.020667052 0.02754605 -4.7732357e-08 0.0067386809 -19.17898 0 
1.59 -0.020170733 0.024683332 -4.8095231e-08 0.0068341987 -19.214766 0 
1.6 -0.019673284 0.021944983 -4.8418563e-08 0.0069306898 -19.250492 0 
1.61 -0.01917481 0.019326657 -4.8701818e-08 0.0070281578 -19.286158 0 
1.62 -0.018675417 0.016824123 -4.8935714e-08 0.0071266065 -19.32176 0 
1.63 -0.018175198 0.014433265 -4.9101718e-08 0.0072260415 -19.357304 0 
1.64 -0.017674241 0.01215009 -4.9205443e-08 0.0073264651 -19.392784 0 
1.65 -0.017172631 0.0099707106 -4.9254673e-08 0.0074278815 -19.428202 0 
1.66 -0.016670447 0.0078913495 -4.923336e-08 0.0075302953 -19.463556 0 
1.67 -0.01616776 0.0059083402 -4.9132606e-08 0.0076337103 -19.498846 0 
1.6799999 -0.015664639 0.0040181242 -4.8950874e-08 0.0077381302 -19.534075 0 
1.6900001 -0.015161146 0.0022172497 -4.8687372e-08 0.0078435587 -19.569241 0 
1.7 -0.014657341 0.00050236494 -4.8334492e-08 0.0079500005 -19.60434 0 
1.71 -0.014153278 -0.0011297788 -4.7877709e-08 0.0080574602 -19.639376 0 
1.72 -0.013649011 -0.002682331 -4.7314934e-08 0.0081659397 -19.674347 0 
1.73 -0.013144585 -0.0041583451 -4.6645177e-08 0.0082754437 -19.709253 0 
1.74 -0.012640044 -0.0055607767 -4.5854961e-08 0.0083859768 -19.744095 0 
1.75 -0.012135429 -0.0068924897 -4.4936545e-08 0.0084975427 -19.77887 0 
1.76 -0.01163078 -0.0081562577 -4.3882185e-08 0.0086101452 -19.81358 0 
1.77 -0.01112613 -0.0093547655 -4.2684118e-08 0.008723788 -19.848223 0 
1.78 -0.010621513 -0.010490608 -4.1334573e-08 0.0088384748 -19.882803 0 
1.79 -0.010116958 -0.011566301 -3.9825789e-08 0.0089542111 -19.917315 0 
1.8 -0.0096124923 -0.01258427 -3.8145295e-08 0.009070999 -19.951759 0 
1.8099999 -0.0091081429 -0.013546867 -3.6284639e-08 0.009188842 -19.986139 0 
1.8200001 -0.0086039323 -0.014456364 -3.4235747e-08 0.0093077458 -20.020452 0 
1.83 -0.0080998829 -0.015314952 -3.1982086e-08 0.0094277132 -20.054699 0 
1.84 -0.0075960122 -0.016124753 -2.9514313e-08 0.0095487479 -20.088879 0 
1.85 -0.0070923404 -0.016887812 -2.6826752e-08 0.0096708545 -20.12299 0 
1.86 -0.0065888828 -0.017606108 -2.3903556e-08 0.0097940359 -20.157036 0 
1.87 -0.0060856533 -0.018281547 -2.0728294e-08 0.0099182976 -20.191013 0 
1.88 -0.005582667 -0.018915974 -1.7290301e-08 0.010043642 -20.224924 0 
1.89 -0.0050799339 -0.019511163 -1.357592e-08 0.010170071 -20.258768 0 
1.9 -0.0045774668 -0.020068832 -9.5708899e-09 0.010297593 -20.292543 0 
1.91 -0.0040752743 -0.020590631 -5.2587383e-09 0.010426207 -20.326252 0 
1.92 -0.0035733648 -0.021078156 -6.2235062e-10 0.010555921 -20.359894 0 
1.9299999 -0.0030717461 -0.021532942 4.3506811e-09 0.010686737 -20.393465 0 
1.9400001 -0.0025704249 -0.021956472 9.6790727e-09 0.010818657 -20.426971 0 
1.95 -0.0020694062 -0.022350173 1.5381591e-08 0.010951688 -20.460409 0 
1.96 -0.0015686949 -0.022715418 2.1474563e-08 0.011085831 -20.493778 0 
1.97 -0.0010682951 -0.023053532 2.7978924e-08 0.011221091 -20.527081 0 
1.98 -0.0005682098 -0.023365792 3.4914553e-08 0.011357472 -20.560314 0 
1.99 -6.8441717e-05 -0.023653422 4.2301519e-08 0.011494977 -20.593481 0 
2 0.00043100736 -0.023917604 5.0161283e-08 0.01163361 -20.626579 0 
2.01 0.00093013619 -0.024159478 5.8516289e-08 0.011773376 -20.659609 0 
2.02 0.0014289442 -0.024380136 6.7390339e-08 0.011914277 -20.69257 0 
2.03 0.0019274312 -0.02458063 7.6806856e-08 0.012056315 -20.725464 0 
2.04 0.0024255975 -0.024761971 8.6792035e-08 0.012199498 -20.758291 0 
2.05 0.0029234437 -0.024925131 9.7371547e-08 0.012343825 -20.791048 0 
2.0599999 0.0034209716 -0.025071047 1.0857162e-07 0.012489304 -20.82374 0 
2.0699999 0.0039181826 -0.02520062 1.2041986e-07 0.012635936 -20.856361 0 
2.0799999 0.0044150786 -0.025314707 1.3294593e-07 0.012783725 -20.888914 0 
2.0899999 0.0049116621 -0.025414145 1.4618294e-07 0.012932675 -20.921398 0 
2.0999999 0.0054079364 -0.025499724 1.6015967e-07 0.01308279 -20.953817 0 
2.1099999 0.0059039039 -0.025572212 1.7490524e-07 0.013234072 -20.986168 0 
2.1199999 0.0063995677 -0.025632346 1.9045801e-07 0.013386527 -21.01845 0 
2.1300001 0.0068949312 -0.025680827 2.0685323e-07 0.013540157 -21.050663 0 
2.1400001 0.007389999 -0.025718331 2.241254e-07 0.013694965 -21.082809 0 
2.1500001 0.0078847753 -0.025745509 2.4230951e-07 0.013850956 -21.114887 0 
2.1600001 0.0083792638 -0.025762986 2.6144644e-07 0.014008132 -21.146898 0 
2.1700001 0.0088734692 -0.025771355 2.8157913e-07 0.014166499 -21.178839 0 
2.1800001 0.0093673961 -0.025771188 3.0274569e-07 0.014326056 -21.210714 0 
2.1900001 0.0098610483 -0.025763035 3.2498954e-07 0.014486811 -21.242519 0 
2.2 0.010354433 -0.025747422 3.4835185e-07 0.014648766 -21.274258 0 
2.21 0.010847552 -0.025724851 3.7288072e-07 0.014811925 -21.305929 0 
2.22 0.011340414 -0.025695805 3.9862741e-07 0.01497629 -21.33753 0 
2.23 0.011833021 -0.025660746 4.2563593e-07 0.015141864 -21.369066 0 
2.24 0.012325384 -0.025620116 4.5395777e-07 0.015308654 -21.400536 0 
2.25 0.012817501 -0.025574338 4.8365348e-07 0.015476661 -21.431934 0 
2.26 0.013309384 -0.025523817 5.1478298e-07 0.015645888 -21.463266 0 
2.27 0.013801035 -0.02546894 5.4739115e-07 0.015816338 -21.49453 0 
2.28 0.014292462 -0.025410078 5.8153694e-07 0.015988017 -21.525728 0 
2.29 0.014783668 -0.025347587 6.1728207e-07 0.016160926 -21.556858 0 
2.3 0.015274662 -0.025281802 6.5468646e-07 0.016335068 -21.587921 0 
2.3099999 0.015765449 -0.025213044 6.9381986e-07 0.016510449 -21.618916 0 
2.3199999 0.016256034 -0.025141628 7.3474257e-07 0.016687071 -21.649843 0 
2.3299999 0.016746426 -0.025067845 7.7752543e-07 0.016864937 -21.680704 0 
2.3399999 0.017236628 -0.024991982 8.2223602e-07 0.017044049 -21.711496 0 
2.3499999 0.017726647 -0.0249143 8.689459e-07 0.017224414 -21.74222 0 
2.3599999 0.018216489 -0.024835059 9.1774842e-07 0.017406033 -21.772881 0 
2.3699999 0.018706162 -0.024754502 9.6871952e-07 0.017588908 -21.803473 0 
2.3800001 0.01919567 -0.024672866 1.0219215e-06 0.017773045 -21.833996 0 
2.3900001 0.019685021 -0.024590367 1.0774457e-06 0.017958445 -21.864454 0 
2.4000001 0.020174218 -0.024507223 1.1353812e-06 0.018145116 -21.894844 0 
2.4100001 0.020663273 -0.024423633 1.1958143e-06 0.018333053 -21.925167 0 
2.4200001 0.021152189 -0.024339786 1.2588361e-06 0.018522268 -21.955423 0 
2.4300001 0.021640969 -0.024255866 1.3245444e-06 0.018712757 -21.985615 0 
2.4400001 0.022129625 -0.024172049 1.3930338e-06 0.018904528 -22.015738 0 
2.45 0.022618162 -0.024088498 1.4644049e-06 0.019097582 -22.045794 0 
2.46 0.023106584 -0.024005368 1.5387651e-06 0.019291922 -22.075785 0 
2.47 0.023594899 -0.023922812 1.6162188e-06 0.019487552 -22.105707 0 
2.48 0.024083113 -0.023840969 1.6968779e-06 0.019684477 -22.135565 0 
2.49 0.024571231 -0.023759974 1.7808496e-06 0.019882698 -22.165356 0 
2.5 0.025059262 -0.023679953 1.8682609e-06 0.020082217 -22.195078 0 
2.51 0.025547212 -0.023601027 1.9592239e-06 0.020283038 -22.224737 0 
2.52 0.026035085 -0.023523308 2.0538587e-06 0.020485166 -22.254328 0 
2.53 0.026522888 -0.02344691 2.1523047e-06 0.020688606 -22.283852 0 
2.54 0.027010629 -0.023371933 2.2546878e-06 0.020893354 -22.313311 0 
2.55 0.027498309 -0.02329847 2.3611431e-06 0.021099418 -22.342703 0 
2.5599999 0.027985942 -0.023226617 2.4718004e-06 0.021306802 -22.372028 0 
2.5699999 0.028473528 -0.023156455 2.5868121e-06 0.021515505 -22.401289 0 
2.5799999 0.028961075 -0.023088071 2.7063293e-06 0.021725534 -22.430485 0 
2.5899999 0.029448593 -0.02302154 2.830486e-06 0.02193689 -22.459612 0 
2.5999999 0.029936083 -0.022956934 2.9594664e-06 0.022149576 -22.488676 0 
2.6099999 0.030423552 -0.022894319 3.0934289e-06 0.022363598 -22.517672 0 
2.6199999 0.030911006 -0.022833761 3.2325288e-06 0.022578955 -22.546604 0 
2.6300001 0.031398457 -0.022775322 3.3769456e-06 0.022795651 -22.575466 0 
2.6400001 0.0318859 -0.022719055 3.5268429e-06 0.02301369 -22.604267 0 
2.6500001 0.03237335 -0.022665014 3.6824113e-06 0.023233077 -22.633003 0 
2.6600001 0.032860812 -0.02261325 3.8438397e-06 0.023453809 -22.661671 0 
2.6700001 0.033348285 -0.022563804 4.0113168e-06 0.023675896 -22.690273 0 
2.6800001 0.033835787 -0.022516726 4.185028e-06 0.023899335 -22.718811 0 
2.6900001 0.034323312 -0.022472054 4.3651721e-06 0.024124134 -22.747284 0 
2.7 0.034810871 -0.022429822 4.5519782e-06 0.024350295 -22.775688 0 
2.71 0.035298474 -0.022390069 4.7456624e-06 0.024577817 -22.804031 0 
2.72 0.035786118 -0.02235283 4.9464229e-06 0.024806706 -22.832308 0 
2.73 0.036273818 -0.022318125 5.1545057e-06 0.025036965 -22.860518 0 
2.74 0.036761574 -0.02228599 5.370141e-06 0.025268598 -22.888666 0 
2.75 0.037249394 -0.022256445 5.5935602e-06 0.025501605 -22.916746 0 
2.76 0.037737284 -0.022229521 5.8249934e-06 0.025735989 -22.944761 0 
2.77 0.038225245 -0.022205232 6.0646844e-06 0.025971755 -22.972713 0 
2.78 0.038713291 -0.022183599 6.3129346e-06 0.026208907 -23.000599 0 
2.79 0.039201424 -0.022164645 6.5699955e-06 0.026447445 -23.028419 0 
2.8 0.039689645 -0.022148378 6.8361405e-06 0.026687374 -23.056177 0 
2.8099999 0.040177967 -0.022134818 7.1116615e-06 0.026928693 -23.083866 0 
2.8199999 0.040666394 -0.022123981 7.3968349e-06 0.027171411 -23.111494 0 
2.8299999 0.041154929 -0.022115871 7.6919378e-06 0.027415523 -23.139057 0 
2.8399999 0.041643575 -0.022110501 7.9972879e-06 0.02766104 -23.166555 0 
2.8499999 0.042132344 -0.022107884 8.3131854e-06 0.02790796 -23.193989 0 
2.8599999 0.042621236 -0.022108022 8.6399568e-06 0.028156288 -23.221357 0 
2.8699999 0.043110266 -0.022110926 8.9779514e-06 0.028406024 -23.248661 0 
2.8800001 0.04359943 -0.022116601 9.3274875e-06 0.028657176 -23.2759 0 
2.8900001 0.044088736 -0.02212505 9.6889062e-06 0.028909741 -23.303076 0 
2.9000001 0.044578191 -0.02213628 1.006255e-05 0.029163724 -23.330187 0 
2.9100001 0.045067798 -0.022150291 1.0448793e-05 0.02941913 -23.357233 0 
2.9200001 0.04555757 -0.022167087 1.0848032e-05 0.029675957 -23.384216 0 
2.9300001 0.046047498 -0.022186665 1.1260639e-05 0.029934214 -23.411137 0 
2.9400001 0.0465376 -0.022209033 1.1686984e-05 0.030193897 -23.43799 0 
2.95 0.047027875 -0.022234187 1.2127494e-05 0.030455014 -23.464779 0 
2.96 0.047518335 -0.022262124 1.2582582e-05 0.030717565 -23.491507 0 
2.97 0.048008978 -0.022292845 1.305267e-05 0.030981557 -23.518169 0 
2.98 0.048499811 -0.02232635 1.3538191e-05 0.031246986 -23.544765 0 
2.99 0.048990838 -0.022362635 1.403959e-05 0.031513859 -23.571301 0 
3 0.049482074 -0.022401696 1.455732e-05 0.03178218 -23.597773 0 
3.01 0.049973514 -0.022443533 1.509185e-05 0.032051947 -23.624178 0 
3.02 0.050465163 -0.02248814 1.5643631e-05 0.032323163 -23.650522 0 
3.03 0.050957035 -0.022535514 1.6213176e-05 0.032595839 -23.676802 0 
3.04 0.051449127 -0.022585653 1.6801017e-05 0.032869969 -23.703016 0 
3.05 0.051941443 -0.022638548 1.7407652e-05 0.033145554 -23.729168 0 
3.0599999 0.052434001 -0.022694197 1.8033568e-05 0.033422608 -23.755257 0 
3.0699999 0.05292679 -0.022752594 1.8679315e-05 0.033701122 -23.781281 0 
3.0799999 0.053419821 -0.022813734 1.9345507e-05 0.033981107 -23.807243 0 
3.0899999 0.053913102 -0.022877613 2.003269e-05 0.03426256 -23.833139 0 
3.0999999 0.054406639 -0.022944225 2.074142e-05 0.034545485 -23.858976 0 
3.1099999 0.054900434 -0.023013566 2.1472293e-05 0.034829888 -23.884747 0 
3.1199999 0.055394489 -0.023085624 2.2225933e-05 0.035115767 -23.910454 0 
3.1300001 0.05588882 -0.023160402 2.300298e-05 0.035403129 -23.936098 0 
3.1400001 0.05638342 -0.023237884 2.3804054e-05 0.035691973 -23.961679 0 
3.1500001 0.056878302 -0.023318075 2.4629784e-05 0.0359823 -23.987196 0 
3.1600001 0.057373464 -0.023400962 2.5480858e-05 0.03627412 -24.012651 0 
3.1700001 0.057868909 -0.023486542 2.6357953e-05 0.036567431 -24.038044 0 
3.1800001 0.05836466 -0.023574805 2.7261809e-05 0.036862232 -24.063374 0 
3.1900001 0.058860701 -0.023665749 2.8193137e-05 0.037158534 -24.088638 0 
3.2 0.059357047 -0.023759365 2.9152621e-05 0.037456334 -24.113838 0 
3.21 0.059853703 -0.023855653 3.0141055e-05 0.037755635 -24.138979 0 
3.22 0.060350671 -0.0239546 3.1159205e-05 0.038056441 -24.164055 0 
3.23 0.060847957 -0.024056204 3.2207819e-05 0.038358755 -24.18907 0 
3.24 0.061345562 -0.02416046 3.3287721e-05 0.038662575 -24.21402 0 
3.25 0.0618435 -0.024267357 3.4399749e-05 0.038967911 -24.238907 0 
3.26 0.062341772 -0.024376895 3.5544748e-05 0.03927476 -24.263731 0 
3.27 0.06284038 -0.024489069 3.6723603e-05 0.039583124 -24.288494 0 
3.28 0.063339323 -0.024603872 3.793717e-05 0.039893012 -24.313192 0 
3.29 0.063838616 -0.024721297 3.9186321e-05 0.040204417 -24.337828 0 
3.3 0.064338267 -0.02484134 4.0472023e-05 0.040517353 -24.362402 0 
3.3099999 0.064838275 -0.024963997 4.1795225e-05 0.040831815 -24.386913 0 
3.3199999 0.065338634 -0.025089264 4.3156797e-05 0.041147806 -24.411362 0 
3.3299999 0.065839373 -0.025217135 4.4557735e-05 0.041465327 -24.435745 0 
3.3399999 0.066340469 -0.025347605 4.5999142e-05 0.041784387 -24.46007 0 
3.3499999 0.066841945 -0.025480673 4.7482001e-05 0.042104978 -24.484329 0 
3.3599999 0.067343801 -0.025616331 4.9007329e-05 0.042427119 -24.508526 0 
3.3699999 0.067846045 -0.025754578 5.0576225e-05 0.042750798 -24.532663 0 
3.3800001 0.068348676 -0.025895407 5.2189778e-05 0.04307602 -24.556734 0 
3.3900001 0.068851702 -0.02603882 5.3849126e-05 0.043402795 -24.580746 0 
3.4000001 0.069355123 -0.026184807 5.5555429e-05 0.043731112 -24.604694 0 
3.4100001 0.069858953 -0.026333371 5.7309851e-05 0.04406099 -24.628578 0 
3.4200001 0.070363186 -0.026484506 5.9113543e-05 0.044392422 -24.652401 0 
3.4300001 0.070867829 -0.026638206 6.0967701e-05 0.044725411 -24.676163 0 
3.4400001 0.071372896 -0.026794476 6.287358e-05 0.04505996 -24.69986 0 
3.45 0.071878381 -0.026953308 6.48325e-05 0.045396071 -24.723495 0 
3.46 0.07238429 -0.027114704 6.6845772e-05 0.04573375 -24.74707 0 
3.47 0.072890632 -0.027278658 6.8914713e-05 0.04607299 -24.770582 0 
3.48 0.073397405 -0.027445171 7.1040638e-05 0.046413809 -24.794029 0 
3.49 0.073904626 -0.02761424 7.3224954e-05 0.046756193 -24.817417 0 
3.5 0.074412294 -0.027785867 7.546907e-05 0.047100157 -24.840742 0 
3.51 0.074920401 -0.027960049 7.7774406e-05 0.0474457 -24.864004 0 
3.52 0.075428963 -0.028136782 8.0142447e-05 0.047792822 -24.887203 0 
3.53 0.075937986 -0.028316069 8.2574712e-05 0.048141524 -24.910343 0 
3.54 0.076447465 -0.02849791 8.5072745e-05 0.048491817 -24.933418 0 
3.55 0.07695742 -0.028682306 8.7638087e-05 0.048843693 -24.95643 0 
3.5599999 0.077467836 -0.028869255 9.0272348e-05 0.04919716 -24.979385 0 
3.5699999 0.07797873 -0.029058756 9.2977149e-05 0.049552221 -25.002274 0 
3.5799999 0.078490108 -0.029250814 9.5754134e-05 0.049908876 -25.025101 0 
3.5899999 0.079001971 -0.029445425 9.8604993e-05 0.050267126 -25.047865 0 
3.5999999 0.079514325 -0.029642593 0.00010153149 0.050626982 -25.070568 0 
3.6099999 0.080027163 -0.029842319 0.00010453536 0.050988439 -25.09321 0 
3.6199999 0.080540508 -0.030044604 0.00010761838 0.051351499 -25.115791 0 
3.6300001 0.081054345 -0.03024945 0.00011078247 0.051716167 -25.138306 0 
3.6400001 0.081568696 -0.030456861 0.00011402948 0.052082445 -25.160763 0 
3.6500001 0.082083553 -0.030666837 0.00011736125 0.052450337 -25.183155 0 
3.6600001 0.082598932 -0.03087938 0.00012077979 0.052819844 -25.205488 0 
3.6700001 0.083114825 -0.031094493 0.00012428706 0.053190965 -25.227757 0 
3.6800001 0.083631247 -0.031312183 0.00012788511 0.053563707 -25.249966 0 
3.6900001 0.084148191 -0.031532448 0.000131576 0.053938068 -25.27211 0 
3.7 0.084665671 -0.031755291 0.00013536177 0.054314058 -25.294195 0 
3.71 0.085183688 -0.031980719 0.0001392446 0.054691676 -25.316216 0 
3.72 0.085702248 -0.032208737 0.00014322669 0.055070922 -25.338175 0 
3.73 0.086221345 -0.032439347 0.00014731029 0.055451803 -25.360073 0 
3.74 0.086741 -0.032672547 0.00015149759 0.055834316 -25.381908 0 
3.75 0.0872612 -0.032908354 0.00015579096 0.05621846 -25.403683 0 
3.76 0.087781973 -0.033146765 0.00016019279 0.056604251 -25.425394 0 
3.77 0.088303298 -0.033387788 0.00016470549 0.056991681 -25.447046 0 
3.78 0.088825189 -0.033631425 0.00016933143 0.057380755 -25.468634 0 
3.79 0.089347653 -0.033877682 0.00017407318 0.057771474 -25.49016 0 
3.8 0.089870691 -0.034126569 0.00017893326 0.058163848 -25.511627 0 
3.8099999 0.090394311 -0.034378089 0.00018391422 0.058557868 -25.53303 0 
3.8199999 0.090918519 -0.034632247 0.00018901867 0.058953542 -25.554369 0 
3.8299999 0.0914433 -0.03488905 0.00019424934 0.059350874 -25.575649 0 
3.8399999 0.091968685 -0.035148505 0.00019960901 0.059749868 -25.596867 0 
3.8499999 0.092494667 -0.03541062 0.00020510044 0.060150519 -25.618021 0 
3.8599999 0.093021251 -0.035675399 0.0002107265 0.060552835 -25.639116 0 
3.8699999 0.093548432 -0.035942852 0.00021649011 0.060956817 -25.660149 0 
3.8800001 0.094076231 -0.036212984 0.0002223941 0.061362464 -25.681118 0 
3.8900001 0.094604634 -0.036485806 0.00022844148 0.061769787 -25.702026 0 
3.9000001 0.095133662 -0.036761321 0.00023463536 0.062178779 -25.722872 0 
3.9100001 0.095663302 -0.037039541 0.00024097883 0.062589452 -25.743658 0 
3.9200001 0.096193582 -0.037320472 0.00024747505 0.063001797 -25.76438 0 
3.9300001 0.09672448 -0.037604127 0.00025412726 0.063415825 -25.785042 0 
3.9400001 0.097256012 -0.037890512 0.00026093872 0.063831545 -25.805641 0 
3.95 0.097788192 -0.038179632 0.00026791278 0.064248942 -25.82618 0 
3.96 0.098321013 -0.038471501 0.00027505285 0.06466803 -25.846653 0 
3.97 0.098854467 -0.038766131 0.00028236237 0.065088801 -25.867067 0 
3.98 0.099388577 -0.039063521 0.00028984484 0.065511271 -25.887419 0 
3.99 0.099923342 -0.039363686 0.00029750381 0.06593544 -25.907709 0 
4 0.10045877 -0.039666642 0.00030534298 0.066361301 -25.927937 0 
4.0100002 0.10099486 -0.039972391 0.00031336601 0.066788867 -25.948105 0 
4.02 0.10153162 -0.040280949 0.00032157672 0.067218125 -25.968206 0 
4.0300002 0.10206906 -0.04059232 0.00032997894 0.067649096 -25.988251 0 
4.04 0.10260716 -0.040906522 0.00033857647 0.068081781 -26.00823 0 
4.0500002 0.10314594 -0.041223563 0.00034737343 0.068516165 -26.028151 0 
4.0599999 0.10368541 -0.041543454 0.00035637378 0.068952262 -26.048006 0 
4.0700002 0.10422556 -0.041866206 0.00036558168 0.069390081 -26.067801 0 
4.0799999 0.10476641 -0.04219183 0.00037500123 0.069829613 -26.087534 0 
4.0900002 0.10530794 -0.042520337 0.00038463672 0.070270866 -26.107204 0 
4.0999999 0.10585018 -0.042851742 0.00039449238 0.07071384 -26.126814 0 
4.1100001 0.10639313 -0.043186054 0.0004045727 0.071158536 -26.14636 0 
4.1199999 0.10693678 -0.043523286 0.00041488218 0.071604967 -26.165846 0 
4.1300001 0.10748115 -0.043863453 0.0004254253 0.072053112 -26.185268 0 
4.1399999 0.10802624 -0.044206567 0.00043620673 0.072503008 -26.204628 0 
4.1500001 0.10857204 -0.044552639 0.00044723108 0.072954625 -26.22393 0 
4.1599998 0.10911856 -0.044901684 0.00045850329 0.073407985 -26.243168 0 
4.1700001 0.10966582 -0.045253709 0.000470028 0.073863082 -26.262342 0 
4.1799998 0.1102138 -0.045608737 0.00048181028 0.074319921 -26.281454 0 
4.1900001 0.11076253 -0.045966774 0.0004938551 0.074778505 -26.300505 0 
4.1999998 0.11131199 -0.046327841 0.00050616753 0.075238831 -26.319494 0 
4.21 0.11186219 -0.046691943 0.00051875273 0.075700909 -26.338421 0 
4.2199998 0.11241315 -0.0470591 0.00053161598 0.076164745 -26.357285 0 
4.23 0.11296486 -0.047429327 0.00054476265 0.076630324 -26.376087 0 
4.2399998 0.11351733 -0.047802638 0.0005581982 0.077097669 -26.394829 0 
4.25 0.11407055 -0.048179045 0.0005719281 0.077566765 -26.413506 0 
4.2600002 0.11462454 -0.048558567 0.00058595801 0.078037627 -26.432123 0 
4.27 0.1151793 -0.048941214 0.00060029357 0.078510255 -26.450676 0 
4.2800002 0.11573484 -0.049327005 0.0006149406 0.078984641 -26.469168 0 
4.29 0.11629114 -0.049715951 0.00062990497 0.0794608 -26.487597 0 
4.3000002 0.11684823 -0.050108075 0.00064519269 0.079938732 -26.505964 0 
4.3099999 0.1174061 -0.050503388 0.0006608098 0.080418438 -26.524269 0 
4.3200002 0.11796477 -0.050901908 0.00067676243 0.080899924 -26.542511 0 
4.3299999 0.11852422 -0.051303647 0.00069305691 0.081383176 -26.560692 0 
4.3400002 0.11908447 -0.051708624 0.00070969953 0.081868224 -26.578808 0 
4.3499999 0.11964552 -0.05211686 0.00072669674 0.082355045 -26.596865 0 
4.3600001 0.12020738 -0.052528359 0.0007440552 0.082843646 -26.614857 0 
4.3699999 0.12077005 -0.052943155 0.00076178147 0.083334051 -26.632788 0 
4.3800001 0.12133352 -0.053361252 0.00077988231 0.083826244 -26.650656 0 
4.3899999 0.12189782 -0.053782672 0.00079836458 0.084320217 -26.668459 0 
4.4000001 0.12246293 -0.054207433 0.00081723527 0.084816009 -26.686205 0 
4.4099998 0.12302887 -0.054635551 0.0008365016 0.085313581 -26.703886 0 
4.4200001 0.12359563 -0.05506704 0.00085617061 0.085812964 -26.721502 0 
4.4299998 0.12416324 -0.055501927 0.00087624951 0.086314142 -26.739058 0 
4.4400001 0.12473167 -0.055940222 0.00089674589 0.08681713 -26.75655 0 
4.4499998 0.12530096 -0.056381948 0.00091766712 0.087321922 -26.773979 0 
4.46 0.12587108 -0.056827117 0.00093902083 0.087828524 -26.791348 0 
4.4699998 0.12644204 -0.057275757 0.00096081477 0.088336952 -26.808653 0 
4.48 0.12701386 -0.057727888 0.00098305685 0.088847183 -26.825895 0 
4.4899998 0.12758654 -0.058183514 0.0010057549 0.089359246 -26.843073 0 
4.5 0.12816009 -0.058642667 0.0010289173 0.089873113 -26.860189 0 
4.5100002 0.12873448 -0.059105359 0.0010525519 0.090388812 -26.877243 0 
4.52 0.12930976 -0.059571616 0.0010766672 0.090906337 -26.894234 0 
4.5300002 0.1298859 -0.060041454 0.0011012717 0.091425687 -26.911161 0 
4.54 0.13046293 -0.06051489 0.0011263738 0.091946878 -26.928026 0 
4.5500002 0.13104083 -0.060991947 0.0011519823 0.092469893 -26.944828 0 
4.5599999 0.1316196 -0.061472651 0.0011781062 0.09299475 -26.961565 0 
4.5700002 0.13219927 -0.061957009 0.0012047541 0.093521431 -26.978241 0 
4.5799999 0.13277984 -0.062445052 0.0012319353 0.094049968 -26.994852 0 
4.5900002 0.13336129 -0.062936798 0.001259659 0.094580352 -27.011402 0 
4.5999999 0.13394365 -0.063432261 0.0012879343 0.09511257 -27.027891 0 
4.6100001 0.13452691 -0.06393148 0.0013167709 0.095646642 -27.044313 0 
4.6199999 0.13511108 -0.064434461 0.0013461784 0.096182562 -27.060673 0 
4.6300001 0.13569616 -0.06494122 0.0013761664 0.096720338 -27.076971 0 
4.6399999 0.13628216 -0.065451793 0.0014067448 0.097259969 -27.093203 0 
4.6500001 0.13686907 -0.065966196 0.0014379238 0.097801462 -27.109371 0 
4.6599998 0.13745691 -0.066484451 0.0014697134 0.098344818 -27.125479 0 
4.6700001 0.13804568 -0.067006581 0.0015021238 0.098890029 -27.141523 0 
4.6799998 0.13863538 -0.067532599 0.0015351656 0.09943711 -27.157501 0 
4.6900001 0.139226 -0.068062544 0.0015688493 0.099986061 -27.173418 0 
4.6999998 0.13981758 -0.068596423 0.0016031857 0.10053688 -27.189272 0 
4.71 0.1404101 -0.069134265 0.0016381855 0.10108957 -27.205059 0 
4.7199998 0.14100355 -0.069676094 0.0016738599 0.10164415 -27.220785 0 
4.73 0.14159797 -0.070221931 0.00171022 0.1022006 -27.236446 0 
4.7399998 0.14219335 -0.070771798 0.0017472771 0.10275894 -27.252047 0 
4.75 0.14278966 -0.071325727 0.0017850427 0.10331915 -27.267578 0 
4.7600002 0.14338696 -0.071883731 0.0018235284 0.10388125 -27.283049 0 
4.77 0.14398521 -0.072445832 0.001862746 0.10444525 -27.298456 0 
4.7800002 0.14458443 -0.073012061 0.0019027076 0.10501114 -27.313797 0 
4.79 0.14518464 -0.073582441 0.001943425 0.10557891 -27.329079 0 
4.8000002 0.14578582 -0.074157 0.0019849108 0.10614859 -27.344292 0 
4.8099999 0.14638798 -0.074735746 0.002027177 0.10672016 -27.359444 0 
4.8200002 0.14699113 -0.075318724 0.0020702365 0.10729364 -27.374527 0 
4.8299999 0.14759526 -0.075905941 0.002114102 0.10786901 -27.389551 0 
4.8400002 0.14820039 -0.076497443 0.0021587866 0.10844631 -27.404509 0 
4.8499999 0.14880653 -0.077093229 0.0022043029 0.1090255 -27.419403 0 
4.8600001 0.14941366 -0.077693343 0.0022506646 0.10960662 -27.434233 0 
4.8699999 0.15002179 -0.078297809 0.002297885 0.11018964 -27.448999 0 
4.8800001 0.15063094 -0.07890664 0.0023459778 0.11077459 -27.463699 0 
4.8899999 0.15124109 -0.079519875 0.0023949565 0.11136145 -27.478334 0 
4.9000001 0.15185228 -0.080137521 0.0024448354 0.11195023 -27.492907 0 
4.9099998 0.15246446 -0.08075963 0.0024956283 0.11254094 -27.507416 0 
4.9200001 0.15307771 -0.081386216 0.0025473498 0.11313358 -27.521856 0 
4.9299998 0.15369195 -0.082017303 0.0026000142 0.11372815 -27.536236 0 
4.9400001 0.15430723 -0.082652919 0.0026536365 0.11432465 -27.550549 0 
4.9499998 0.15492356 -0.083293088 0.0027082309 0.11492309 -27.564796 0 
4.96 0.15554093 -0.083937839 0.0027638134 0.11552346 -27.578981 0 
4.9699998 0.15615933 -0.084587201 0.0028203982 0.11612578 -27.5931 0 
4.98 0.1567788 -0.085241199 0.0028780014 0.11673003 -27.607153 0 
4.9899998 0.1573993 -0.08589986 0.0029366384 0.11733624 -27.621141 0 
5 0.15802087 -0.086563215 0.0029963253 0.11794439 -27.635067 0 
5.0100002 0.1586435 -0.087231293 0.0030570778 0.1185545 -27.648924 0 
5.02 0.15926719 -0.087904111 0.003118912 0.11916655 -27.66272 0 
5.0300002 0.15989195 -0.088581711 0.0031818449 0.11978057 -27.676445 0 
5.04 0.16051778 -0.089264102 0.0032458925 0.12039653 -27.690109 0 
5.0500002 0.16114469 -0.089951336 0.0033110718 0.12101447 -27.703707 0 
5.0599999 0.16177268 -0.090643428 0.0033773999 0.12163436 -27.717237 0 
5.0700002 0.16240177 -0.091340408 0.003444894 0.12225623 -27.730707 0 
5.0799999 0.16303192 -0.092042305 0.0035135716 0.12288006 -27.744106 0 
5.0900002 0.16366318 -0.092749141 0.0035834499 0.12350587 -27.757442 0 
5.0999999 0.16429551 -0.093460962 0.0036545475 0.12413365 -27.770712 0 
5.1100001 0.16492897 -0.094177783 0.0037268815 0.12476339 -27.783916 0 
5.1199999 0.16556351 -0.094899639 0.0038004708 0.12539513 -27.797054 0 
5.1300001 0.16619918 -0.095626563 0.0038753338 0.12602885 -27.810127 0 
5.1399999 0.16683595 -0.096358582 0.0039514895 0.12666455 -27.823133 0 
5.1500001 0.16747384 -0.09709572 0.0040289559 0.12730223 -27.836075 0 
5.1599998 0.16811283 -0.097838014 0.0041077533 0.12794191 -27.848949 0 
5.1700001 0.16875295 -0.098585494 0.0041879006 0.12858358 -27.861757 0 
5.1799998 0.16939421 -0.099338189 0.0042694169 0.12922724 -27.874498 0 
5.1900001 0.1700366 -0.10009613 0.0043523223 0.1298729 -27.887177 0 
5.1999998 0.17068011 -0.10085934 0.0044366373 0.13052057 -27.899784 0 
5.21 0.17132476 -0.10162787 0.0045223818 0.13117023 -27.912327 0 
5.2199998 0.17197056 -0.10240173 0.004609576 0.1318219 -27.924805 0 
5.23 0.17261751 -0.10318097 0.0046982411 0.13247557 -27.937216 0 
5.2399998 0.17326561 -0.10396561 0.0047883983 0.13313127 -27.949558 0 
5.25 0.17391485 -0.10475568 0.0048800684 0.13378896 -27.961836 0 
5.2600002 0.17456526 -0.10555121 0.0049732728 0.13444868 -27.974045 0 
5.27 0.17521681 -0.10635225 0.0050680339 0.13511041 -27.986189 0 
5.2800002 0.17586955 -0.10715882 0.0051643727 0.13577417 -27.998266 0 
5.29 0.17652346 -0.10797095 0.0052623115 0.13643993 -28.010275 0 
5.3000002 0.17717853 -0.10878866 0.0053618737 0.13710774 -28.022219 0 
5.3099999 0.17783479 -0.10961201 0.0054630805 0.13777758 -28.034094 0 
5.3200002 0.17849222 -0.11044103 0.0055659562 0.13844945 -28.0459 0 
5.3299999 0.17915083 -0.11127574 0.0056705233 0.13912334 -28.057642 0 
5.3400002 0.17981064 -0.11211617 0.0057768058 0.13979927 -28.069317 0 
5.3499999 0.18047166 -0.11296237 0.0058848266 0.14047724 -28.080921 0 
5.3600001 0.18113385 -0.11381437 0.0059946096 0.14115724 -28.092461 0 
5.3699999 0.18179725 -0.11467218 0.0061061797 0.1418393 -28.103933 0 
5.3800001 0.18246184 -0.11553587 0.0062195617 0.14252339 -28.115335 0 
5.3899999 0.18312766 -0.11640545 0.0063347793 0.14320955 -28.126671 0 
5.4000001 0.18379468 -0.11728096 0.0064518577 0.14389776 -28.137939 0 
5.4099998 0.1844629 -0.11816244 0.0065708226 0.14458799 -28.149139 0 
5.4200001 0.18513235 -0.11904992 0.0066916994 0.1452803 -28.160271 0 
5.4299998 0.18580306 -0.11994343 0.0068145143 0.14597468 -28.171337 0 
5.4400001 0.18647495 -0.12084302 0.0069392929 0.14667112 -28.182331 0 
5.4499998 0.18714809 -0.12174872 0.0070660608 0.14736961 -28.193258 0 
5.46 0.18782246 -0.12266054 0.0071948459 0.14807017 -28.204119 0 
5.4699998 0.18849806 -0.12357856 0.0073256749 0.14877279 -28.214911 0 
5.48 0.18917494 -0.12450279 0.0074585746 0.14947748 -28.225634 0 
5.4899998 0.18985303 -0.12543325 0.0075935731 0.15018427 -28.236288 0 
5.5 0.19053239 -0.12637001 0.0077306973 0.15089311 -28.246872 0 
5.5100002 0.191213 -0.12731309 0.0078699756 0.15160404 -28.257389 0 
5.52 0.19189484 -0.12826253 0.0080114361 0.15231705 -28.267838 0 
5.5300002 0.19257797 -0.12921837 0.0081551084 0.15303214 -28.278217 0 
5.54 0.19326237 -0.13018063 0.0083010206 0.15374932 -28.288528 0 
5.5500002 0.19394803 -0.13114937 0.0084492024 0.1544686 -28.298767 0 
5.5599999 0.19463496 -0.1321246 0.0085996827 0.15518995 -28.308941 0 
5.5700002 0.19532317 -0.1331064 0.0087524913 0.1559134 -28.319044 0 
5.5799999 0.19601266 -0.13409474 0.008907659 0.15663895 -28.329079 0 
5.5900002 0.19670343 -0.13508974 0.0090652155 0.15736659 -28.339041 0 
5.5999999 0.19739549 -0.13609137 0.0092251915 0.15809634 -28.348936 0 
5.6100001 0.19808884 -0.13709971 0.0093876189 0.15882818 -28.358763 0 
5.6199999 0.19878349 -0.13811477 0.0095525291 0.15956214 -28.368517 0 
5.6300001 0.19947946 -0.13913661 0.0097199529 0.16029821 -28.378202 0 
5.6399999 0.20017672 -0.14016525 0.0098899221 0.16103639 -28.387819 0 
5.6500001 0.20087527 -0.14120075 0.010062468 0.16177666 -28.397366 0 
5.6599998 0.20157513 -0.14224315 0.010237626 0.16251907 -28.406839 0 
5.6700001 0.20227633 -0.14329246 0.010415427 0.16326357 -28.416248 0 
5.6799998 0.20297883 -0.14434874 0.010595905 0.16401023 -28.425583 0 
5.6900001 0.20368266 -0.14541201 0.010779094 0.16475898 -28.434849 0 
5.6999998 0.2043878 -0.14648235 0.010965026 0.16550986 -28.444044 0 
5.71 0.20509431 -0.14755976 0.011153736 0.16626287 -28.453169 0 
5.7199998 0.20580211 -0.14864431 0.01134526 0.16701801 -28.462223 0 
5.73 0.20651126 -0.14973602 0.011539631 0.16777529 -28.471205 0 
5.7399998 0.20722176 -0.15083493 0.011736884 0.16853467 -28.480118 0 
5.75 0.20793359 -0.15194109 0.011937056 0.16929623 -28.48896 0 
5.7600002 0.2086468 -0.15305454 0.012140182 0.17005989 -28.49773 0 
5.77 0.20936134 -0.15417531 0.012346298 0.17082572 -28.50643 0 
5.7800002 0.21007723 -0.15530346 0.01255544 0.17159368 -28.515059 0 
5.79 0.21079448 -0.15643902 0.012767646 0.17236377 -28.523615 0 
5.8000002 0.2115131 -0.15758203 0.012982953 0.17313603 -28.532103 0 
5.8099999 0.2122331 -0.15873253 0.0132014 0.17391044 -28.540516 0 
5.8200002 0.21295443 -0.15989058 0.013423022 0.17468697 -28.548861 0 
5.8299999 0.21367717 -0.16105619 0.013647857 0.17546567 -28.557131 0 
5.8400002 0.21440129 -0.16222943 0.013875946 0.17624655 -28.565331 0 
5.8499999 0.21512677 -0.16341032 0.014107327 0.17702956 -28.573458 0 
5.8600001 0.21585363 -0.16459893 0.014342039 0.17781474 -28.581514 0 
5.8699999 0.21658191 -0.1657953 0.014580121 0.17860208 -28.589499 0 
5.8800001 0.21731156 -0.16699944 0.014821615 0.17939158 -28.597408 0 
5.8899999 0.21804261 -0.16821142 0.015066559 0.18018326 -28.605247 0 
5.9000001 0.21877505 -0.16943127 0.015314995 0.18097709 -28.613016 0 
5.9099998 0.21950893 -0.17065904 0.015566965 0.18177311 -28.620712 0 
5.9200001 0.22024417 -0.17189477 0.015822507 0.18257128 -28.628332 0 
5.9299998 0.22098085 -0.17313851 0.016081667 0.18337163 -28.63588 0 
5.9400001 0.22171894 -0.1743903 0.016344484 0.18417415 -28.643358 0 
5.9499998 0.22245844 -0.17565021 0.016611002 0.18497887 -28.650763 0 
5.96 0.22319937 -0.17691822 0.016881265 0.18578576 -28.658092 0 
5.9699998 0.2239417 -0.17819443 0.017155314 0.18659483 -28.66535 0 
5.98 0.22468549 -0.17947887 0.017433193 0.18740608 -28.672533 0 
5.9899998 0.2254307 -0.18077159 0.017714947 0.18821953 -28.679646 0 
6 0.22617735 -0.18207262 0.018000619 0.18903513 -28.686682 0 
6.0100002 0.22692542 -0.18338202 0.018290255 0.18985297 -28.693645 0 
6.02 0.22767496 -0.1846998 0.018583901 0.19067296 -28.700537 0 
6.0300002 0.22842592 -0.18602607 0.0188816 0.19149517 -28.707352 0 
6.04 0.22917832 -0.18736081 0.019183403 0.19231957 -28.714096 0 
6.0500002 0.22993222 -0.1887041 0.019489348 0.19314617 -28.720764 0 
6.0599999 0.23068754 -0.190056 0.01979949 0.19397494 -28.727358 0 
6.0700002 0.23144433 -0.1914165 0.020113871 0.19480594 -28.733879 0 
6.0799999 0.23220257 -0.19278571 0.020432539 0.19563913 -28.740326 0 
6.0900002 0.2329623 -0.19416364 0.020755544 0.19647452 -28.746696 0 
6.0999999 0.23372348 -0.19555035 0.021082934 0.19731212 -28.752995 0 
6.1100001 0.23448615 -0.19694589 0.021414755 0.19815193 -28.759216 0 
6.1199999 0.23525029 -0.19835028 0.021751059 0.19899395 -28.765362 0 
6.1300001 0.2360159 -0.19976358 0.022091893 0.19983816 -28.771437 0 
6.1399999 0.23678298 -0.20118585 0.022437308 0.20068461 -28.777433 0 
6.1500001 0.23755158 -0.20261714 0.022787359 0.20153326 -28.783358 0 
6.1599998 0.23832166 -0.20405748 0.023142088 0.20238411 -28.789206 0 
6.1700001 0.23909323 -0.20550694 0.023501551 0.20323719 -28.794975 0 
6.1799998 0.23986629 -0.20696554 0.023865798 0.20409249 -28.800674 0 
6.1900001 0.24064086 -0.20843333 0.024234883 0.20495 -28.806293 0 
6.1999998 0.24141693 -0.20991038 0.02460886 0.20580973 -28.81184 0 
6.21 0.24219452 -0.21139672 0.024987774 0.2066717 -28.817308 0 
6.2199998 0.24297361 -0.2128924 0.025371684 0.20753588 -28.822702 0 
6.23 0.24375421 -0.21439748 0.025760645 0.20840226 -28.82802 0 
6.2399998 0.24453631 -0.215912 0.026154706 0.20927091 -28.833261 0 
6.25 0.24531995 -0.217436 0.026553927 0.21014175 -28.838425 0 
6.2600002 0.2461051 -0.21896955 0.026958359 0.21101482 -28.843515 0 
6.27 0.2468918 -0.2205127 0.027368056 0.21189013 -28.848526 0 
6.2800002 0.24767999 -0.22206546 0.027783075 0.21276766 -28.85346 0 
6.29 0.24846974 -0.22362792 0.028203476 0.21364744 -28.85832 0 
6.3000002 0.24926102 -0.22520012 0.028629312 0.21452944 -28.863102 0 
6.3099999 0.25005385 -0.2267821 0.029060639 0.21541367 -28.867805 0 
6.3200002 0.2508482 -0.22837391 0.029497517 0.21630013 -28.872433 0 
6.3299999 0.2516441 -0.22997561 0.029940004 0.21718884 -28.876984 0 
6.3400002 0.25244156 -0.23158725 0.030388156 0.21807978 -28.881458 0 
6.3499999 0.25324056 -0.23320886 0.03084203 0.21897294 -28.885853 0 
6.3600001 0.25404111 -0.2348405 0.031301688 0.21986835 -28.890171 0 
6.3699999 0.25484321 -0.23648223 0.031767193 0.22076601 -28.894409 0 
6.3800001 0.25564688 -0.23813412 0.032238603 0.22166589 -28.898571 0 
6.3899999 0.25645211 -0.23979618 0.032715973 0.22256801 -28.902655 0 
6.4000001 0.25725889 -0.24146846 0.033199366 0.22347239 -28.90666 0 
6.4099998 0.25806725 -0.24315104 0.033688847 0.224379 -28.910587 0 
6.4200001 0.25887722 -0.24484396 0.034184478 0.22528782 -28.914438 0 
6.4299998 0.25968871 -0.24654728 0.03468632 0.22619891 -28.918207 0 
6.4400001 0.2605018 -0.24826102 0.035194434 0.22711225 -28.9219 0 
6.4499998 0.26131645 -0.24998525 0.035708882 0.22802784 -28.925512 0 
6.46 0.2621327 -0.25172004 0.036229733 0.22894564 -28.929045 0 
6.4699998 0.26295054 -0.25346541 0.036757044 0.22986571 -28.932499 0 
6.48 0.26376995 -0.25522143 0.037290886 0.23078801 -28.935877 0 
6.4899998 0.26459095 -0.25698814 0.037831321 0.23171256 -28.939173 0 
6.5 0.26541355 -0.25876561 0.038378414 0.23263934 -28.94239 0 
6.5100002 0.26623777 -0.26055387 0.03893223 0.23356839 -28.945526 0 
6.52 0.26706356 -0.262353 0.039492842 0.23449965 -28.948584 0 
6.5300002 0.26789096 -0.26416302 0.040060308 0.23543318 -28.951561 0 
6.54 0.26871994 -0.26598397 0.040634695 0.23636895 -28.954458 0 
6.5500002 0.26955056 -0.26781598 0.041216083 0.23730695 -28.957277 0 
6.5599999 0.27038276 -0.26965901 0.041804526 0.23824722 -28.960014 0 
6.5700002 0.2712166 -0.27151319 0.042400107 0.2391897 -28.962671 0 
6.5799999 0.27205202 -0.27337852 0.043002877 0.24013445 -28.965248 0 
6.5900002 0.27288908 -0.27525505 0.04361292 0.24108145 -28.967743 0 
6.5999999 0.27372774 -0.27714288 0.044230301 0.24203068 -28.970158 0 
6.6100001 0.27456805 -0.27904201 0.044855092 0.24298213 -28.97249 0 
6.6199999 0.27540997 -0.28095251 0.045487359 0.24393585 -28.974745 0 
6.6300001 0.27625352 -0.28287446 0.046127178 0.24489181 -28.976915 0 
6.6399999 0.27709869 -0.28480789 0.046774622 0.24585 -28.979006 0 
6.6500001 0.27794549 -0.28675285 0.047429763 0.24681045 -28.981016 0 
6.6599998 0.2787939 -0.2887094 0.048092671 0.24777311 -28.982943 0 
6.6700001 0.27964398 -0.29067758 0.048763424 0.24873805 -28.984787 0 
6.6799998 0.2804957 -0.29265746 0.04944209 0.2497052 -28.986551 0 
6.6900001 0.28134903 -0.29464909 0.050128747 0.25067458 -28.988232 0 
6.6999998 0.282204 -0.2966525 0.050823472 0.25164622 -28.98983 0 
6.71 0.28306064 -0.29866779 0.05152633 0.25262007 -28.991346 0 
6.7199998 0.28391892 -0.30069497 0.05223741 0.25359619 -28.992783 0 
6.73 0.28477883 -0.30273414 0.052956782 0.25457451 -28.994133 0 
6.7399998 0.28564039 -0.30478528 0.053684521 0.25555509 -28.995401 0 
6.75 0.28650361 -0.3068485 0.05442071 0.25653788 -28.996588 0 
6.7600002 0.28736848 -0.30892384 0.055165417 0.25752291 -28.997692 0 
6.77 0.28823501 -0.31101134 0.055918731 0.25851017 -28.998711 0 
6.7800002 0.28910321 -0.31311113 0.056680724 0.25949964 -28.999649 0 
6.79 0.28997305 -0.31522313 0.057451479 0.26049134 -29.0005 0 
6.8000002 0.29084456 -0.3173475 0.058231071 0.26148528 -29.00127 0 
6.8099999 0.29171771 -0.31948423 0.059019588 0.26248142 -29.001955 0 
6.8200002 0.29259256 -0.32163343 0.059817102 0.2634798 -29.002556 0 
6.8299999 0.29346904 -0.32379508 0.060623698 0.26448038 -29.003073 0 
6.8400002 0.2943472 -0.32596934 0.061439455 0.2654832 -29.00351 0 
6.8499999 0.29522705 -0.32815617 0.062264457 0.26648819 -29.003859 0 
6.8600001 0.29610854 -0.33035564 0.063098788 0.26749542 -29.00412 0 
6.8699999 0.29699171 -0.33256784 0.063942537 0.26850489 -29.004301 0 
6.8800001 0.29787654 -0.33479279 0.06479577 0.26951653 -29.004396 0 
6.8899999 0.29876307 -0.33703053 0.065658592 0.2705304 -29.004408 0 
6.9000001 0.29965124 -0.33928114 0.06653107 0.27154645 -29.00433 0 
6.9099998 0.30054113 -0.34154472 0.0674133 0.27256471 -29.004171 0 
6.9200001 0.30143267 -0.34382126 0.068305358 0.27358517 -29.003925 0 
6.9299998 0.3023259 -0.34611082 0.06920734 0.27460781 -29.003595 0 
6.9400001 0.30322081 -0.34841344 0.070119329 0.27563265 -29.003178 0 
6.9499998 0.30411741 -0.35072923 0.071041405 0.2766597 -29.002674 0 
6.96 0.30501568 -0.35305819 0.071973667 0.27768892 -29.002087 0 
6.9699998 0.30591565 -0.35540041 0.072916202 0.27872032 -29.001413 0 
6.98 0.30681729 -0.35775587 0.073869094 0.27975392 -29.00065 0 
6.9899998 0.30772063 -0.36012474 0.074832432 0.28078967 -28.999805 0 
7 0.30862561 -0.36250699 0.075806297 0.28182763 -28.998869 0 
7.0100002 0.30953231 -0.3649027 0.076790795 0.28286773 -28.99785 0 
7.02 0.31044072 -0.36731189 0.077786013 0.28391004 -28.99674 0 
7.0300002 0.31135082 -0.36973467 0.078792036 0.28495446 -28.995546 0 
7.04 0.31226259 -0.37217107 0.079808958 0.28600106 -28.994265 0 
7.0500002 0.31317604 -0.37462109 0.08083687 0.28704983 -28.992895 0 
7.0599999 0.31409121 -0.37708488 0.081875868 0.28810075 -28.991438 0 
7.0700002 0.31500804 -0.37956238 0.082926035 0.28915378 -28.989895 0 
7.0799999 0.31592658 -0.38205373 0.083987482 0.290209 -28.988264 0 
7.0900002 0.31684682 -0.38455895 0.085060291 0.29126635 -28.986542 0 
7.0999999 0.31776875 -0.38707811 0.086144559 0.29232582 -28.984735 0 
7.1100001 0.31869236 -0.38961124 0.087240368 0.29338744 -28.982836 0 
7.1199999 0.31961766 -0.39215839 0.088347837 0.29445118 -28.980852 0 
7.1300001 0.32054466 -0.39471966 0.089467064 0.29551706 -28.978779 0 
7.1399999 0.32147336 -0.39729503 0.090598114 0.29658502 -28.976618 0 
7.1500001 0.32240376 -0.39988458 0.091741107 0.29765511 -28.974367 0 
7.1599998 0.32333586 -0.40248841 0.092896141 0.2987273 -28.972025 0 
7.1700001 0.32426965 -0.40510648 0.094063312 0.29980162 -28.969595 0 
7.1799998 0.32520509 -0.40773889 0.095242701 0.30087802 -28.967079 0 
7.1900001 0.32614228 -0.41038573 0.096434429 0.3019565 -28.96447 0 
7.1999998 0.32708114 -0.41304696 0.097638592 0.30303711 -28.961771 0 
7.21 0.32802173 -0.4157227 0.098855287 0.30411974 -28.958984 0 
7.2199998 0.32896394 -0.41841301 0.1000846 0.30520451 -28.956106 0 
7.23 0.32990789 -0.42111787 0.10132667 0.30629131 -28.95314 0 
7.2399998 0.33085355 -0.42383739 0.10258155 0.30738017 -28.950081 0 
7.25 0.33180088 -0.42657158 0.10384938 0.30847111 -28.946932 0 
7.2600002 0.3327499 -0.42932054 0.10513024 0.30956411 -28.943695 0 
7.27 0.33370063 -0.43208429 0.10642425 0.31065914 -28.940363 0 
7.2800002 0.33465302 -0.43486285 0.10773151 0.31175622 -28.936941 0 
7.29 0.33560714 -0.43765631 0.1090521 0.3128553 -28.93343 0 
7.3000002 0.33656293 -0.44046471 0.11038616 0.31395644 -28.929827 0 
7.3099999 0.33752036 -0.44328812 0.11173376 0.3150596 -28.926132 0 
7.3200002 0.33847952 -0.44612652 0.11309503 0.31616476 -28.922346 0 
7.3299999 0.33944038 -0.44898003 0.11447008 0.31727192 -28.918468 0 
7.3400002 0.3404029 -0.45184869 0.11585899 0.3183811 -28.914499 0 
7.3499999 0.3413671 -0.45473248 0.1172619 0.31949225 -28.910437 0 
7.3600001 0.34233302 -0.4576315 0.11867889 0.3206054 -28.906284 0 
7.3699999 0.34330061 -0.46054581 0.12011007 0.32172051 -28.902039 0 
7.3800001 0.34426984 -0.46347544 0.12155557 0.32283759 -28.897697 0 
7.3899999 0.3452408 -0.46642041 0.12301549 0.32395664 -28.893267 0 
7.4000001 0.3462134 -0.46938083 0.12448991 0.32507765 -28.888742 0 
7.4099998 0.34718767 -0.47235668 0.12597898 0.32620057 -28.884125 0 
7.4200001 0.34816363 -0.47534803 0.12748279 0.32732546 -28.879416 0 
7.4299998 0.34914127 -0.47835493 0.12900145 0.32845229 -28.874611 0 
7.4400001 0.35012057 -0.48137742 0.13053508 0.32958099 -28.869713 0 
7.4499998 0.35110152 -0.48441553 0.13208379 0.33071166 -28.864723 0 
7.46 0.35208419 -0.48746938 0.1336477 0.33184418 -28.859636 0 
7.4699998 0.35306847 -0.49053887 0.13522689 0.33297861 -28.85446 0 
7.48 0.35405442 -0.49362418 0.13682151 0.33411491 -28.849188 0 
7.4899998 0.35504207 -0.49672526 0.13843165 0.33525312 -28.843821 0 
7.5 0.35603133 -0.49984226 0.14005743 0.33639318 -28.838358 0 
7.5100002 0.35702226 -0.50297511 0.14169899 0.33753505 -28.832802 0 
7.52 0.35801485 -0.5061239 0.1433564 0.33867884 -28.827152 0 
7.5300002 0.35900909 -0.50928867 0.1450298 0.33982438 -28.821405 0 
7.54 0.36000496 -0.51246947 0.14671931 0.3409718 -28.815563 0 
7.5500002 0.36100248 -0.51566631 0.14842504 0.34212103 -28.809628 0 
7.5599999 0.36200163 -0.51887929 0.1501471 0.34327206 -28.803596 0 
7.5700002 0.36300248 -0.52210838 0.15188563 0.3444249 -28.79747 0 
7.5799999 0.36400488 -0.52535367 0.15364072 0.3455795 -28.791246 0 
7.5900002 0.36500898 -0.52861518 0.15541248 0.34673584 -28.784925 0 
7.5999999 0.36601466 -0.53189296 0.15720108 0.34789398 -28.778513 0 
7.6100001 0.36702201 -0.53518701 0.1590066 0.34905386 -28.771999 0 
7.6199999 0.36803094 -0.53849739 0.16082916 0.35021544 -28.765392 0 
7.6300001 0.36904153 -0.54182416 0.1626689 0.3513788 -28.758688 0 
7.6399999 0.37005368 -0.54516733 0.1645259 0.35254386 -28.751888 0 
7.6500001 0.37106749 -0.548527 0.16640033 0.35371059 -28.744989 0 
7.6599998 0.37208292 -0.55190307 0.16829228 0.35487905 -28.737995 0 
7.6700001 0.37309992 -0.55529571 0.17020188 0.35604915 -28.730902 0 
7.6799998 0.37411854 -0.55870485 0.17212926 0.35722092 -28.723713 0 
7.6900001 0.37513873 -0.56213063 0.17407455 0.35839435 -28.716427 0 
7.6999998 0.3761605 -0.56557304 0.17603783 0.3595694 -28.709042 0 
7.71 0.37718391 -0.56903207 0.17801926 0.36074612 -28.701559 0 
7.7199998 0.37820888 -0.5725078 0.18001898 0.36192438 -28.693979 0 
7.73 0.37923542 -0.57600021 0.18203707 0.36310431 -28.686298 0 
7.7399998 0.38026357 -0.57950938 0.18407366 0.3642858 -28.678524 0 
7.75 0.38129324 -0.58303529 0.18612891 0.3654688 -28.670647 0 
7.7600002 0.38232449 -0.58657813 0.18820292 0.36665341 -28.662674 0 
7.77 0.38335732 -0.59013772 0.19029583 0.36783955 -28.6546 0 
7.7800002 0.3843917 -0.59371418 0.19240774 0.36902723 -28.646429 0 
7.79 0.38542759 -0.59730756 0.19453882 0.37021637 -28.638157 0 
7.8000002 0.38646507 -0.60091788 0.19668917 0.37140706 -28.629786 0 
7.8099999 0.38750407 -0.60454512 0.19885889 0.37259921 -28.621317 0 
7.8200002 0.38854462 -0.60818928 0.20104815 0.37379283 -28.612749 0 
7.8299999 0.38958672 -0.61185056 0.20325708 0.37498787 -28.604078 0 
7.8400002 0.3906303 -0.61552882 0.20548578 0.37618437 -28.595308 0 
7.8499999 0.39167541 -0.61922407 0.20773439 0.37738228 -28.586439 0 
7.8600001 0.39272201 -0.62293649 0.21000305 0.37858158 -28.577469 0 
7.8699999 0.39377016 -0.62666595 0.2122919 0.37978226 -28.568399 0 
7.8800001 0.3948198 -0.63041258 0.21460102 0.38098431 -28.559229 0 
7.8899999 0.39587089 -0.63417631 0.2169306 0.38218772 -28.549957 0 
7.9000001 0.39692348 -0.63795722 0.21928073 0.38339245 -28.540586 0 
7.9099998 0.39797759 -0.64175534 0.22165155 0.38459852 -28.531111 0 
7.9200001 0.39903316 -0.64557064 0.22404322 0.38580585 -28.521538 0 
7.9299998 0.40009019 -0.64940315 0.22645582 0.38701451 -28.511862 0 
7.9400001 0.40114868 -0.65325296 0.22888952 0.38822439 -28.502083 0 
7.9499998 0.40220863 -0.65711993 0.23134445 0.38943553 -28.492205 0 
7.96 0.40327001 -0.66100419 0.23382074 0.39064786 -28.482222 0 
7.9699998 0.40433282 -0.66490585 0.23631853 0.39186141 -28.472141 0 
7.98 0.40539709 -0.66882473 0.23883793 0.39307615 -28.461956 0 
7.9899998 0.40646276 -0.67276084 0.24137908 0.39429206 -28.451666 0 
8 0.40752986 -0.67671436 0.24394214 0.39550909 -28.441277 0 
8.0100002 0.40859836 -0.68068528 0.24652722 0.39672726 -28.430784 0 
8.0200005 0.4096683 -0.68467349 0.24913445 0.39794657 -28.420187 0 
8.0299997 0.4107396 -0.68867904 0.251764 0.39916691 -28.409491 0 
8.04 0.41181228 -0.692702 0.25441599 0.40038839 -28.398689 0 
8.0500002 0.41288635 -0.6967423 0.25709054 0.40161082 -28.387783 0 
8.0600004 0.4139618 -0.70080006 0.25978777 0.40283433 -28.376774 0 
8.0699997 0.41503856 -0.70487517 0.26250789 0.40405884 -28.365664 0 
8.0799999 0.41611671 -0.70896763 0.26525095 0.40528432 -28.354446 0 
8.0900002 0.41719621 -0.71307755 0.26801714 0.40651071 -28.343128 0 
8.1000004 0.41827703 -0.71720481 0.27080658 0.40773809 -28.331703 0 
8.1099997 0.41935918 -0.7213496 0.27361944 0.40896639 -28.320177 0 
8.1199999 0.42044264 -0.72551167 0.27645579 0.41019553 -28.308544 0 
8.1300001 0.42152742 -0.72969121 0.27931583 0.41142556 -28.296808 0 
8.1400003 0.4226135 -0.73388815 0.28219965 0.41265646 -28.284967 0 
8.1499996 0.42370081 -0.73810256 0.28510743 0.41388816 -28.27302 0 
8.1599998 0.42478946 -0.74233431 0.28803933 0.4151206 -28.260969 0 
8.1700001 0.42587936 -0.74658346 0.29099542 0.41635391 -28.248814 0 
8.1800003 0.42697051 -0.75085002 0.29397586 0.41758788 -28.236553 0 
8.1899996 0.42806292 -0.75513387 0.29698083 0.41882262 -28.224186 0 
8.1999998 0.42915654 -0.75943524 0.30001041 0.42005804 -28.211714 0 
8.21 0.43025139 -0.76375389 0.30306479 0.42129409 -28.199135 0 
8.2200003 0.43134749 -0.76809001 0.30614412 0.42253086 -28.186451 0 
8.2299995 0.43244481 -0.77244347 0.30924848 0.42376822 -28.173662 0 
8.2399998 0.43354326 -0.77681416 0.31237808 0.42500618 -28.160765 0 
8.25 0.43464291 -0.78120232 0.31553298 0.42624468 -28.147764 0 
8.2600002 0.43574378 -0.78560776 0.3187134 0.42748371 -28.134655 0 
8.2700005 0.43684575 -0.79003042 0.32191944 0.42872331 -28.121441 0 
8.2799997 0.43794888 -0.79447043 0.32515123 0.42996335 -28.108118 0 
8.29 0.43905321 -0.79892766 0.32840896 0.43120381 -28.09469 0 
8.3000002 0.44015858 -0.80340213 0.33169273 0.43244475 -28.081154 0 
8.3100004 0.44126511 -0.80789387 0.33500269 0.43368614 -28.067511 0 
8.3199997 0.44237274 -0.8124029 0.33833897 0.43492779 -28.053762 0 
8.3299999 0.44348145 -0.81692904 0.34170178 0.43616986 -28.039904 0 
8.3400002 0.44459122 -0.82147229 0.34509116 0.43741223 -28.025938 0 
8.3500004 0.44570208 -0.82603276 0.34850731 0.43865487 -28.011866 0 
8.3599997 0.44681394 -0.83061022 0.35195041 0.43989778 -27.997684 0 
8.3699999 0.44792691 -0.83520484 0.35542056 0.44114089 -27.983397 0 
8.3800001 0.44904086 -0.83981651 0.35891783 0.44238418 -27.969 0 
8.3900003 0.45015582 -0.84444517 0.36244249 0.44362769 -27.954493 0 
8.3999996 0.45127177 -0.84909081 0.36599463 0.44487128 -27.93988 0 
8.4099998 0.4523887 -0.85375345 0.3695744 0.44611496 -27.925159 0 
8.4200001 0.45350665 -0.85843295 0.37318191 0.44735873 -27.910328 0 
8.4300003 0.45462555 -0.86312938 0.37681735 0.44860253 -27.89539 0 
8.4399996 0.45574534 -0.86784267 0.38048083 0.44984633 -27.880342 0 
8.4499998 0.45686606 -0.87257266 0.3841725 0.4510901 -27.865185 0 
8.46 0.45798773 -0.87731951 0.38789248 0.45233381 -27.849916 0 
8.4700003 0.45911026 -0.88208306 0.39164102 0.4535774 -27.834543 0 
8.4799995 0.46023372 -0.88686323 0.39541814 0.45482087 -27.819057 0 
8.4899998 0.46135801 -0.89166009 0.39922404 0.45606416 -27.803463 0 
8.5 0.46248314 -0.89647347 0.40305883 0.45730728 -27.787758 0 
8.5100002 0.46360913 -0.90130341 0.4069227 0.45855013 -27.771942 0 
8.5200005 0.46473593 -0.90614986 0.41081578 0.45979273 -27.75602 0 
8.5299997 0.46586353 -0.91101271 0.41473818 0.46103498 -27.739986 0 
8.54 0.46699193 -0.91589195 0.41869009 0.46227694 -27.723841 0 
8.5500002 0.46812111 -0.92078745 0.42267162 0.4635185 -27.707586 0 
8.5600004 0.46925107 -0.92569935 0.42668295 0.46475962 -27.691221 0 
8.5699997 0.47038168 -0.93062741 0.43072414 0.46600029 -27.674746 0 
8.5799999 0.47151309 -0.93557149 0.43479544 0.46724045 -27.658159 0 
8.5900002 0.47264519 -0.94053179 0.43889695 0.46848011 -27.64146 0 
8.6000004 0.47377798 -0.94550806 0.44302881 0.4697192 -27.624653 0 
8.6099997 0.47491142 -0.95050025 0.44719112 0.47095767 -27.607735 0 
8.6199999 0.47604549 -0.95550841 0.4513841 0.47219548 -27.590706 0 
8.6300001 0.47718027 -0.96053231 0.45560783 0.47343263 -27.573561 0 
8.6400003 0.47831562 -0.965572 0.4598625 0.47466901 -27.556309 0 
8.6499996 0.47945157 -0.97062731 0.46414822 0.47590464 -27.538946 0 
8.6599998 0.48058808 -0.97569835 0.46846521 0.47713947 -27.521471 0 
8.6700001 0.48172522 -0.98078483 0.47281349 0.47837344 -27.503881 0 
8.6800003 0.48286283 -0.98588669 0.47719327 0.47960651 -27.486183 0 
8.6899996 0.48400101 -0.99100399 0.4816047 0.48083866 -27.468372 0 
8.6999998 0.48513967 -0.99613655 0.48604786 0.48206982 -27.450449 0 
8.71 0.4862788 -1.0012842 0.49052298 0.48329997 -27.432411 0 
8.7200003 0.48741844 -1.0064472 0.49503013 0.48452905 -27.414263 0 
8.7299995 0.4885585 -1.0116252 0.49956951 0.48575702 -27.396004 0 
8.7399998 0.48969901 -1.0168179 0.50414121 0.48698387 -27.377634 0 
8.75 0.49083987 -1.0220257 0.50874543 0.48820949 -27.359146 0 
8.7600002 0.49198118 -1.027248 0.5133822 0.48943385 -27.340549 0 
8.7700005 0.49312279 -1.0324851 0.5180518 0.49065697 -27.32184 0 
8.7799997 0.49426478 -1.0377368 0.52275425 0.49187875 -27.303017 0 
8.79 0.49540707 -1.043003 0.52748984 0.49309915 -27.284081 0 
8.8000002 0.4965497 -1.0482833 0.53225851 0.49431813 -27.265032 0 
8.8100004 0.49769258 -1.0535781 0.53706056 0.49553564 -27.245869 0 
8.8199997 0.49883574 -1.058887 0.54189605 0.49675161 -27.226593 0 
8.8299999 0.49997911 -1.0642099 0.54676515 0.49796605 -27.207205 0 
8.8400002 0.50112271 -1.0695467 0.55166799 0.49917886 -27.187702 0 
8.8500004 0.50226647 -1.0748973 0.55660468 0.50038999 -27.168087 0 
8.8599997 0.50341046 -1.0802616 0.56157541 0.50159937 -27.148357 0 
8.8699999 0.50455451 -1.0856396 0.5665803 0.50280708 -27.128517 0 
8.8800001 0.50569874 -1.091031 0.57161945 0.50401294 -27.108561 0 
8.8900003 0.50684309 -1.0964357 0.57669306 0.50521696 -27.08849 0 
8.8999996 0.50798744 -1.1018537 0.58180124 0.506419 -27.068308 0 
8.9099998 0.50913191 -1.1072847 0.58694404 0.50761914 -27.048008 0 
8.9200001 0.51027638 -1.1127287 0.59212178 0.5088172 -27.027596 0 
8.9300003 0.51142085 -1.1181855 0.59733438 0.51001322 -27.007072 0 
8.9399996 0.51256526 -1.1236551 0.60258216 0.51120716 -26.986433 0 
8.9499998 0.51370966 -1.1291372 0.60786515 0.5123989 -26.965679 0 
8.96 0.51485401 -1.1346318 0.6131835 0.51358837 -26.944809 0 
8.9700003 0.51599824 -1.1401385 0.61853737 0.51477563 -26.923826 0 
8.9799995 0.51714236 -1.1456575 0.62392682 0.51596051 -26.902729 0 
8.9899998 0.51828635 -1.1511885 0.62935209 0.51714301 -26.881517 0 
9 0.5194301 -1.1567312 0.63481319 0.51832306 -26.860191 0 
9.0100002 0.52057374 -1.1622858 0.64031041 0.51950055 -26.838749 0 
9.0200005 0.52171707 -1.1678519 0.64584374 0.52067554 -26.817194 0 
9.0299997 0.52286017 -1.1734295 0.65141338 0.52184796 -26.795525 0 
9.04 0.52400297 -1.1790181 0.65701944 0.52301764 -26.773739 0 
9.0500002 0.52514553 -1.184618 0.66266197 0.52418458 -26.751839 0 
9.0600004 0.52628773 -1.1902287 0.66834116 0.52534872 -26.729826 0 
9.0699997 0.52742952 -1.1958501 0.67405725 0.52651006 -26.707697 0 
9.0799999 0.52857095 -1.2014822 0.67981023 0.52766848 -26.685453 0 
9.0900002 0.52971196 -1.2071247 0.68560028 0.52882391 -26.663094 0 
9.1000004 0.53085256 -1.2127774 0.69142747 0.52997631 -26.640619 0 
9.1099997 0.53199261 -1.2184402 0.69729197 0.53112566 -26.618029 0 
9.1199999 0.5331322 -1.2241129 0.70319384 0.5322718 -26.595325 0 
9.1300001 0.53427124 -1.2297953 0.70913327 0.53341472 -26.572504 0 
9.1400003 0.53540975 -1.2354872 0.71511042 0.53455442 -26.549568 0 
9.1499996 0.5365476 -1.2411884 0.72112542 0.53569078 -26.526518 0 
9.1599998 0.53768492 -1.2468989 0.72717816 0.53682375 -26.503355 0 
9.1700001 0.53882152 -1.2526182 0.7332691 0.5379532 -26.480074 0 
9.1800003 0.53995746 -1.2583463 0.73939812 0.53907913 -26.456676 0 
9.1899996 0.54109263 -1.264083 0.74556535 0.54020149 -26.433167 0 
9.1999998 0.54222715 -1.2698281 0.75177097 0.54132015 -26.40954 0 
9.21 0.54336083 -1.2755814 0.75801516 0.54243511 -26.385798 0 
9.2200003 0.54449368 -1.2813425 0.7642979 0.54354632 -26.36194 0 
9.2299995 0.54562575 -1.2871115 0.77061939 0.54465359 -26.337967 0 
9.2399998 0.54675692 -1.2928879 0.7769798 0.545757 -26.313879 0 
9.25 0.54788721 -1.2986717 0.78337908 0.54685634 -26.289677 0 
9.2600002 0.54901654 -1.3044626 0.78981745 0.54795164 -26.265356 0 
9.2700005 0.55014491 -1.3102604 0.79629499 0.54904282 -26.240923 0 
9.2799997 0.55127221 -1.3160648 0.8028118 0.55012983 -26.216373 0 
9.29 0.55239856 -1.3218757 0.80936801 0.55121255 -26.191708 0 
9.3000002 0.55352378 -1.3276929 0.81596375 0.55229092 -26.166927 0 
9.3100004 0.55464798 -1.3335159 0.82259905 0.55336487 -26.142031 0 
9.3199997 0.55577099 -1.3393446 0.82927406 0.5544343 -26.117018 0 
9.3299999 0.55689281 -1.345179 0.83598894 0.5554992 -26.091892 0 
9.3400002 0.55801344 -1.3510185 0.84274369 0.55655944 -26.066648 0 
9.3500004 0.55913281 -1.356863 0.84953845 0.55761504 -26.041292 0 
9.3599997 0.56025094 -1.3627124 0.85637343 0.55866581 -26.01582 0 
9.3699999 0.56136769 -1.3685663 0.86324859 0.55971175 -25.990231 0 
9.3800001 0.56248313 -1.3744243 0.8701641 0.56075275 -25.964527 0 
9.3900003 0.5635972 -1.3802866 0.87711996 0.56178874 -25.938709 0 
9.3999996 0.56470984 -1.3861524 0.88411635 0.56281966 -25.912773 0 
9.4099998 0.56582099 -1.3920217 0.89115334 0.56384546 -25.886723 0 
9.4200001 0.56693071 -1.3978943 0.89823103 0.56486595 -25.860559 0 
9.4300003 0.56803882 -1.4037696 0.90534955 0.56588119 -25.834278 0 
9.4399996 0.56914538 -1.4096479 0.91250902 0.56689095 -25.807884 0 
9.4499998 0.57025033 -1.4155283 0.91970938 0.56789535 -25.781372 0 
9.46 0.57135367 -1.421411 0.92695075 0.56889415 -25.754749 0 
9.4700003 0.57245529 -1.4272954 0.93423337 0.56988734 -25.72801 0 
9.4799995 0.57355517 -1.4331815 0.94155717 0.57087475 -25.701153 0 
9.4899998 0.57465333 -1.4390687 0.94892228 0.5718565 -25.674183 0 
9.5 0.5757497 -1.444957 0.95632887 0.57283223 -25.647097 0 
9.5100002 0.57684422 -1.4508457 0.96377689 0.57380211 -25.6199 0 
9.5200005 0.57793677 -1.456735 0.97126645 0.57476592 -25.592583 0 
9.5299997 0.57902753 -1.4626244 0.97879767 0.57572359 -25.565155 0 
9.54 0.58011621 -1.4685133 0.98637056 0.57667506 -25.537611 0 
9.5500002 0.58120292 -1.4744017 0.99398535 0.57762021 -25.509954 0 
9.5600004 0.58228761 -1.4802892 1.0016419 0.57855904 -25.482182 0 
9.5699997 0.58337021 -1.4861758 1.0093405 0.57949138 -25.454294 0 
9.5799999 0.58445066 -1.4920604 1.017081 0.58041722 -25.426292 0 
9.5900002 0.58552897 -1.4979435 1.0248636 0.58133638 -25.398176 0 
9.6000004 0.58660507 -1.5038244 1.0326884 0.58224881 -25.369947 0 
9.6099997 0.58767891 -1.5097027 1.0405554 0.58315438 -25.341604 0 
9.6199999 0.58875042 -1.5155782 1.0484645 0.58405316 -25.313147 0 
9.6300001 0.58981961 -1.5214505 1.056416 0.5849449 -25.284576 0 
9.6400003 0.59088641 -1.5273191 1.06441 0.58582956 -25.255888 0 
9.6499996 0.59195077 -1.5331841 1.0724465 0.586707 -25.227091 0 
9.6599998 0.59301269 -1.5390447 1.0805253 0.58757722 -25.198177 0 
9.6700001 0.5940721 -1.5449008 1.0886468 0.58844012 -25.169151 0 
9.6800003 0.59512889 -1.5507518 1.0968108 0.58929557 -25.140015 0 
9.6899996 0.59618312 -1.5565978 1.1050175 0.59014344 -25.11076 0 
9.6999998 0.59723467 -1.562438 1.1132671 0.59098369 -25.081394 0 
9.71 0.59828359 -1.5682721 1.1215593 0.59181625 -25.051918 0 
9.7200003 0.59932971 -1.5740998 1.1298941 0.59264094 -25.022326 0 
9.7299995 0.60037303 -1.5799209 1.138272 0.59345776 -24.99262 0 
9.7399998 0.60141355 -1.5857346 1.1466928 0.59426653 -24.962805 0 
9.75 0.60245115 -1.5915408 1.1551564 0.5950672 -24.932877 0 
9.7600002 0.60348582 -1.5973393 1.163663 0.59585971 -24.902836 0 
9.7700005 0.60451758 -1.6031291 1.1722126 0.59664387 -24.872681 0 
9.7799997 0.6055463 -1.6089104 1.1808052 0.59741962 -24.842417 0 
9.79 0.60657191 -1.6146826 1.1894408 0.59818685 -24.81204 0 
9.8000002 0.60759437 -1.6204451 1.1981196 0.5989455 -24.781551 0 
9.8100004 0.60861367 -1.6261978 1.2068416 0.5996955 -24.750948 0 
9.8199997 0.60962981 -1.6319402 1.2156065 0.60043663 -24.720238 0 
9.8299999 0.61064267 -1.6376717 1.2244147 0.60116887 -24.689415 0 
9.8400002 0.6116522 -1.6433921 1.233266 0.60189211 -24.65848 0 
9.8500004 0.61265832 -1.649101 1.2421606 0.6026063 -24.627434 0 
9.8599997 0.61366111 -1.6547977 1.2510983 0.60331118 -24.596277 0 
9.8699999 0.61466032 -1.6604819 1.2600791 0.60400677 -24.565012 0 
9.8800001 0.61565608 -1.6661534 1.2691034 0.604693 -24.533634 0 
9.8900003 0.61664826 -1.6718115 1.2781707 0.60536963 -24.50215 0 
9.8999996 0.61763686 -1.6774558 1.2872814 0.60603666 -24.470552 0 
9.9099998 0.61862171 -1.6830858 1.2964352 0.60669398 -24.438847 0 
9.9200001 0.61960292 -1.6887013 1.3056322 0.60734141 -24.407028 0 
9.9300003 0.62058026 -1.6943014 1.3148726 0.60797888 -24.375105 0 
9.9399996 0.62155384 -1.6998861 1.3241562 0.60860634 -24.343069 0 
9.9499998 0.62252349 -1.7054546 1.333483 0.6092236 -24.310925 0 
9.96 0.6234892 -1.7110066 1.342853 0.60983056 -24.278671 0 
9.9700003 0.62445098 -1.7165418 1.3522661 0.6104272 -24.246313 0 
9.9799995 0.62540865 -1.7220592 1.3617225 0.61101323 -24.213842 0 
9.9899998 0.62636226 -1.727559 1.3712219 0.61158872 -24.181267 0 
10 0.62731171 -1.7330402 1.3807644 0.61215353 -24.148581 0 
10.01 0.62825692 -1.7385024 1.3903503 0.61270744 -24.115788 0 
10.02 0.62919796 -1.7439451 1.399979 0.61325037 -24.08289 0 
10.03 0.63013458 -1.7493681 1.4096508 0.61378229 -24.049881 0 
10.04 0.63106686 -1.7547706 1.4193658 0.61430305 -24.016768 0 
10.05 0.63199466 -1.7601522 1.4291235 0.61481249 -23.983547 0 
10.06 0.63291806 -1.7655123 1.4389244 0.61531049 -23.95022 0 
10.07 0.63383693 -1.7708505 1.4487681 0.61579698 -23.916786 0 
10.08 0.63475114 -1.7761663 1.4586546 0.61627185 -23.883249 0 
10.09 0.63566065 -1.781459 1.4685839 0.61673492 -23.849606 0 
10.1 0.63656551 -1.7867283 1.478556 0.61718619 -23.815855 0 
10.11 0.6374656 -1.7919735 1.4885709 0.61762542 -23.782001 0 
10.12 0.63836086 -1.7971939 1.4986284 0.61805248 -23.748043 0 
10.13 0.63925123 -1.8023895 1.5087283 0.61846733 -23.71398 0 
10.14 0.6401366 -1.8075593 1.5188709 0.6188699 -23.679813 0 
10.15 0.64101696 -1.8127029 1.5290558 0.61925989 -23.64554 0 
10.16 0.64189237 -1.8178198 1.5392832 0.61963737 -23.611168 0 
10.17 0.64276254 -1.8229092 1.5495528 0.62000203 -23.576689 0 
10.18 0.64362752 -1.8279709 1.5598646 0.62035394 -23.542109 0 
10.19 0.64448732 -1.8330041 1.5702187 0.62069279 -23.507425 0 
10.2 0.64534175 -1.8380084 1.5806148 0.62101859 -23.472641 0 
10.21 0.64619082 -1.842983 1.5910529 0.62133116 -23.437752 0 
10.22 0.64703453 -1.8479275 1.6015326 0.62163037 -23.402765 0 
10.23 0.64787269 -1.852841 1.6120543 0.62191617 -23.367674 0 
10.24 0.6487053 -1.8577235 1.6226176 0.62218833 -23.332483 0 
10.25 0.64953226 -1.8625739 1.6332227 0.62244678 -23.297192 0 
10.26 0.65035355 -1.8673917 1.643869 0.62269127 -23.261801 0 
10.27 0.65116918 -1.8721765 1.6545569 0.62292188 -23.226309 0 
10.28 0.65197891 -1.8769276 1.6652858 0.62313837 -23.19072 0 
10.29 0.6527828 -1.8816444 1.676056 0.62334061 -23.155029 0 
10.3 0.65358073 -1.8863262 1.6868671 0.62352848 -23.11924 0 
10.31 0.65437275 -1.8909725 1.6977192 0.62370181 -23.083355 0 
10.32 0.65515864 -1.8955826 1.7086121 0.62386054 -23.047369 0 
10.33 0.65593845 -1.9001558 1.7195455 0.62400454 -23.011286 0 
10.34 0.65671206 -1.9046916 1.7305194 0.62413359 -22.975109 0 
10.35 0.65747941 -1.9091893 1.7415338 0.62424761 -22.938831 0 
10.36 0.65824038 -1.9136485 1.752588 0.62434644 -22.902458 0 
10.37 0.65899497 -1.9180682 1.7636826 0.62443 -22.865992 0 
10.38 0.65974319 -1.9224479 1.7748169 0.62449807 -22.829428 0 
10.39 0.66048479 -1.926787 1.7859911 0.62455064 -22.792768 0 
10.4 0.66121984 -1.9310848 1.7972047 0.62458748 -22.756016 0 
10.41 0.66194832 -1.9353405 1.808458 0.62460846 -22.719168 0 
10.42 0.66267002 -1.9395537 1.8197504 0.6246134 -22.682226 0 
10.43 0.66338491 -1.9437236 1.8310817 0.62460232 -22.645191 0 
10.44 0.66409296 -1.9478494 1.842452 0.6245749 -22.608065 0 
10.45 0.66479409 -1.9519306 1.8538612 0.62453109 -22.570845 0 
10.46 0.66548818 -1.9559666 1.8653086 0.62447077 -22.533531 0 
10.47 0.66617537 -1.9599565 1.8767945 0.62439376 -22.496128 0 
10.48 0.66685528 -1.9638999 1.8883185 0.62429988 -22.458635 0 
10.49 0.66752797 -1.9677957 1.8998805 0.62418908 -22.421049 0 
10.5 0.66819346 -1.9716434 1.9114802 0.62406117 -22.383373 0 
10.51 0.66885161 -1.9754423 1.9231174 0.62391603 -22.345608 0 
10.52 0.66950244 -1.9791917 1.9347918 0.62375343 -22.307755 0 
10.53 0.67014563 -1.982891 1.9465034 0.62357336 -22.26981 0 
10.54 0.67078137 -1.9865391 1.9582517 0.62337559 -22.231781 0 
10.55 0.67140955 -1.9901359 1.9700369 0.62315995 -22.193663 0 
10.56 0.67202991 -1.99368 1.9818581 0.62292635 -22.155457 0 
10.57 0.67264253 -1.9971713 1.9937158 0.6226747 -22.117167 0 
10.58 0.6732474 -2.0006087 2.005609 0.62240469 -22.078787 0 
10.59 0.67384428 -2.0039914 2.0175383 0.62211639 -22.040325 0 
10.6 0.67443323 -2.0073187 2.0295029 0.62180942 -22.001778 0 
10.61 0.67501414 -2.0105903 2.0415025 0.6214838 -21.963144 0 
10.62 0.67558694 -2.0138047 2.0535371 0.62113929 -21.924427 0 
10.63 0.67615151 -2.0169618 2.0656061 0.62077582 -21.885628 0 
10.64 0.6767078 -2.0200605 2.0777097 0.62039316 -21.846745 0 
10.65 0.67725575 -2.0231001 2.0898473 0.61999118 -21.807781 0 
10.66 0.67779535 -2.0260799 2.1020186 0.61956978 -21.768736 0 
10.67 0.67832643 -2.0289991 2.1142232 0.61912876 -21.729609 0 
10.68 0.67884898 -2.031857 2.1264613 0.61866796 -21.690399 0 
10.69 0.67936283 -2.0346527 2.1387322 0.61818731 -21.651112 0 
10.7 0.67986798 -2.0373855 2.1510355 0.61768657 -21.611746 0 
10.71 0.68036437 -2.0400546 2.1633711 0.61716563 -21.5723 0 
10.72 0.68085194 -2.0426588 2.1757388 0.61662424 -21.532776 0 
10.73 0.6813305 -2.045198 2.188138 0.6160624 -21.493177 0 
10.74 0.68180013 -2.0476713 2.2005687 0.61547989 -21.453501 0 
10.75 0.68226063 -2.0500774 2.2130301 0.61487651 -21.413746 0 
10.76 0.68271202 -2.0524161 2.2255223 0.61425215 -21.373919 0 
10.77 0.68315411 -2.0546858 2.2380445 0.61360663 -21.334015 0 
10.78 0.6835869 -2.0568867 2.2505968 0.61293989 -21.294037 0 
10.79 0.68401027 -2.0590172 2.2631788 0.61225158 -21.253986 0 
10.8 0.68442434 -2.0610769 2.2757897 0.61154175 -21.213861 0 
10.81 0.68482864 -2.0630646 2.2884297 0.6108101 -21.173666 0 
10.82 0.68522352 -2.0649798 2.3010979 0.61005652 -21.133396 0 
10.83 0.68560863 -2.0668216 2.3137941 0.60928082 -21.09306 0 
10.84 0.68598396 -2.0685892 2.3265183 0.60848296 -21.05265 0 
10.85 0.68634939 -2.0702815 2.3392696 0.60766268 -21.012173 0 
10.86 0.68670499 -2.071898 2.3520477 0.60681975 -20.971626 0 
10.87 0.68705058 -2.0734377 2.3648524 0.60595417 -20.931009 0 
10.88 0.68738604 -2.0748997 2.3776832 0.6050657 -20.890329 0 
10.89 0.68771136 -2.0762832 2.3905396 0.60415411 -20.849581 0 
10.9 0.68802637 -2.0775876 2.4034212 0.60321939 -20.808765 0 
10.91 0.68833113 -2.0788114 2.4163275 0.60226125 -20.767887 0 
10.92 0.68862551 -2.0799546 2.4292583 0.60127968 -20.726942 0 
10.93 0.68890941 -2.0810156 2.4422128 0.60027426 -20.685936 0 
10.94 0.68918276 -2.0819938 2.4551909 0.59924513 -20.644865 0 
10.95 0.68944544 -2.0828884 2.4681919 0.59819192 -20.603733 0 
10.96 0.68969744 -2.0836983 2.4812155 0.5971145 -20.56254 0 
10.97 0.68993866 -2.0844231 2.494261 0.59601277 -20.521286 0 
10.98 0.69016892 -2.0850613 2.5073283 0.59488648 -20.479973 0 
10.99 0.69038838 -2.0856125 2.5204165 0.59373564 -20.438599 0 
11 0.6905967 -2.0860758 2.5335255 0.59255981 -20.397169 0 
11.01 0.69079399 -2.0864499 2.5466545 0.59135908 -20.35568 0 
11.02 0.69098002 -2.0867343 2.559803 0.59013319 -20.314135 0 
11.03 0.69115478 -2.0869279 2.5729706 0.58888191 -20.272535 0 
11.04 0.69131827 -2.0870299 2.5861566 0.58760518 -20.230881 0 
11.05 0.69147032 -2.0870392 2.5993612 0.58630276 -20.189171 0 
11.06 0.69161081 -2.0869553 2.6125824 0.58497453 -20.147408 0 
11.07 0.69173974 -2.0867767 2.6258214 0.58362025 -20.105593 0 
11.08 0.69185704 -2.0865033 2.6390765 0.58223981 -20.063725 0 
11.09 0.69196248 -2.0861335 2.6523471 0.58083308 -20.021809 0 
11.1 0.69205624 -2.0856667 2.665633 0.57939988 -19.979841 0 
11.11 0.69213796 -2.0851018 2.6789339 0.57793999 -19.937826 0 
11.12 0.69220781 -2.0844381 2.6922491 0.57645333 -19.895761 0 
11.13 0.69226551 -2.0836747 2.7055776 0.57493961 -19.853651 0 
11.14 0.69231105 -2.0828104 2.718919 0.57339871 -19.811495 0 
11.15 0.69234437 -2.0818443 2.7322729 0.57183051 -19.769291 0 
11.16 0.69236541 -2.0807757 2.7456381 0.57023478 -19.727045 0 
11.17 0.69237399 -2.0796037 2.7590146 0.56861138 -19.684753 0 
11.18 0.69237018 -2.0783272 2.7724018 0.56696022 -19.64242 0 
11.19 0.69235373 -2.0769451 2.7857988 0.56528097 -19.600046 0 
11.2 0.6923247 -2.0754569 2.7992048 0.5635736 -19.557631 0 
11.21 0.69228297 -2.0738611 2.8126194 0.56183785 -19.515175 0 
11.22 0.69222838 -2.0721574 2.8260424 0.56007367 -19.472681 0 
11.23 0.6921609 -2.0703447 2.8394723 0.55828071 -19.430149 0 
11.24 0.6920805 -2.0684216 2.8529086 0.55645895 -19.387579 0 
11.25 0.6919871 -2.0663874 2.8663509 0.55460823 -19.344976 0 
11.26 0.69188052 -2.0642416 2.8797984 0.5527283 -19.302336 0 
11.27 0.69176084 -2.0619826 2.8932507 0.55081898 -19.259663 0 
11.28 0.69162774 -2.0596099 2.9067061 0.54888016 -19.216955 0 
11.29 0.69148135 -2.0571222 2.9201651 0.54691166 -19.174217 0 
11.3 0.69132155 -2.0545189 2.9336262 0.54491329 -19.131447 0 
11.31 0.69114816 -2.0517988 2.9470892 0.54288489 -19.088648 0 
11.32 0.69096118 -2.0489612 2.9605529 0.54082632 -19.04582 0 
11.33 0.69076049 -2.0460045 2.9740169 0.53873742 -19.002964 0 
11.34 0.6905461 -2.0429287 2.9874802 0.53661793 -18.960081 0 
11.35 0.69031781 -2.0397322 3.0009422 0.53446776 -18.917173 0 
11.36 0.69007558 -2.0364141 3.0144017 0.5322867 -18.874239 0 
11.37 0.6898194 -2.0329738 3.0278585 0.53007466 -18.831282 0 
11.38 0.68954915 -2.0294099 3.0413117 0.52783138 -18.788301 0 
11.39 0.68926466 -2.0257218 3.0547602 0.52555674 -18.745302 0 
11.4 0.68896598 -2.0219083 3.068203 0.52325052 -18.70228 0 
11.41 0.68865299 -2.0179684 3.08164 0.52091265 -18.659239 0 
11.42 0.68832558 -2.0139015 3.0950701 0.51854289 -18.616179 0 
11.43 0.68798363 -2.0097063 3.1084921 0.51614112 -18.573103 0 
11.44 0.68762714 -2.0053821 3.1219056 0.5137071 -18.53001 0 
11.45 0.68725604 -2.0009274 3.1353095 0.51124072 -18.486904 0 
11.46 0.68687022 -1.9963421 3.1487033 0.5087418 -18.443783 0 
11.47 0.68646961 -1.9916245 3.1620855 0.50621021 -18.400648 0 
11.48 0.68605411 -1.9867741 3.1754553 0.50364566 -18.357504 0 
11.49 0.68562371 -1.9817896 3.1888125 0.50104815 -18.314348 0 
11.5 0.68517822 -1.9766703 3.2021556 0.49841741 -18.271183 0 
11.51 0.6847176 -1.9714152 3.2154837 0.49575332 -18.228012 0 
11.52 0.68424183 -1.9660231 3.2287965 0.4930557 -18.184832 0 
11.53 0.68375075 -1.9604934 3.2420921 0.49032435 -18.141647 0 
11.54 0.68324441 -1.9548252 3.2553701 0.48755917 -18.098457 0 
11.55 0.68272263 -1.949017 3.2686296 0.48475999 -18.055264 0 
11.56 0.68218535 -1.9430683 3.2818694 0.48192662 -18.01207 0 
11.57 0.68163252 -1.9369782 3.2950888 0.47905886 -17.968872 0 
11.58 0.68106395 -1.9307455 3.3082867 0.47615662 -17.925678 0 
11.59 0.68047976 -1.9243692 3.3214617 0.47321969 -17.882483 0 
11.6 0.67987978 -1.9178487 3.3346136 0.47024798 -17.839293 0 
11.61 0.67926389 -1.9111828 3.3477409 0.46724123 -17.796104 0 
11.62 0.67863208 -1.9043705 3.3608427 0.46419933 -17.752924 0 
11.63 0.67798418 -1.8974112 3.3739178 0.46112216 -17.709747 0 
11.64 0.6773203 -1.8903036 3.3869653 0.45800945 -17.666578 0 
11.65 0.67664021 -1.883047 3.3999844 0.45486116 -17.623419 0 
11.66 0.67594385 -1.8756403 3.4129736 0.45167708 -17.580271 0 
11.67 0.67523122 -1.8680828 3.4259319 0.44845703 -17.537134 0 
11.68 0.67450219 -1.8603734 3.4388583 0.44520089 -17.494011 0 
11.69 0.67375666 -1.852511 3.4517519 0.44190854 -17.450901 0 
11.7 0.67299467 -1.8444951 3.4646115 0.43857974 -17.407806 0 
11.71 0.67221612 -1.8363245 3.4774361 0.43521437 -17.364729 0 
11.72 0.67142081 -1.8279983 3.4902236 0.43181229 -17.321669 0 
11.73 0.67060888 -1.8195156 3.5029743 0.42837334 -17.278629 0 
11.74 0.66978002 -1.8108757 3.5156863 0.42489737 -17.235609 0 
11.75 0.66893429 -1.8020773 3.5283587 0.42138419 -17.19261 0 
11.76 0.66807169 -1.7931199 3.5409899 0.41783375 -17.149635 0 
11.77 0.66719204 -1.7840024 3.5535796 0.41424578 -17.106688 0 
11.78 0.66629535 -1.774724 3.5661254 0.41062021 -17.063765 0 
11.79 0.66538149 -1.7652835 3.5786269 0.40695685 -17.020868 0 
11.8 0.66445035 -1.7556804 3.5910828 0.40325561 -16.978001 0 
11.81 0.66350198 -1.7459137 3.6034918 0.39951628 -16.935162 0 
11.82 0.66253632 -1.7359825 3.6158526 0.39573872 -16.892357 0 
11.83 0.6615532 -1.725886 3.6281641 0.39192286 -16.849585 0 
11.84 0.66055268 -1.7156231 3.640425 0.38806847 -16.806847 0 
11.85 0.65953457 -1.7051934 3.6526337 0.38417545 -16.764143 0 
11.86 0.65849882 -1.6945956 3.6647894 0.38024366 -16.721478 0 
11.87 0.65744543 -1.6838288 3.6768909 0.37627295 -16.678852 0 
11.88 0.65637434 -1.6728926 3.6889362 0.37226316 -16.636265 0 
11.89 0.65528548 -1.6617857 3.7009251 0.36821419 -16.593719 0 
11.9 0.65417874 -1.6505078 3.7128551 0.36412591 -16.551216 0 
11.91 0.65305412 -1.6390575 3.7247255 0.35999811 -16.508759 0 
11.92 0.65191162 -1.6274344 3.7365348 0.35583079 -16.466345 0 
11.93 0.65075099 -1.6156373 3.7482815 0.35162368 -16.423981 0 
11.94 0.64957231 -1.6036658 3.7599647 0.3473767 -16.381662 0 
11.95 0.64837551 -1.5915189 3.7715826 0.34308976 -16.339397 0 
11.96 0.64716053 -1.5791956 3.783134 0.33876267 -16.297182 0 
11.97 0.64592731 -1.5666956 3.7946174 0.33439535 -16.255018 0 
11.98 0.64467579 -1.5540178 3.8060312 0.32998762 -16.212912 0 
11.99 0.64340585 -1.5411613 3.8173745 0.32553941 -16.17086 0 
12 0.64211762 -1.5281255 3.8286452 0.32105058 -16.128866 0 
12.01 0.64081085 -1.5149099 3.8398421 0.31652102 -16.086929 0 
12.02 0.63948566 -1.5015134 3.8509643 0.31195056 -16.045055 0 
12.03 0.63814181 -1.4879351 3.8620095 0.30733916 -16.003242 0 
12.04 0.63677943 -1.4741747 3.8729768 0.3026866 -15.961493 0 
12.05 0.63539839 -1.4602313 3.8838644 0.29799286 -15.91981 0 
12.06 0.63399863 -1.446104 3.8946707 0.2932578 -15.878193 0 
12.07 0.63258016 -1.4317926 3.9053943 0.28848127 -15.836642 0 
12.08 0.63114285 -1.4172959 3.916034 0.28366321 -15.795163 0 
12.09 0.62968677 -1.4026133 3.9265878 0.27880347 -15.753755 0 
12.1 0.6282118 -1.3877443 3.9370542 0.27390197 -15.712419 0 
12.11 0.62671787 -1.3726881 3.9474318 0.26895857 -15.671157 0 
12.12 0.62520498 -1.3574439 3.9577186 0.26397324 -15.629971 0 
12.13 0.62367314 -1.3420115 3.9679136 0.25894579 -15.588862 0 
12.14 0.62212223 -1.3263897 3.9780147 0.25387618 -15.547833 0 
12.15 0.62055224 -1.3105782 3.9880209 0.24876431 -15.506885 0 
12.16 0.61896318 -1.2945763 3.9979298 0.24361002 -15.466018 0 
12.17 0.61735499 -1.2783834 4.00774 0.2384133 -15.425235 0 
12.18 0.61572754 -1.2619989 4.0174499 0.23317403 -15.384537 0 
12.19 0.61408097 -1.2454222 4.0270586 0.2278921 -15.343926 0 
12.2 0.61241502 -1.2286528 4.0365629 0.22256742 -15.303405 0 
12.21 0.61072987 -1.2116901 4.0459619 0.21719994 -15.262972 0 
12.22 0.60902542 -1.1945333 4.055254 0.21178955 -15.222631 0 
12.23 0.60730165 -1.1771823 4.0644374 0.20633619 -15.182384 0 
12.24 0.60555851 -1.1596363 4.0735102 0.20083976 -15.142232 0 
12.25 0.60379601 -1.1418948 4.0824709 0.19530019 -15.102176 0 
12.26 0.60201401 -1.1239574 4.0913177 0.18971741 -15.062219 0 
12.27 0.60021263 -1.1058234 4.1000485 0.18409133 -15.022361 0 
12.28 0.59839177 -1.0874926 4.1086612 0.17842193 -14.982604 0 
12.29 0.59655154 -1.0689642 4.1171551 0.17270909 -14.942951 0 
12.3 0.59469169 -1.0502381 4.1255279 0.16695277 -14.903403 0 
12.31 0.59281236 -1.0313137 4.1337771 0.1611529 -14.86396 0 
12.32 0.59091353 -1.0121905 4.1419015 0.15530942 -14.824626 0 
12.33 0.58899516 -0.99286819 4.1498995 0.1494223 -14.785401 0 
12.34 0.58705723 -0.97334629 4.1577687 0.14349145 -14.746287 0 
12.35 0.58509976 -0.95362461 4.1655073 0.13751684 -14.707288 0 
12.36 0.58312267 -0.93370253 4.1731133 0.13149841 -14.668402 0 
12.37 0.58112603 -0.91357994 4.1805859 0.12543614 -14.629632 0 
12.38 0.57910979 -0.89325631 4.1879215 0.11932995 -14.59098 0 
12.39 0.57707393 -0.87273145 4.1951189 0.11317983 -14.552447 0 
12.4 0.57501853 -0.85200506 4.2021761 0.10698572 -14.514037 0 
12.41 0.57294351 -0.83107674 4.2090917 0.10074759 -14.47575 0 
12.42 0.57084882 -0.80994636 4.2158628 0.094465442 -14.437586 0 
12.43 0.56873465 -0.7886135 4.2224879 0.088139206 -14.399549 0 
12.44 0.5666008 -0.76707804 4.2289648 0.08176887 -14.361639 0 
12.45 0.5644474 -0.74533975 4.235292 0.075354427 -14.323859 0 
12.46 0.56227446 -0.72339851 4.241467 0.068895854 -14.286212 0 
12.47 0.5600819 -0.70125389 4.2474875 0.062393121 -14.248696 0 
12.48 0.55786979 -0.67890596 4.2533517 0.055846229 -14.211315 0 
12.49 0.55563813 -0.65635437 4.259058 0.04925517 -14.174071 0 
12.5 0.55338693 -0.63359928 4.2646036 0.042619932 -14.136964 0 
12.51 0.55111623 -0.61064029 4.2699866 0.035940524 -14.099998 0 
12.52 0.54882604 -0.58747745 4.2752051 0.029216938 -14.063172 0 
12.53 0.54651636 -0.56411064 4.2802572 0.022449186 -14.02649 0 
12.54 0.54418725 -0.5405398 4.28514 0.015637273 -13.989953 0 
12.55 0.54183865 -0.516765 4.2898521 0.008781217 -13.953562 0 
12.56 0.53947073 -0.49278608 4.2943902 0.0018810325 -13.917319 0 
12.57 0.53708345 -0.4686031 4.2987537 -0.0050632604 -13.881227 0 
12.58 0.53467679 -0.4442161 4.3029394 -0.012051637 -13.845284 0 
12.59 0.53225082 -0.41962516 4.3069448 -0.019084068 -13.809497 0 
12.6 0.52980554 -0.39483029 4.3107686 -0.026160521 -13.773864 0 
12.61 0.52734107 -0.36983159 4.3144078 -0.033280957 -13.738386 0 
12.62 0.52485746 -0.3446292 4.3178606 -0.040445346 -13.703069 0 
12.63 0.52235466 -0.3192232 4.3211246 -0.04765363 -13.66791 0 
12.64 0.51983273 -0.29361379 4.3241973 -0.054905772 -13.632914 0 
12.65 0.51729172 -0.26780114 4.3270769 -0.062201709 -13.59808 0 
12.66 0.51473176 -0.24178542 4.3297606 -0.069541387 -13.563411 0 
12.67 0.51215279 -0.21556689 4.3322458 -0.076924741 -13.52891 0 
12.68 0.50955498 -0.18914577 4.3345308 -0.084351711 -13.494576 0 
12.69 0.50693834 -0.16252236 4.3366132 -0.091822237 -13.460412 0 
12.7 0.5043028 -0.13569692 4.3384905 -0.099336214 -13.426421 0 
12.71 0.50164866 -0.10866977 4.3401604 -0.10689358 -13.392603 0 
12.72 0.49897581 -0.081441268 4.34162 -0.11449426 -13.35896 0 
12.73 0.49628437 -0.054011766 4.3428669 -0.12213814 -13.325494 0 
12.74 0.49357441 -0.026381653 4.3438993 -0.12982515 -13.292206 0 
12.75 0.49084601 0.0014486514 4.3447146 -0.13755517 -13.259098 0 
12.76 0.48809925 0.029478712 4.3453102 -0.1453281 -13.226172 0 
12.77 0.48533419 0.057708055 4.3456841 -0.15314384 -13.193429 0 
12.78 0.48255092 0.0861362 4.3458323 -0.16100228 -13.160872 0 
12.79 0.47974953 0.1147626 4.3457541 -0.16890328 -13.128501 0 
12.8 0.47693005 0.14358675 4.3454461 -0.17684674 -13.096318 0 
12.81 0.47409266 0.17260806 4.3449054 -0.18483251 -13.064326 0 
12.82 0.47123745 0.20182595 4.34413 -0.19286045 -13.032525 0 
12.83 0.46836445 0.23123975 4.3431177 -0.20093046 -13.000916 0 
12.84 0.46547377 0.26084885 4.3418655 -0.20904234 -12.969504 0 
12.85 0.46256557 0.29065257 4.3403707 -0.21719596 -12.938288 0 
12.86 0.45963991 0.32065016 4.3386302 -0.22539116 -12.907269 0 
12.87 0.45669687 0.35084093 4.3366427 -0.23362777 -12.876451 0 
12.88 0.45373663 0.38122407 4.3344045 -0.24190566 -12.845834 0 
12.89 0.45075926 0.41179883 4.331913 -0.25022459 -12.81542 0 
12.9 0.44776493 0.44256437 4.3291659 -0.25858441 -12.78521 0 
12.91 0.44475371 0.47351986 4.3261604 -0.26698494 -12.755206 0 
12.92 0.44172573 0.50466436 4.3228936 -0.27542597 -12.725409 0 
12.93 0.43868113 0.53599697 4.3193636 -0.28390732 -12.695822 0 
12.94 0.43562004 0.5675168 4.3155665 -0.29242876 -12.666446 0 
12.95 0.43254262 0.59922284 4.3115005 -0.3009901 -12.637282 0 
12.96 0.42944899 0.63111413 4.3071623 -0.30959111 -12.608332 0 
12.97 0.4263393 0.66318953 4.3025494 -0.31823152 -12.579597 0 
12.98 0.42321369 0.6954481 4.2976584 -0.32691115 -12.551079 0 
12.99 0.42007232 0.7278887 4.2924871 -0.33562979 -12.522779 0 
13 0.4169153 0.76051009 4.2870331 -0.34438708 -12.494699 0 
13.01 0.41374284 0.79331124 4.2812924 -0.35318288 -12.466842 0 
13.02 0.41055509 0.82629097 4.2752628 -0.36201683 -12.439206 0 
13.03 0.40735224 0.85944802 4.2689414 -0.37088877 -12.411796 0 
13.04 0.40413448 0.89278108 4.2623258 -0.37979832 -12.38461 0 
13.05 0.40090188 0.9262889 4.2554116 -0.38874525 -12.357653 0 
13.06 0.39765471 0.95997012 4.248198 -0.39772925 -12.330924 0 
13.07 0.39439312 0.99382347 4.2406802 -0.40675002 -12.304424 0 
13.08 0.3911173 1.0278475 4.2328563 -0.41580731 -12.278157 0 
13.09 0.38782746 1.0620408 4.2247229 -0.42490068 -12.252123 0 
13.1 0.38452381 1.0964019 4.2162776 -0.43402994 -12.226323 0 
13.11 0.38120651 1.1309294 4.2075162 -0.44319466 -12.200759 0 
13.12 0.3778758 1.1656215 4.1984367 -0.45239455 -12.175432 0 
13.13 0.37453184 1.200477 4.1890364 -0.46162927 -12.150343 0 
13.14 0.37117487 1.235494 4.1793113 -0.47089839 -12.125493 0 
13.15 0.36780518 1.2706711 4.1692591 -0.48020166 -12.100885 0 
13.16 0.36442289 1.3060066 4.1588759 -0.48953861 -12.07652 0 
13.17 0.36102828 1.3414984 4.148159 -0.49890894 -12.052398 0 
13.18 0.35762164 1.3771454 4.1371059 -0.50831217 -12.028522 0 
13.19 0.3542031 1.4129454 4.1257124 -0.51774794 -12.00489 0 
13.2 0.35077298 1.4488968 4.1139765 -0.52721578 -11.981508 0 
13.21 0.34733149 1.4849975 4.1018939 -0.53671539 -11.958375 0 
13.22 0.3438789 1.5212458 4.0894628 -0.54624623 -11.935491 0 
13.23 0.34041548 1.5576401 4.0766788 -0.55580795 -11.912856 0 
13.24 0.33694151 1.5941777 4.063539 -0.56540006 -11.890474 0 
13.25 0.33345723 1.6308572 4.0500407 -0.57502204 -11.868347 0 
13.26 0.32996297 1.6676766 4.03618 -0.58467352 -11.846474 0 
13.27 0.3264589 1.7046334 4.0219541 -0.59435391 -11.824857 0 
13.28 0.32294545 1.7417257 4.00736 -0.6040628 -11.803496 0 
13.29 0.31942284 1.7789514 3.9923935 -0.61379969 -11.782393 0 
13.3 0.31589136 1.8163085 3.9770522 -0.62356406 -11.761549 0 
13.31 0.31235135 1.8537945 3.9613326 -0.63335532 -11.740965 0 
13.32 0.30880311 1.8914074 3.9452312 -0.64317304 -11.720641 0 
13.33 0.30524695 1.9291447 3.9287446 -0.65301657 -11.700581 0 
13.34 0.30168325 1.9670042 3.91187 -0.66288543 -11.680781 0 
13.35 0.29811227 2.0049837 3.8946033 -0.67277902 -11.661246 0 
13.36 0.29453439 2.0430801 3.8769417 -0.6826967 -11.641976 0 
13.37 0.29094994 2.0812922 3.8588815 -0.69263798 -11.622972 0 
13.38 0.2873593 2.1196163 3.8404198 -0.70260221 -11.604234 0 
13.39 0.28376278 2.1580505 3.8215525 -0.71258873 -11.585762 0 
13.4 0.28016081 2.1965923 3.8022766 -0.72259688 -11.567558 0 
13.41 0.27655372 2.235239 3.782589 -0.73262614 -11.549624 0 
13.42 0.27294189 2.273988 3.7624855 -0.74267584 -11.53196 0 
13.43 0.26932573 2.3128369 3.7419631 -0.75274521 -11.514565 0 
13.44 0.26570562 2.3517826 3.7210183 -0.76283354 -11.497441 0 
13.45 0.26208198 2.3908224 3.6996477 -0.77294022 -11.48059 0 
13.46 0.25845519 2.4299538 3.6778476 -0.78306454 -11.46401 0 
13.47 0.25482571 2.4691739 3.6556149 -0.79320568 -11.447703 0 
13.48 0.25119397 2.5084801 3.632946 -0.80336297 -11.431671 0 
13.49 0.24756034 2.5478692 3.6098371 -0.81353557 -11.415911 0 
13.5 0.24392533 2.5873384 3.5862851 -0.82372284 -11.400426 0 
13.51 0.24028938 2.6268849 3.5622861 -0.83392388 -11.385215 0 
13.52 0.23665294 2.6665056 3.537837 -0.84413797 -11.370281 0 
13.53 0.23301646 2.7061977 3.5129344 -0.8543641 -11.355622 0 
13.54 0.22938044 2.7459579 3.4875741 -0.86460161 -11.341239 0 
13.55 0.22574539 2.7857835 3.4617534 -0.87484968 -11.327131 0 
13.56 0.22211179 2.8256712 3.4354687 -0.88510722 -11.313303 0 
13.57 0.21848013 2.8656178 3.4087157 -0.89537352 -11.299749 0 
13.58 0.21485092 2.9056206 3.3814919 -0.90564764 -11.286474 0 
13.59 0.21122472 2.9456756 3.3537934 -0.9159286 -11.273476 0 
13.6 0.20760204 2.9857805 3.3256166 -0.92621535 -11.260754 0 
13.61 0.20398343 3.0259311 3.2969584 -0.93650717 -11.24831 0 
13.62 0.20036948 3.0661254 3.2678156 -0.94680291 -11.236144 0 
13.63 0.1967607 3.106359 3.2381845 -0.95710158 -11.224256 0 
13.64 0.1931577 3.1466296 3.2080615 -0.96740222 -11.212646 0 
13.65 0.18956105 3.1869328 3.1774433 -0.97770363 -11.20131 0 
13.66 0.18597138 3.2272661 3.1463268 -0.98800492 -11.190254 0 
13.67 0.18238929 3.2676258 3.1147087 -0.99830484 -11.179475 0 
13.68 0.17881538 3.3080082 3.0825858 -1.0086025 -11.168972 0 
13.69 0.17525029 3.3484106 3.0499551 -1.0188965 -11.158746 0 
13.7 0.17169471 3.3888292 3.0168133 -1.0291857 -11.148795 0 
13.71 0.16814923 3.4292605 2.9831572 -1.0394691 -11.139121 0 
13.72 0.16461457 3.4697013 2.9489839 -1.0497454 -11.129723 0 
13.73 0.16109139 3.510148 2.9142902 -1.0600133 -11.120598 0 
13.74 0.15758041 3.550597 2.8790736 -1.0702716 -11.111748 0 
13.75 0.1540823 3.5910451 2.8433316 -1.080519 -11.10317 0 
13.76 0.15059781 3.6314886 2.8070607 -1.0907542 -11.094868 0 
13.77 0.14712767 3.6719241 2.7702589 -1.1009758 -11.086835 0 
13.78 0.14367265 3.7123482 2.7329235 -1.1111825 -11.079075 0 
13.79 0.14023349 3.7527575 2.6950526 -1.1213728 -11.071586 0 
13.8 0.13681096 3.7931483 2.6566434 -1.1315454 -11.064365 0 
13.81 0.13340588 3.8335173 2.6176941 -1.1416987 -11.057413 0 
13.82 0.13001905 3.8738611 2.5782032 -1.1518313 -11.050729 0 
13.83 0.1266513 3.9141762 2.5381684 -1.1619415 -11.044312 0 
13.84 0.12330346 3.9544594 2.4975884 -1.1720279 -11.038158 0 
13.85 0.11997639 3.9947066 2.4564619 -1.1820889 -11.03227 0 
13.86 0.11667095 4.0349154 2.4147878 -1.1921228 -11.026645 0 
13.87 0.11338804 4.0750818 2.3725653 -1.2021279 -11.021279 0 
13.88 0.11012857 4.1152029 2.3297939 -1.2121025 -11.016173 0 
13.89 0.10689345 4.1552749 2.2864733 -1.2220449 -11.011327 0 
13.9 0.10368364 4.1952953 2.2426031 -1.2319534 -11.006736 0 
13.91 0.10050007 4.235261 2.1981845 -1.2418259 -11.0024 0 
13.92 0.097343713 4.2751679 2.1532176 -1.2516606 -10.998318 0 
13.93 0.094215587 4.3150139 2.1077037 -1.2614558 -10.994484 0 
13.94 0.091116697 4.3547959 2.0616446 -1.2712091 -10.990901 0 
13.95 0.088048056 4.3945112 2.0150421 -1.2809188 -10.987565 0 
13.96 0.085010722 4.4341559 1.9678987 -1.2905829 -10.984473 0 
13.97 0.082005769 4.4737287 1.9202178 -1.3001989 -10.981626 0 
13.98 0.079034276 4.5132265 1.8720026 -1.3097649 -10.979016 0 
13.99 0.076097354 4.5526466 1.8232577 -1.3192785 -10.976645 0 
14 0.073196128 4.5919867 1.7739881 -1.3287374 -10.974508 0 
14.01 0.070331745 4.6312447 1.7241993 -1.3381395 -10.972606 0 
14.02 0.067505375 4.6704187 1.673898 -1.3474821 -10.970932 0 
14.03 0.064718202 4.709507 1.6230911 -1.3567628 -10.969485 0 
14.04 0.061971437 4.748507 1.5717869 -1.365979 -10.968262 0 
14.05 0.059266306 4.7874179 1.5199946 -1.3751279 -10.967259 0 
14.06 0.056604058 4.8262382 1.4677242 -1.3842071 -10.966475 0 
14.07 0.053985965 4.8649664 1.414987 -1.3932136 -10.965904 0 
14.08 0.05141332 4.9036026 1.3617949 -1.4021447 -10.965546 0 
14.09 0.048887432 4.9421453 1.308162 -1.4109973 -10.965394 0 
14.1 0.046409633 4.9805951 1.2541025 -1.4197685 -10.965445 0 
14.11 0.043981284 5.0189514 1.1996325 -1.4284548 -10.965695 0 
14.12 0.041603751 5.0572147 1.1447697 -1.4370533 -10.966144 0 
14.13 0.039278433 5.0953865 1.0895326 -1.4455605 -10.966782 0 
14.14 0.037006747 5.1334672 1.0339417 -1.4539731 -10.967608 0 
14.15 0.034790132 5.1714592 0.97801882 -1.4622875 -10.968618 0 
14.16 0.032630041 5.2093644 0.92178702 -1.4704999 -10.969807 0 
14.17 0.030527957 5.2471857 0.86527115 -1.4786067 -10.971169 0 
14.18 0.028485375 5.2849274 0.80849737 -1.4866041 -10.972701 0 
14.19 0.026503816 5.3225937 0.75149298 -1.4944879 -10.974398 0 
14.2 0.024584822 5.3601885 0.6942867 -1.5022541 -10.976254 0 
14.21 0.022729957 5.3977189 0.63690799 -1.5098985 -10.978264 0 
14.22 0.020940807 5.4351921 0.57938695 -1.5174172 -10.980421 0 
14.23 0.019218979 5.4726162 0.52175343 -1.5248052 -10.982723 0 
14.24 0.017566113 5.5100021 0.46403703 -1.5320588 -10.985163 0 
14.25 0.01598387 5.5473599 0.40626547 -1.5391732 -10.987733 0 
14.26 0.014473951 5.5847044 0.34846371 -1.5461446 -10.990429 0 
14.27 0.013038089 5.6220503 0.29065219 -1.5529686 -10.993244 0 
14.28 0.011678061 5.6594167 0.23284431 -1.5596416 -10.996173 0 
14.29 0.010395695 5.696825 0.1750437 -1.5661606 -10.999208 0 
14.3 0.0091928802 5.7343001 0.11723974 -1.5725232 -11.002342 0 
14.31 0.0080715818 5.7718735 0.059402138 -1.5787283 -11.005571 0 
14.32 0.0070338468 5.8095813 0.0014732867 -1.5847765 -11.008884 0 
14.33 0.0060818247 5.8474655 -0.056641977 -1.5906718 -11.01228 0 
14.34 0.005217772 5.8855796 -0.11509036 -1.5964215 -11.015747 0 
14.35 0.0044440501 5.9239879 -0.17408918 -1.6020399 -11.01928 0 
14.36 0.0037630922 5.96277 -0.2339523 -1.6075499 -11.022873 0 
14.37 0.0031772952 6.0020247 -0.29512531 -1.6129885 -11.026521 0 
14.38 0.0026887711 6.0418782 -0.35823253 -1.6184139 -11.030218 0 
14.39 0.0022987712 6.0824914 -0.42413792 -1.6239165 -11.033961 0 
14.4 0.0020064432 6.124073 -0.49401703 -1.629637 -11.037753 0 
14.41 0.001806138 6.1668968 -0.56942528 -1.6357942 -11.041595 0 
14.42 0.0016816058 6.2113252 -0.6523065 -1.6427277 -11.045502 0 
14.43 0.0015935686 6.2578368 -0.74477696 -1.6509613 -11.049504 0 
14.44 0.0014542282 6.3070602 -0.84823966 -1.661279 -11.053659 0 
14.45 0.0010835653 6.3597817 -0.96081108 -1.6747738 -11.05808 0 
14.46 0.00018633458 6.4169126 -1.0717492 -1.6927202 -11.062982 0 
14.47 -0.0014227938 6.4794483 -1.1561838 -1.7160292 -11.068748 0 
14.48 -0.0032299482 6.5487466 -1.1862578 -1.7438929 -11.075992 0 
14.49 -0.004423399 6.6270905 -1.1581655 -1.7718272 -11.085681 0 
14.5 -0.0050881468 6.7174606 -1.0929631 -1.7927405 -11.099551 0 
14.51 -0.0058098207 6.8220787 -1.0086869 -1.8004489 -11.120845 0 
