0 -0.0050683222 5.9411402 -0.87937564 -1.6126982 -9.7447424 0 
0.0099999998 -0.0059638503 6.0407052 -0.77885169 -1.608171 -9.7704077 0 
0.02 -0.0071109803 6.1501279 -0.66311651 -1.5884113 -9.8119555 0 
0.029999999 -0.008358527 6.2634158 -0.5440079 -1.5589967 -9.8770828 0 
0.039999999 -0.0095059667 6.3716536 -0.43852836 -1.5296564 -9.9721975 0 
0.050000001 -0.010395725 6.4648485 -0.36004651 -1.509365 -10.099358 0 
0.059999999 -0.010969928 6.5339837 -0.31260431 -1.5021955 -10.255354 0 
0.07 -0.011255764 6.5721831 -0.29216665 -1.5069919 -10.433534 0 
0.079999998 -0.011314955 6.5748687 -0.29123285 -1.5196841 -10.626447 0 
0.090000004 -0.011205525 6.539453 -0.30243012 -1.5356286 -10.827559 0 
0.1 -0.010968647 6.4650474 -0.3199386 -1.5508348 -11.031754 0 
0.11 -0.010630471 6.3523188 -0.3395716 -1.5622946 -11.235175 0 
0.12 -0.010208165 6.2034192 -0.35841754 -1.5679169 -11.434894 0 
0.13 -0.0097150793 6.0218997 -0.37448135 -1.5663729 -11.628634 0 
0.14 -0.0091638071 5.8125372 -0.38643757 -1.5569651 -11.814597 0 
0.15000001 -0.0085674878 5.5810733 -0.39348048 -1.5395284 -11.991363 0 
0.16 -0.0079399552 5.3338709 -0.39523107 -1.5143539 -12.157842 0 
0.17 -0.0072952597 5.0775404 -0.39166757 -1.4821162 -12.313265 0 
0.18000001 -0.0066469568 4.8185682 -0.38306323 -1.4437989 -12.457159 0 
0.19 -0.0060074097 4.5629916 -0.36992323 -1.4006131 -12.589334 0 
0.2 -0.0053872322 4.3161445 -0.35292196 -1.3539158 -12.709857 0 
0.20999999 -0.0047949473 4.082489 -0.33284327 -1.3051311 -12.819016 0 
0.22 -0.0042368597 3.8655357 -0.31052825 -1.2556812 -12.917285 0 
0.23 -0.0037171147 3.66784 -0.28683352 -1.206929 -13.005278 0 
0.23999999 -0.0032379001 3.4910612 -0.26260075 -1.1601377 -13.083707 0 
0.25 -0.0027997373 3.3360674 -0.238638 -1.1164448 -13.153343 0 
0.25999999 -0.0024018183 3.2030585 -0.21571028 -1.0768508 -13.214985 0 
0.27000001 -0.0020423487 3.0917027 -0.1945374 -1.0422187 -13.269422 0 
0.28 -0.0017188805 3.0012658 -0.17579547 -1.0132819 -13.317421 0 
0.28999999 -0.0014286138 2.9307227 -0.16011918 -0.99065685 -13.359706 0 
0.30000001 -0.0011686755 2.8788514 -0.14810194 -0.97485352 -13.396951 0 
0.31 -0.00093637448 2.8443003 -0.14029069 -0.9662835 -13.429768 0 
0.31999999 -0.00072944624 2.8256254 -0.1371735 -0.96525675 -13.458712 0 
0.33000001 -0.00054629386 2.8213043 -0.13915779 -0.971964 -13.484281 0 
0.34 -0.00038624083 2.8297174 -0.14653775 -0.98643672 -13.506909 0 
0.34999999 -0.00024981028 2.8491015 -0.15945059 -1.008478 -13.526988 0 
0.36000001 -0.00013904792 2.8774772 -0.17782031 -1.0375563 -13.544853 0 
0.37 -5.7899499e-05 2.9125435 -0.20128915 -1.0726507 -13.560799 0 
0.38 -1.2570346e-05 2.9515517 -0.22913791 -1.1120476 -13.575084 0 
0.38999999 -1.158129e-05 2.9911687 -0.26020265 -1.153103 -13.587933 0 
0.40000001 -6.486752e-05 3.0273938 -0.29281253 -1.1920373 -13.599544 0 
0.41 -0.00018100828 3.0556357 -0.32480049 -1.223915 -13.610086 0 
0.41999999 -0.0003622431 3.0710971 -0.3536582 -1.2430253 -13.619716 0 
0.43000001 -0.00059894647 3.0695415 -0.37688303 -1.2438262 -13.628563 0 
0.44 -0.00086756347 3.0482717 -0.39246339 -1.2223046 -13.636743 0 
0.44999999 -0.0011353788 3.0069072 -0.39932492 -1.1772182 -13.644351 0 
0.46000001 -0.0013706289 2.9475226 -0.39752722 -1.1105568 -13.651468 0 
0.47 -0.0015519516 2.8740528 -0.388125 -1.0269721 -13.658159 0 
0.47999999 -0.0016721729 2.7912745 -0.37279132 -0.93251127 -13.664479 0 
0.49000001 -0.001736284 2.7038224 -0.35339046 -0.83327949 -13.670477 0 
0.5 -0.0017567331 2.6155286 -0.33164582 -0.73448277 -13.676197 0 
0.50999999 -0.0017490044 2.5291402 -0.30895326 -0.63997906 -13.681688 0 
0.51999998 -0.0017288199 2.446311 -0.28631914 -0.55223227 -13.687002 0 
0.52999997 -0.0017110119 2.3677452 -0.26437742 -0.47249785 -13.692198 0 
0.54000002 -0.0017095588 2.2933846 -0.24344489 -0.4011007 -13.697347 0 
0.55000001 -0.0017380558 2.2225978 -0.22358903 -0.33772668 -13.702538 0 
0.56 -0.0018097794 2.1543617 -0.20470102 -0.28170034 -13.707876 0 
0.56999999 -0.0019367095 2.0874615 -0.18657617 -0.23224203 -13.713485 0 
0.57999998 -0.0021277277 2.0207183 -0.16900156 -0.18867983 -13.719512 0 
0.58999997 -0.0023871923 1.9532161 -0.15183556 -0.150566 -13.726116 0 
0.60000002 -0.0027149571 1.8844525 -0.13505584 -0.11766335 -13.733466 0 
0.61000001 -0.0031076327 1.814375 -0.11876293 -0.089830175 -13.741727 0 
0.62 -0.0035600513 1.7433091 -0.10314627 -0.066881366 -13.751054 0 
0.63 -0.0040662712 1.6718282 -0.088432789 -0.048497021 -13.761577 0 
0.63999999 -0.0046201176 1.600619 -0.074836962 -0.034204006 -13.773395 0 
0.64999998 -0.0052154809 1.5303701 -0.062524535 -0.023415774 -13.786572 0 
0.66000003 -0.0058465013 1.4616942 -0.051593542 -0.015499067 -13.801131 0 
0.67000002 -0.0065076808 1.3950864 -0.042071231 -0.0098391687 -13.817068 0 
0.68000001 -0.0071939132 1.3309095 -0.03392211 -0.0058872281 -13.834345 0 
0.69 -0.0079004653 1.2694 -0.027062032 -0.0031850343 -13.852904 0 
0.69999999 -0.008622922 1.2106844 -0.021374103 -0.0013704567 -13.872674 0 
0.70999998 -0.0093571227 1.1548007 -0.016723473 -0.00016997397 -13.893572 0 
0.72000003 -0.010099106 1.1017193 -0.01296955 0.00061534939 -13.915513 0 
0.73000002 -0.010845072 1.0513628 -0.0099751223 0.0011256794 -13.938412 0 
0.74000001 -0.011591352 1.0036215 -0.0076125069 0.0014571528 -13.962186 0 
0.75 -0.012334405 0.95836598 -0.0057671489 0.0016742107 -13.986757 0 
0.75999999 -0.013070817 0.91545671 -0.0043392414 0.0018192033 -14.012052 0 
0.76999998 -0.013797318 0.87475032 -0.0032439111 0.0019194903 -14.038001 0 
0.77999997 -0.014510789 0.83610493 -0.0024104554 0.0019924841 -14.064546 0 
0.79000002 -0.015208289 0.79938281 -0.0017810122 0.0020491197 -14.091629 0 
0.80000001 -0.015887067 0.76445252 -0.001308959 0.0020961836 -14.119201 0 
0.81 -0.016544577 0.73119056 -0.00095724303 0.0021378428 -14.147215 0 
0.81999999 -0.017178496 0.69948125 -0.00069677748 0.0021766296 -14.175632 0 
0.82999998 -0.017786734 0.66921747 -0.00050498027 0.0022140688 -14.204412 0 
0.83999997 -0.01836743 0.64030045 -0.00036449419 0.0022510698 -14.233524 0 
0.85000002 -0.018918971 0.61263919 -0.0002620997 0.0022881695 -14.262938 0 
0.86000001 -0.019439971 0.58615059 -0.00018781188 0.0023256817 -14.292627 0 
0.87 -0.01992929 0.56075871 -0.00013414661 0.0023637873 -14.322567 0 
0.88 -0.020386007 0.53639424 -9.5533556e-05 0.0024025892 -14.352734 0 
0.88999999 -0.020809421 0.51299417 -6.7853551e-05 0.0024421448 -14.383111 0 
0.89999998 -0.021199042 0.49050111 -4.8078837e-05 0.0024824843 -14.413677 0 
0.91000003 -0.021554571 0.46886304 -3.3996177e-05 0.0025236241 -14.444419 0 
0.92000002 -0.02187589 0.44803262 -2.3995983e-05 0.002565572 -14.475319 0 
0.93000001 -0.022163052 0.42796677 -1.691326e-05 0.0026083307 -14.506364 0 
0.94 -0.02241626 0.40862653 -1.1908566e-05 0.0026519015 -14.537542 0 
0.94999999 -0.022635853 0.38997632 -8.3794303e-06 0.0026962843 -14.568842 0 
0.95999998 -0.022822296 0.37198383 -5.8951532e-06 0.0027414791 -14.600251 0 
0.97000003 -0.02297616 0.35461947 -4.1488929e-06 0.0027874853 -14.631762 0 
0.98000002 -0.023098113 0.33785638 -2.9227447e-06 0.0028343031 -14.663364 0 
0.99000001 -0.023188904 0.32166979 -2.062407e-06 0.0028819328 -14.69505 0 
1 -0.023249347 0.30603707 -1.4589247e-06 0.002930375 -14.726811 0 
1.01 -0.023280315 0.29093745 -1.0355618e-06 0.0029796308 -14.758642 0 
1.02 -0.023282731 0.27635163 -7.3835309e-07 0.003029702 -14.790533 0 
1.03 -0.023257548 0.26226184 -5.2944682e-07 0.0030805895 -14.82248 0 
1.04 -0.023205748 0.24865143 -3.8234796e-07 0.0031322958 -14.854476 0 
1.05 -0.023128331 0.23550497 -2.7852064e-07 0.0031848231 -14.886517 0 
1.0599999 -0.02302631 0.22280794 -2.0499652e-07 0.0032381737 -14.918594 0 
1.0700001 -0.022900695 0.21054676 -1.5273108e-07 0.0032923503 -14.950707 0 
1.08 -0.022752499 0.1987085 -1.1540249e-07 0.0033473556 -14.982849 0 
1.09 -0.022582728 0.18728097 -8.8584436e-08 0.0034031931 -15.015016 0 
1.1 -0.022392374 0.17625253 -6.9201199e-08 0.0034598657 -15.047203 0 
1.11 -0.022182411 0.16561209 -5.5103509e-08 0.0035173765 -15.079407 0 
1.12 -0.021953797 0.15534891 -4.4782173e-08 0.0035757292 -15.111624 0 
1.13 -0.021707468 0.1454528 -3.7158586e-08 0.0036349271 -15.143851 0 
1.14 -0.021444332 0.13591382 -3.1477466e-08 0.0036949741 -15.176085 0 
1.15 -0.021165276 0.12672238 -2.7213295e-08 0.0037558735 -15.208322 0 
1.16 -0.020871153 0.11786917 -2.398245e-08 0.0038176295 -15.240559 0 
1.17 -0.020562792 0.1093451 -2.1523762e-08 0.0038802456 -15.272792 0 
1.1799999 -0.020240987 0.10114136 -1.9646869e-08 0.003943726 -15.305021 0 
1.1900001 -0.019906506 0.093249299 -1.8192258e-08 0.0040080738 -15.337242 0 
1.2 -0.019560089 0.085660495 -1.7064417e-08 0.0040732939 -15.369453 0 
1.21 -0.019202439 0.078366674 -1.6183876e-08 0.0041393908 -15.40165 0 
1.22 -0.01883423 0.071359724 -1.5487979e-08 0.0042063668 -15.433834 0 
1.23 -0.018456111 0.064631686 -1.4934027e-08 0.0042742277 -15.466001 0 
1.24 -0.018068694 0.058174774 -1.4491511e-08 0.004342977 -15.498146 0 
1.25 -0.017672567 0.051981296 -1.4144544e-08 0.0044126185 -15.530272 0 
1.26 -0.017268289 0.046043731 -1.3866999e-08 0.0044831568 -15.562375 0 
1.27 -0.016856389 0.040354669 -1.3638409e-08 0.0045545963 -15.594453 0 
1.28 -0.016437372 0.034906838 -1.3444288e-08 0.0046269405 -15.626504 0 
1.29 -0.016011713 0.02969308 -1.3269021e-08 0.0047001941 -15.658528 0 
1.3 -0.015579869 0.024706373 -1.3102924e-08 0.0047743609 -15.690521 0 
1.3099999 -0.015142264 0.019939816 -1.2950773e-08 0.004849446 -15.722484 0 
1.3200001 -0.014699304 0.015386633 -1.2803873e-08 0.0049254526 -15.754413 0 
1.33 -0.014251372 0.011040171 -1.2652536e-08 0.0050023859 -15.786309 0 
1.34 -0.013798828 0.0068938979 -1.2493544e-08 0.0050802496 -15.818169 0 
1.35 -0.013342014 0.0029414105 -1.2323449e-08 0.0051590484 -15.849993 0 
1.36 -0.012881249 -0.00082357193 -1.2138974e-08 0.0052387859 -15.881778 0 
1.37 -0.012416835 -0.0044072005 -1.1930521e-08 0.0053194673 -15.913525 0 
1.38 -0.011949058 -0.0078155063 -1.1693737e-08 0.0054010958 -15.94523 0 
1.39 -0.011478183 -0.011054393 -1.142992e-08 0.0054836762 -15.976896 0 
1.4 -0.011004461 -0.014129632 -1.1140667e-08 0.0055672131 -16.00852 0 
1.41 -0.01052813 -0.017046871 -1.0817605e-08 0.0056517101 -16.040098 0 
1.42 -0.010049409 -0.019811634 -1.0456501e-08 0.005737172 -16.071634 0 
1.4299999 -0.0095685069 -0.022429314 -1.0058367e-08 0.0058236034 -16.103125 0 
1.4400001 -0.0090856152 -0.024905173 -9.6150758e-09 0.0059110075 -16.134571 0 
1.45 -0.0086009186 -0.027244356 -9.122485e-09 0.0059993891 -16.165968 0 
1.46 -0.0081145857 -0.029451871 -8.5765732e-09 0.0060887532 -16.197319 0 
1.47 -0.0076267766 -0.031532608 -7.9767402e-09 0.0061791032 -16.228621 0 
1.48 -0.007137639 -0.033491328 -7.3227726e-09 0.0062704431 -16.259872 0 
1.49 -0.0066473112 -0.035332665 -6.6074564e-09 0.0063627781 -16.291077 0 
1.5 -0.0061559244 -0.037061132 -5.8265814e-09 0.006456112 -16.322229 0 
1.51 -0.005663598 -0.038681123 -4.9760702e-09 0.0065504485 -16.353331 0 
1.52 -0.005170445 -0.040196911 -4.0515271e-09 0.0066457931 -16.38438 0 
1.53 -0.0046765702 -0.041612633 -3.0509519e-09 0.0067421487 -16.415379 0 
1.54 -0.0041820705 -0.042932328 -1.9678781e-09 0.0068395203 -16.446323 0 
1.55 -0.0036870372 -0.044159908 -7.9552404e-10 0.0069379122 -16.477217 0 
1.5599999 -0.0031915535 -0.045299169 4.6917092e-10 0.0070373281 -16.508055 0 
1.5700001 -0.0026956976 -0.046353791 1.8311659e-09 0.0071377731 -16.538839 0 
1.58 -0.002199542 -0.047327355 3.2958991e-09 0.00723925 -16.569569 0 
1.59 -0.0017031535 -0.048223313 4.8688977e-09 0.0073417644 -16.600241 0 
1.6 -0.0012065938 -0.049045019 6.5568662e-09 0.0074453196 -16.630859 0 
1.61 -0.00070991996 -0.049795724 8.3663636e-09 0.0075499206 -16.661423 0 
1.62 -0.00021318503 -0.05047857 1.0303661e-08 0.0076555703 -16.691929 0 
1.63 0.00028356261 -0.051096596 1.2375408e-08 0.0077622742 -16.722378 0 
1.64 0.00078027835 -0.051652733 1.458878e-08 0.0078700362 -16.752771 0 
1.65 0.0012769214 -0.052149836 1.6951367e-08 0.0079788603 -16.783106 0 
1.66 0.0017734538 -0.052590638 1.9470278e-08 0.0080887498 -16.813383 0 
1.67 0.0022698413 -0.052977804 2.2154131e-08 0.0081997104 -16.843601 0 
1.6799999 0.002766052 -0.053313885 2.5011747e-08 0.0083117448 -16.873762 0 
1.6900001 0.0032620581 -0.053601351 2.8052053e-08 0.0084248586 -16.903866 0 
1.7 0.0037578333 -0.053842589 3.1283744e-08 0.0085390545 -16.933908 0 
1.71 0.0042533535 -0.054039899 3.4716216e-08 0.0086543374 -16.963892 0 
1.72 0.0047485987 -0.054195493 3.8361023e-08 0.0087707108 -16.993818 0 
1.73 0.0052435482 -0.054311506 4.2228908e-08 0.0088881794 -17.023684 0 
1.74 0.0057381857 -0.054390002 4.632841e-08 0.009006748 -17.05349 0 
1.75 0.0062324954 -0.054432955 5.0670764e-08 0.0091264192 -17.083235 0 
1.76 0.0067264643 -0.054442272 5.5270707e-08 0.0092471978 -17.112921 0 
1.77 0.0072200806 -0.054419786 6.0138248e-08 0.0093690874 -17.142548 0 
1.78 0.0077133332 -0.054367263 6.5287118e-08 0.0094920928 -17.172112 0 
1.79 0.0082062129 -0.054286394 7.0731701e-08 0.0096162166 -17.201616 0 
1.8 0.008698713 -0.054178815 7.6479665e-08 0.0097414646 -17.231062 0 
1.8099999 0.0091908257 -0.054046094 8.2546144e-08 0.0098678404 -17.260445 0 
1.8200001 0.0096825473 -0.053889733 8.8951893e-08 0.0099953478 -17.289766 0 
1.83 0.010173871 -0.053711168 9.5711265e-08 0.01012399 -17.319027 0 
1.84 0.010664796 -0.053511795 1.028341e-07 0.010253772 -17.348227 0 
1.85 0.011155318 -0.053292938 1.1034006e-07 0.010384697 -17.377365 0 
1.86 0.011645436 -0.053055868 1.1825625e-07 0.010516771 -17.406443 0 
1.87 0.01213515 -0.052801818 1.265967e-07 0.010649994 -17.435459 0 
1.88 0.012624457 -0.052531954 1.353756e-07 0.010784374 -17.464413 0 
1.89 0.013113362 -0.052247386 1.4461271e-07 0.010919913 -17.493305 0 
1.9 0.013601861 -0.051949207 1.5432964e-07 0.011056615 -17.522137 0 
1.91 0.014089961 -0.051638436 1.6454956e-07 0.011194483 -17.550905 0 
1.92 0.01457766 -0.051316053 1.7529801e-07 0.011333523 -17.579611 0 
1.9299999 0.015064963 -0.050983004 1.8658827e-07 0.01147374 -17.608257 0 
1.9400001 0.015551873 -0.050640181 1.9844059e-07 0.011615132 -17.636841 0 
1.95 0.016038394 -0.05028845 2.1089078e-07 0.011757708 -17.665361 0 
1.96 0.016524529 -0.049928632 2.2395621e-07 0.011901472 -17.693819 0 
1.97 0.017010283 -0.049561504 2.3767058e-07 0.012046425 -17.722216 0 
1.98 0.017495658 -0.049187817 2.5205392e-07 0.012192572 -17.750551 0 
1.99 0.017980665 -0.04880828 2.6712749e-07 0.012339918 -17.778824 0 
2 0.018465301 -0.048423581 2.8293854e-07 0.012488465 -17.807035 0 
2.01 0.018949579 -0.048034362 2.9950525e-07 0.012638217 -17.835182 0 
2.02 0.019433502 -0.04764124 3.168546e-07 0.012789179 -17.863268 0 
2.03 0.019917075 -0.047244802 3.3503358e-07 0.012941354 -17.891293 0 
2.04 0.020400306 -0.046845607 3.5407604e-07 0.013094746 -17.919254 0 
2.05 0.020883197 -0.046444189 3.7400852e-07 0.013249358 -17.947153 0 
2.0599999 0.02136576 -0.046041049 3.9486827e-07 0.013405196 -17.974991 0 
2.0699999 0.021847999 -0.045636665 4.1670617e-07 0.01356226 -18.002766 0 
2.0799999 0.022329919 -0.045231499 4.3954697e-07 0.013720559 -18.030478 0 
2.0899999 0.022811528 -0.044825975 4.6342652e-07 0.01388009 -18.058128 0 
2.0999999 0.023292834 -0.044420507 4.8839308e-07 0.014040861 -18.085716 0 
2.1099999 0.023773845 -0.044015482 5.1448933e-07 0.014202876 -18.113243 0 
2.1199999 0.024254566 -0.043611266 5.4174905e-07 0.014366137 -18.140707 0 
2.1300001 0.024735004 -0.043208212 5.7021941e-07 0.014530648 -18.168108 0 
2.1400001 0.025215164 -0.04280664 5.9996353e-07 0.014696413 -18.195448 0 
2.1500001 0.025695059 -0.042406857 6.3102777e-07 0.014863435 -18.222725 0 
2.1600001 0.026174692 -0.042009167 6.6346144e-07 0.015031719 -18.249939 0 
2.1700001 0.026654068 -0.04161384 6.9730515e-07 0.015201266 -18.277094 0 
2.1800001 0.027133202 -0.041221134 7.3261378e-07 0.015372083 -18.304184 0 
2.1900001 0.027612094 -0.040831301 7.6946043e-07 0.015544171 -18.331213 0 
2.2 0.028090756 -0.040444557 8.0789948e-07 0.015717532 -18.358181 0 
2.21 0.028569194 -0.040061127 8.4798972e-07 0.015892174 -18.385086 0 
2.22 0.029047413 -0.039681211 8.8979431e-07 0.016068099 -18.411928 0 
2.23 0.029525422 -0.039304998 9.3336763e-07 0.016245307 -18.438709 0 
2.24 0.030003229 -0.038932662 9.7876705e-07 0.016423808 -18.465427 0 
2.25 0.030480839 -0.038564369 1.0260686e-06 0.0166036 -18.492085 0 
2.26 0.030958263 -0.038200282 1.0753554e-06 0.016784687 -18.518681 0 
2.27 0.031435508 -0.037840527 1.1266897e-06 0.016967075 -18.545214 0 
2.28 0.031912576 -0.037485249 1.1801369e-06 0.017150767 -18.571686 0 
2.29 0.032389481 -0.037134569 1.2357833e-06 0.017335765 -18.598095 0 
2.3 0.032866225 -0.036788598 1.2937065e-06 0.017522072 -18.624441 0 
2.3099999 0.033342816 -0.036447439 1.3540082e-06 0.017709693 -18.65073 0 
2.3199999 0.033819266 -0.036111198 1.4167672e-06 0.017898632 -18.676954 0 
2.3299999 0.034295578 -0.035779946 1.4820364e-06 0.01808889 -18.703117 0 
2.3399999 0.034771759 -0.035453781 1.5499348e-06 0.018280473 -18.729219 0 
2.3499999 0.035247814 -0.035132766 1.6205616e-06 0.018473381 -18.755259 0 
2.3599999 0.035723757 -0.034816973 1.6939913e-06 0.018667622 -18.781239 0 
2.3699999 0.036199588 -0.034506455 1.7703367e-06 0.018863194 -18.807154 0 
2.3800001 0.036675315 -0.034201268 1.8497041e-06 0.019060103 -18.833012 0 
2.3900001 0.037150953 -0.03390146 1.9321922e-06 0.019258356 -18.858805 0 
2.4000001 0.037626501 -0.033607077 2.017907e-06 0.019457947 -18.884541 0 
2.4100001 0.038101964 -0.033318147 2.1069636e-06 0.019658888 -18.910212 0 
2.4200001 0.038577355 -0.033034705 2.1994877e-06 0.01986118 -18.935822 0 
2.4300001 0.03905268 -0.032756776 2.2955785e-06 0.020064823 -18.961372 0 
2.4400001 0.039527941 -0.032484382 2.395343e-06 0.020269822 -18.98686 0 
2.45 0.040003151 -0.032217547 2.4989527e-06 0.020476185 -19.012287 0 
2.46 0.040478311 -0.031956274 2.6065404e-06 0.020683907 -19.037655 0 
2.47 0.040953428 -0.031700578 2.7182134e-06 0.020892998 -19.062962 0 
2.48 0.041428514 -0.031450462 2.8341035e-06 0.021103457 -19.088205 0 
2.49 0.041903567 -0.031205934 2.9543535e-06 0.021315286 -19.11339 0 
2.5 0.042378601 -0.030966986 3.0791189e-06 0.021528494 -19.138514 0 
2.51 0.042853624 -0.030733617 3.2085497e-06 0.02174308 -19.163574 0 
2.52 0.043328635 -0.030505821 3.3427882e-06 0.021959048 -19.188576 0 
2.53 0.043803647 -0.030283587 3.4820087e-06 0.022176402 -19.213516 0 
2.54 0.044278663 -0.030066906 3.6264025e-06 0.022395143 -19.238398 0 
2.55 0.044753689 -0.02985576 3.7760951e-06 0.022615276 -19.263216 0 
2.5599999 0.045228731 -0.029650133 3.9312399e-06 0.022836804 -19.287975 0 
2.5699999 0.045703799 -0.029450007 4.0920222e-06 0.023059728 -19.312675 0 
2.5799999 0.046178892 -0.029255362 4.2586466e-06 0.023284055 -19.337313 0 
2.5899999 0.046654023 -0.029066173 4.4313365e-06 0.023509784 -19.361891 0 
2.5999999 0.047129195 -0.02888242 4.6102723e-06 0.02373692 -19.38641 0 
2.6099999 0.047604416 -0.028704071 4.7956023e-06 0.023965465 -19.410866 0 
2.6199999 0.048079692 -0.028531106 4.9875521e-06 0.024195423 -19.435263 0 
2.6300001 0.048555031 -0.02836349 5.186369e-06 0.024426797 -19.459599 0 
2.6400001 0.049030431 -0.0282012 5.3922549e-06 0.024659591 -19.483875 0 
2.6500001 0.049505904 -0.0280442 5.6054296e-06 0.024893805 -19.508093 0 
2.6600001 0.049981456 -0.027892461 5.8261071e-06 0.025129447 -19.532249 0 
2.6700001 0.05045709 -0.027745949 6.054519e-06 0.025366513 -19.556347 0 
2.6800001 0.050932817 -0.02760463 6.2909153e-06 0.02560501 -19.580383 0 
2.6900001 0.051408637 -0.027468469 6.5355462e-06 0.025844943 -19.604359 0 
2.7 0.051884558 -0.027337432 6.7886854e-06 0.02608631 -19.628275 0 
2.71 0.052360587 -0.027211484 7.0505789e-06 0.026329117 -19.652132 0 
2.72 0.052836727 -0.027090587 7.3214965e-06 0.026573367 -19.675928 0 
2.73 0.053312987 -0.026974706 7.6017304e-06 0.026819061 -19.699667 0 
2.74 0.053789373 -0.026863804 7.8915482e-06 0.027066207 -19.723345 0 
2.75 0.054265887 -0.026757842 8.1912394e-06 0.027314801 -19.746964 0 
2.76 0.054742537 -0.026656782 8.5011216e-06 0.027564848 -19.770521 0 
2.77 0.05521933 -0.026560588 8.8215129e-06 0.027816352 -19.79402 0 
2.78 0.055696268 -0.026469219 9.1527081e-06 0.028069317 -19.817459 0 
2.79 0.056173358 -0.026382642 9.4950256e-06 0.028323743 -19.840837 0 
2.8 0.056650601 -0.026300812 9.8488135e-06 0.028579636 -19.864159 0 
2.8099999 0.057128016 -0.026223693 1.0214422e-05 0.028836995 -19.887421 0 
2.8199999 0.057605591 -0.026151247 1.0592181e-05 0.029095827 -19.910624 0 
2.8299999 0.058083341 -0.02608344 1.0982444e-05 0.029356131 -19.933765 0 
2.8399999 0.058561273 -0.026020225 1.138557e-05 0.029617911 -19.956848 0 
2.8499999 0.059039392 -0.025961569 1.1801947e-05 0.029881172 -19.979874 0 
2.8599999 0.059517696 -0.025907435 1.2232002e-05 0.030145915 -20.00284 0 
2.8699999 0.059996199 -0.025857782 1.267611e-05 0.030412141 -20.025743 0 
2.8800001 0.060474902 -0.025812572 1.3134686e-05 0.030679855 -20.048592 0 
2.8900001 0.060953811 -0.025771769 1.3608177e-05 0.030949062 -20.071381 0 
2.9000001 0.061432928 -0.025735337 1.4096985e-05 0.031219758 -20.094109 0 
2.9100001 0.061912265 -0.025703236 1.4601515e-05 0.031491954 -20.116777 0 
2.9200001 0.062391818 -0.025675433 1.5122234e-05 0.031765644 -20.139389 0 
2.9300001 0.062871598 -0.025651887 1.5659623e-05 0.032040838 -20.161942 0 
2.9400001 0.063351609 -0.025632568 1.6214177e-05 0.032317534 -20.184435 0 
2.95 0.063831866 -0.025617434 1.6786371e-05 0.032595735 -20.206869 0 
2.96 0.064312354 -0.025606455 1.7376698e-05 0.032875448 -20.229246 0 
2.97 0.064793095 -0.025599591 1.7985658e-05 0.033156671 -20.251564 0 
2.98 0.065274082 -0.025596814 1.8613793e-05 0.033439413 -20.273823 0 
2.99 0.065755337 -0.025598085 1.9261664e-05 0.033723667 -20.296022 0 
3 0.066236839 -0.025603371 1.9929794e-05 0.034009442 -20.318165 0 
3.01 0.066718616 -0.025612641 2.0618709e-05 0.03429674 -20.340246 0 
3.02 0.067200668 -0.02562586 2.1329017e-05 0.034585565 -20.36227 0 
3.03 0.067682989 -0.025642999 2.2061344e-05 0.034875914 -20.384237 0 
3.04 0.068165593 -0.02566402 2.2816281e-05 0.035167795 -20.406145 0 
3.05 0.068648487 -0.0256889 2.3594437e-05 0.035461206 -20.427992 0 
3.0599999 0.069131672 -0.025717601 2.4396471e-05 0.035756156 -20.449783 0 
3.0699999 0.069615155 -0.025750099 2.5223037e-05 0.036052644 -20.471518 0 
3.0799999 0.070098937 -0.025786359 2.6074777e-05 0.036350675 -20.493191 0 
3.0899999 0.070583023 -0.025826352 2.6952393e-05 0.03665024 -20.514807 0 
3.0999999 0.071067423 -0.025870055 2.7856577e-05 0.036951359 -20.536366 0 
3.1099999 0.071552128 -0.025917435 2.8788045e-05 0.037254024 -20.557865 0 
3.1199999 0.072037168 -0.025968464 2.9747549e-05 0.037558239 -20.579306 0 
3.1300001 0.072522521 -0.026023116 3.0735835e-05 0.037864007 -20.600687 0 
3.1400001 0.073008209 -0.026081366 3.1753643e-05 0.038171336 -20.622015 0 
3.1500001 0.073494226 -0.026143188 3.2801745e-05 0.038480218 -20.643282 0 
3.1600001 0.073980592 -0.026208552 3.388097e-05 0.038790662 -20.66449 0 
3.1700001 0.074467294 -0.026277436 3.4992157e-05 0.039102674 -20.68564 0 
3.1800001 0.074954346 -0.026349816 3.6136189e-05 0.039416246 -20.706736 0 
3.1900001 0.075441755 -0.026425667 3.7313868e-05 0.039731391 -20.72777 0 
3.2 0.075929515 -0.026504967 3.8526057e-05 0.0400481 -20.748747 0 
3.21 0.07641764 -0.026587693 3.9773688e-05 0.040366389 -20.769667 0 
3.22 0.076906137 -0.02667382 4.1057698e-05 0.040686253 -20.790527 0 
3.23 0.077395 -0.026763327 4.2379015e-05 0.041007694 -20.811333 0 
3.24 0.077884242 -0.026856197 4.3738586e-05 0.041330718 -20.832079 0 
3.25 0.078373857 -0.026952405 4.5137385e-05 0.041655321 -20.852768 0 
3.26 0.078863867 -0.027051929 4.657649e-05 0.041981511 -20.873398 0 
3.27 0.079354256 -0.027154757 4.8056911e-05 0.042309295 -20.89397 0 
3.28 0.079845041 -0.027260862 4.9579667e-05 0.042638663 -20.914486 0 
3.29 0.080336235 -0.027370226 5.1145875e-05 0.042969629 -20.934944 0 
3.3 0.080827817 -0.027482836 5.275659e-05 0.04330219 -20.955343 0 
3.3099999 0.081319824 -0.02759867 5.4412951e-05 0.043636344 -20.975687 0 
3.3199999 0.081812225 -0.027717713 5.6116165e-05 0.043972105 -20.995972 0 
3.3299999 0.082305051 -0.027839947 5.7867335e-05 0.044309467 -21.016199 0 
3.3399999 0.082798302 -0.027965358 5.9667724e-05 0.044648431 -21.036369 0 
3.3499999 0.083291963 -0.028093928 6.1518556e-05 0.044989005 -21.05648 0 
3.3599999 0.08378607 -0.028225645 6.3420986e-05 0.045331188 -21.076536 0 
3.3699999 0.08428061 -0.02836049 6.5376356e-05 0.045674983 -21.096535 0 
3.3800001 0.084775582 -0.028498452 6.738607e-05 0.046020396 -21.116474 0 
3.3900001 0.085271001 -0.028639516 6.9451402e-05 0.046367425 -21.136356 0 
3.4000001 0.085766859 -0.028783672 7.1573661e-05 0.046716079 -21.156181 0 
3.4100001 0.086263172 -0.028930902 7.375428e-05 0.04706635 -21.175949 0 
3.4200001 0.086759947 -0.029081199 7.5994729e-05 0.047418244 -21.19566 0 
3.4300001 0.087257177 -0.029234547 7.8296442e-05 0.047771763 -21.215315 0 
3.4400001 0.087754875 -0.029390939 8.0660888e-05 0.048126917 -21.234909 0 
3.45 0.088253036 -0.029550359 8.3089551e-05 0.048483696 -21.25445 0 
3.46 0.088751666 -0.029712802 8.5584041e-05 0.048842117 -21.27393 0 
3.47 0.089250788 -0.029878255 8.8145898e-05 0.049202166 -21.293356 0 
3.48 0.089750379 -0.030046709 9.0776717e-05 0.049563862 -21.312721 0 
3.49 0.090250462 -0.030218158 9.34782e-05 0.049927194 -21.332031 0 
3.5 0.09075103 -0.030392587 9.625205e-05 0.050292172 -21.351284 0 
3.51 0.091252096 -0.030569995 9.9099983e-05 0.050658792 -21.37048 0 
3.52 0.091753662 -0.030750372 0.0001020237 0.051027063 -21.389618 0 
3.53 0.092255726 -0.030933706 0.00010502501 0.051396985 -21.408699 0 
3.54 0.092758298 -0.031119997 0.00010810571 0.051768556 -21.427723 0 
3.55 0.093261391 -0.031309236 0.00011126773 0.052141782 -21.44669 0 
3.5599999 0.093764991 -0.031501416 0.00011451296 0.052516673 -21.465601 0 
3.5699999 0.094269104 -0.031696532 0.00011784329 0.052893214 -21.484451 0 
3.5799999 0.094773747 -0.031894583 0.00012126076 0.05327142 -21.503248 0 
3.5899999 0.095278926 -0.032095555 0.00012476739 0.053651292 -21.521986 0 
3.5999999 0.095784619 -0.032299455 0.00012836521 0.054032832 -21.54067 0 
3.6099999 0.096290864 -0.032506268 0.00013205632 0.054416038 -21.559294 0 
3.6199999 0.096797638 -0.032715999 0.00013584281 0.054800913 -21.57786 0 
3.6300001 0.09730497 -0.032928638 0.00013972697 0.055187467 -21.596373 0 
3.6400001 0.097812839 -0.033144191 0.00014371099 0.055575699 -21.614826 0 
3.6500001 0.098321266 -0.033362649 0.00014779711 0.055965602 -21.633221 0 
3.6600001 0.098830245 -0.03358401 0.00015198765 0.056357186 -21.651562 0 
3.6700001 0.099339783 -0.033808272 0.00015628501 0.056750458 -21.669846 0 
3.6800001 0.099849895 -0.034035441 0.00016069162 0.057145409 -21.688068 0 
3.6900001 0.10036058 -0.034265507 0.00016520983 0.057542048 -21.70624 0 
3.7 0.10087182 -0.034498472 0.00016984218 0.057940383 -21.724352 0 
3.71 0.10138365 -0.034734339 0.0001745913 0.058340404 -21.742405 0 
3.72 0.10189606 -0.034973104 0.00017945972 0.058742121 -21.760405 0 
3.73 0.10240906 -0.035214771 0.00018445007 0.059145533 -21.778345 0 
3.74 0.10292264 -0.03545934 0.00018956508 0.059550647 -21.79623 0 
3.75 0.10343681 -0.035706811 0.00019480748 0.05995746 -21.814056 0 
3.76 0.10395159 -0.035957184 0.00020018013 0.060365975 -21.831827 0 
3.77 0.10446697 -0.036210462 0.00020568582 0.060776196 -21.849541 0 
3.78 0.10498295 -0.036466651 0.00021132751 0.061188128 -21.867197 0 
3.79 0.10549954 -0.036725752 0.00021710813 0.061601765 -21.884796 0 
3.8 0.10601675 -0.036987759 0.00022303069 0.06201712 -21.90234 0 
3.8099999 0.10653456 -0.037252691 0.00022909835 0.062434185 -21.919825 0 
3.8199999 0.107053 -0.037520539 0.00023531418 0.062852971 -21.937254 0 
3.8299999 0.10757207 -0.037791312 0.00024168135 0.063273475 -21.954626 0 
3.8399999 0.10809177 -0.038065009 0.00024820317 0.063695699 -21.971941 0 
3.8499999 0.10861211 -0.038341645 0.00025488297 0.064119644 -21.989201 0 
3.8599999 0.10913308 -0.038621213 0.00026172408 0.064545318 -22.006401 0 
3.8699999 0.10965469 -0.038903724 0.00026872987 0.064972721 -22.023546 0 
3.8800001 0.11017695 -0.039189178 0.00027590391 0.065401852 -22.040632 0 
3.8900001 0.11069985 -0.03947759 0.00028324977 0.065832719 -22.057665 0 
3.9000001 0.11122341 -0.039768957 0.00029077107 0.066265315 -22.074638 0 
3.9100001 0.11174763 -0.040063288 0.00029847151 0.066699654 -22.091555 0 
3.9200001 0.11227251 -0.040360592 0.00030635481 0.067135736 -22.108416 0 
3.9300001 0.11279805 -0.040660873 0.00031442477 0.067573547 -22.125219 0 
3.9400001 0.11332426 -0.040964141 0.00032268534 0.068013109 -22.141966 0 
3.95 0.11385115 -0.041270398 0.0003311405 0.068454422 -22.158655 0 
3.96 0.11437871 -0.041579656 0.00033979421 0.068897478 -22.175287 0 
3.97 0.11490695 -0.041891921 0.00034865062 0.069342293 -22.191864 0 
3.98 0.11543588 -0.0422072 0.00035771384 0.069788851 -22.208384 0 
3.99 0.1159655 -0.042525504 0.00036698816 0.070237167 -22.224844 0 
4 0.11649581 -0.04284684 0.0003764779 0.070687242 -22.241249 0 
4.0100002 0.11702681 -0.04317122 0.00038618743 0.071139075 -22.257597 0 
4.02 0.11755853 -0.043498646 0.00039612129 0.071592674 -22.273888 0 
4.0300002 0.11809094 -0.043829128 0.00040628397 0.072048031 -22.290121 0 
4.04 0.11862405 -0.044162687 0.00041668015 0.072505154 -22.306299 0 
4.0500002 0.11915789 -0.044499323 0.00042731449 0.07296405 -22.322418 0 
4.0599999 0.11969244 -0.044839043 0.00043819178 0.073424719 -22.338482 0 
4.0700002 0.12022771 -0.04518187 0.00044931695 0.073887162 -22.354488 0 
4.0799999 0.1207637 -0.045527801 0.00046069489 0.07435137 -22.370438 0 
4.0900002 0.12130042 -0.045876857 0.00047233063 0.074817367 -22.38633 0 
4.0999999 0.12183788 -0.046229042 0.00048422939 0.075285144 -22.402164 0 
4.1100001 0.12237605 -0.046584371 0.00049639639 0.075754702 -22.417944 0 
4.1199999 0.12291498 -0.046942856 0.00050883682 0.076226041 -22.433664 0 
4.1300001 0.12345465 -0.047304507 0.00052155613 0.076699167 -22.449329 0 
4.1399999 0.12399507 -0.047669336 0.00053455977 0.077174082 -22.464935 0 
4.1500001 0.12453624 -0.048037358 0.0005478533 0.077650793 -22.480486 0 
4.1599998 0.12507816 -0.048408579 0.00056144234 0.078129292 -22.495979 0 
4.1700001 0.12562084 -0.048783019 0.00057533267 0.078609586 -22.511415 0 
4.1799998 0.12616429 -0.049160693 0.00058953022 0.079091683 -22.526793 0 
4.1900001 0.12670849 -0.0495416 0.00060404092 0.079575583 -22.542114 0 
4.1999998 0.12725347 -0.049925771 0.00061887078 0.080061279 -22.557379 0 
4.21 0.12779923 -0.050313208 0.00063402584 0.080548786 -22.572586 0 
4.2199998 0.12834576 -0.050703924 0.0006495124 0.081038095 -22.587736 0 
4.23 0.12889308 -0.051097941 0.00066533691 0.081529215 -22.602829 0 
4.2399998 0.12944117 -0.051495269 0.00068150565 0.082022145 -22.617865 0 
4.25 0.12999006 -0.05189592 0.00069802522 0.082516894 -22.632843 0 
4.2600002 0.13053975 -0.052299913 0.00071490242 0.083013445 -22.647764 0 
4.27 0.13109022 -0.052707266 0.00073214382 0.083511829 -22.662628 0 
4.2800002 0.13164151 -0.053117987 0.00074975629 0.084012032 -22.677435 0 
4.29 0.13219358 -0.05353209 0.00076774694 0.084514059 -22.692183 0 
4.3000002 0.13274647 -0.053949598 0.00078612281 0.085017905 -22.706875 0 
4.3099999 0.13330019 -0.054370519 0.00080489099 0.085523583 -22.721512 0 
4.3200002 0.1338547 -0.054794878 0.00082405889 0.086031094 -22.736088 0 
4.3299999 0.13441004 -0.055222683 0.0008436339 0.086540423 -22.750607 0 
4.3400002 0.13496621 -0.055653956 0.00086362351 0.087051593 -22.76507 0 
4.3499999 0.1355232 -0.056088705 0.00088403543 0.087564602 -22.779474 0 
4.3600001 0.13608103 -0.056526955 0.00090487744 0.088079453 -22.793821 0 
4.3699999 0.13663968 -0.056968726 0.00092615728 0.088596143 -22.808111 0 
4.3800001 0.13719918 -0.057414021 0.00094788318 0.089114673 -22.822346 0 
4.3899999 0.13775952 -0.057862874 0.00097006321 0.089635052 -22.836519 0 
4.4000001 0.1383207 -0.058315288 0.00099270558 0.090157285 -22.850637 0 
4.4099998 0.13888274 -0.058771286 0.0010158187 0.090681359 -22.864697 0 
4.4200001 0.13944563 -0.059230894 0.0010394112 0.091207288 -22.878698 0 
4.4299998 0.14000937 -0.059694119 0.0010634915 0.091735072 -22.892643 0 
4.4400001 0.14057398 -0.060160987 0.0010880686 0.092264712 -22.90653 0 
4.4499998 0.14113946 -0.060631514 0.0011131512 0.092796214 -22.920359 0 
4.46 0.14170581 -0.06110571 0.0011387486 0.093329579 -22.93413 0 
4.4699998 0.14227302 -0.061583608 0.0011648695 0.093864799 -22.947844 0 
4.48 0.14284112 -0.062065218 0.0011915237 0.094401896 -22.961498 0 
4.4899998 0.1434101 -0.06255056 0.0012187205 0.094940849 -22.975096 0 
4.5 0.14397995 -0.06303966 0.0012464692 0.095481686 -22.988638 0 
4.5100002 0.1445507 -0.063532531 0.0012747799 0.096024394 -23.002121 0 
4.52 0.14512235 -0.064029194 0.0013036623 0.096568972 -23.015545 0 
4.5300002 0.14569488 -0.064529672 0.0013331264 0.097115427 -23.02891 0 
4.54 0.14626832 -0.06503398 0.0013631824 0.097663768 -23.042217 0 
4.5500002 0.14684264 -0.065542147 0.0013938408 0.098213986 -23.05547 0 
4.5599999 0.1474179 -0.06605418 0.0014251117 0.098766096 -23.068663 0 
4.5700002 0.14799406 -0.066570111 0.0014570059 0.099320084 -23.081797 0 
4.5799999 0.14857112 -0.06708996 0.001489534 0.099875964 -23.094873 0 
4.5900002 0.1491491 -0.067613743 0.0015227072 0.10043374 -23.107891 0 
4.5999999 0.14972802 -0.068141483 0.0015565364 0.1009934 -23.12085 0 
4.6100001 0.15030786 -0.068673201 0.0015910328 0.10155496 -23.133753 0 
4.6199999 0.15088864 -0.069208927 0.0016262078 0.10211842 -23.146595 0 
4.6300001 0.15147033 -0.06974867 0.001662073 0.10268378 -23.159382 0 
4.6399999 0.15205297 -0.070292458 0.0016986399 0.10325105 -23.17211 0 
4.6500001 0.15263654 -0.070840314 0.0017359207 0.10382022 -23.184776 0 
4.6599998 0.15322107 -0.07139226 0.001773927 0.10439129 -23.197388 0 
4.6700001 0.15380654 -0.07194832 0.0018126714 0.10496429 -23.209938 0 
4.6799998 0.15439297 -0.072508506 0.0018521661 0.10553918 -23.222433 0 
4.6900001 0.15498033 -0.073072866 0.0018924237 0.106116 -23.234869 0 
4.6999998 0.15556867 -0.073641397 0.001933457 0.10669472 -23.247244 0 
4.71 0.15615799 -0.074214123 0.0019752786 0.10727537 -23.259562 0 
4.7199998 0.15674825 -0.074791089 0.002017902 0.10785794 -23.27182 0 
4.73 0.1573395 -0.075372308 0.0020613398 0.10844243 -23.284021 0 
4.7399998 0.15793172 -0.075957797 0.002105606 0.10902886 -23.296162 0 
4.75 0.1585249 -0.076547578 0.0021507139 0.1096172 -23.308245 0 
4.7600002 0.15911908 -0.077141695 0.0021966777 0.11020748 -23.320271 0 
4.77 0.15971425 -0.077740155 0.0022435109 0.1107997 -23.332235 0 
4.7800002 0.1603104 -0.078342982 0.0022912277 0.11139385 -23.344143 0 
4.79 0.16090755 -0.078950211 0.0023398425 0.11198994 -23.355989 0 
4.8000002 0.1615057 -0.079561859 0.0023893702 0.11258797 -23.367779 0 
4.8099999 0.16210483 -0.080177955 0.0024398253 0.11318792 -23.379507 0 
4.8200002 0.16270499 -0.080798514 0.0024912225 0.11378984 -23.391178 0 
4.8299999 0.16330613 -0.081423581 0.002543577 0.1143937 -23.40279 0 
4.8400002 0.16390832 -0.082053162 0.0025969045 0.11499951 -23.414343 0 
4.8499999 0.1645115 -0.082687296 0.00265122 0.11560727 -23.425835 0 
4.8600001 0.16511571 -0.083326012 0.0027065398 0.11621699 -23.437269 0 
4.8699999 0.16572092 -0.083969317 0.002762879 0.11682866 -23.448645 0 
4.8800001 0.16632719 -0.08461725 0.0028202545 0.11744229 -23.459961 0 
4.8899999 0.16693448 -0.085269839 0.0028786825 0.11805788 -23.471216 0 
4.9000001 0.1675428 -0.085927106 0.0029381793 0.11867543 -23.482412 0 
4.9099998 0.16815217 -0.086589083 0.0029987618 0.11929495 -23.493549 0 
4.9200001 0.16876256 -0.087255791 0.0030604468 0.11991644 -23.504627 0 
4.9299998 0.16937402 -0.087927267 0.0031232517 0.1205399 -23.515646 0 
4.9400001 0.16998653 -0.088603519 0.0031871942 0.12116532 -23.526604 0 
4.9499998 0.17060007 -0.089284591 0.0032522914 0.12179273 -23.537502 0 
4.96 0.17121467 -0.089970507 0.0033185612 0.12242211 -23.548342 0 
4.9699998 0.17183036 -0.090661295 0.0033860218 0.12305348 -23.55912 0 
4.98 0.17244709 -0.091356985 0.0034546917 0.12368681 -23.569841 0 
4.9899998 0.17306489 -0.092057593 0.0035245891 0.12432214 -23.580498 0 
5 0.17368376 -0.092763156 0.0035957333 0.12495945 -23.591101 0 
5.0100002 0.17430373 -0.09347371 0.0036681425 0.12559876 -23.601639 0 
5.02 0.17492476 -0.094189271 0.0037418366 0.12624004 -23.61212 0 
5.0300002 0.17554687 -0.094909884 0.0038168347 0.12688334 -23.62254 0 
5.04 0.17617008 -0.095635563 0.0038931563 0.12752862 -23.632898 0 
5.0500002 0.17679438 -0.096366331 0.0039708223 0.1281759 -23.643196 0 
5.0599999 0.17741975 -0.097102247 0.0040498516 0.12882517 -23.653435 0 
5.0700002 0.17804624 -0.097843312 0.0041302657 0.12947646 -23.663614 0 
5.0799999 0.17867382 -0.098589562 0.0042120842 0.13012975 -23.673731 0 
5.0900002 0.17930251 -0.099341035 0.0042953291 0.13078505 -23.68379 0 
5.0999999 0.17993233 -0.10009776 0.0043800208 0.13144234 -23.693789 0 
5.1100001 0.18056324 -0.10085975 0.0044661812 0.13210167 -23.703724 0 
5.1199999 0.18119529 -0.10162706 0.0045538312 0.132763 -23.7136 0 
5.1300001 0.18182844 -0.10239971 0.0046429941 0.13342634 -23.723417 0 
5.1399999 0.18246271 -0.10317773 0.0047336905 0.13409171 -23.73317 0 
5.1500001 0.18309811 -0.10396115 0.0048259445 0.13475908 -23.742865 0 
5.1599998 0.18373466 -0.10475001 0.0049197776 0.1354285 -23.752497 0 
5.1700001 0.18437232 -0.10554433 0.0050152135 0.13609993 -23.76207 0 
5.1799998 0.18501113 -0.10634415 0.0051122745 0.13677339 -23.77158 0 
5.1900001 0.18565111 -0.10714949 0.005210985 0.13744889 -23.781031 0 
5.1999998 0.1862922 -0.10796039 0.0053113685 0.13812643 -23.790419 0 
5.21 0.18693444 -0.10877688 0.0054134489 0.13880599 -23.799749 0 
5.2199998 0.18757786 -0.10959899 0.0055172513 0.13948758 -23.809015 0 
5.23 0.18822242 -0.11042676 0.005622799 0.14017121 -23.81822 0 
5.2399998 0.18886815 -0.11126023 0.0057301181 0.14085689 -23.827366 0 
5.25 0.18951504 -0.11209941 0.0058392328 0.14154463 -23.836447 0 
5.2600002 0.19016309 -0.11294435 0.0059501692 0.1422344 -23.845469 0 
5.27 0.19081232 -0.11379507 0.0060629533 0.1429262 -23.854427 0 
5.2800002 0.19146273 -0.11465161 0.0061776107 0.14362007 -23.863325 0 
5.29 0.19211432 -0.11551401 0.0062941671 0.144316 -23.872162 0 
5.3000002 0.1927671 -0.11638229 0.0064126509 0.14501397 -23.880938 0 
5.3099999 0.19342105 -0.1172565 0.0065330872 0.145714 -23.88965 0 
5.3200002 0.19407621 -0.11813666 0.006655504 0.14641608 -23.8983 0 
5.3299999 0.19473255 -0.11902281 0.0067799282 0.14712025 -23.906891 0 
5.3400002 0.19539009 -0.11991499 0.0069063888 0.14782646 -23.915417 0 
5.3499999 0.19604883 -0.12081321 0.0070349132 0.14853474 -23.923882 0 
5.3600001 0.19670878 -0.12171753 0.0071655298 0.1492451 -23.932283 0 
5.3699999 0.19736993 -0.12262799 0.0072982679 0.14995752 -23.940624 0 
5.3800001 0.1980323 -0.1235446 0.0074331551 0.15067202 -23.948902 0 
5.3899999 0.1986959 -0.12446741 0.0075702225 0.15138859 -23.957119 0 
5.4000001 0.1993607 -0.12539645 0.007709499 0.15210724 -23.965273 0 
5.4099998 0.20002672 -0.12633176 0.0078510148 0.15282796 -23.973364 0 
5.4200001 0.20069399 -0.12727338 0.0079947999 0.15355076 -23.98139 0 
5.4299998 0.20136249 -0.12822133 0.0081408843 0.15427567 -23.989357 0 
5.4400001 0.20203221 -0.12917566 0.0082893008 0.15500264 -23.997259 0 
5.4499998 0.20270316 -0.13013642 0.0084400792 0.15573171 -24.0051 0 
5.46 0.20337538 -0.13110359 0.0085932519 0.15646286 -24.012877 0 
5.4699998 0.20404881 -0.13207728 0.0087488508 0.1571961 -24.020594 0 
5.48 0.20472352 -0.13305748 0.0089069074 0.15793145 -24.028244 0 
5.4899998 0.20539947 -0.13404423 0.0090674544 0.15866889 -24.035831 0 
5.5 0.20607668 -0.13503757 0.0092305252 0.15940842 -24.043356 0 
5.5100002 0.20675516 -0.13603756 0.0093961544 0.16015005 -24.050817 0 
5.52 0.20743489 -0.13704421 0.0095643736 0.1608938 -24.058216 0 
5.5300002 0.20811588 -0.13805757 0.0097352173 0.16163966 -24.065552 0 
5.54 0.20879817 -0.13907768 0.009908719 0.16238761 -24.072824 0 
5.5500002 0.20948169 -0.14010458 0.010084917 0.16313766 -24.08003 0 
5.5599999 0.21016653 -0.14113829 0.010263842 0.16388983 -24.087175 0 
5.5700002 0.21085262 -0.14217886 0.010445531 0.16464412 -24.094255 0 
5.5799999 0.21154003 -0.14322633 0.01063002 0.16540052 -24.101273 0 
5.5900002 0.2122287 -0.14428073 0.010817346 0.16615903 -24.108225 0 
5.5999999 0.21291867 -0.14534211 0.011007544 0.16691966 -24.115114 0 
5.6100001 0.21360993 -0.14641051 0.01120065 0.16768242 -24.121941 0 
5.6199999 0.21430251 -0.14748596 0.011396704 0.1684473 -24.1287 0 
5.6300001 0.21499637 -0.1485685 0.011595741 0.16921431 -24.135397 0 
5.6399999 0.21569155 -0.14965819 0.011797802 0.16998343 -24.142029 0 
5.6500001 0.21638803 -0.15075503 0.012002921 0.17075469 -24.148598 0 
5.6599998 0.21708582 -0.15185909 0.01221114 0.17152807 -24.1551 0 
5.6700001 0.21778496 -0.15297039 0.012422496 0.1723036 -24.161539 0 
5.6799998 0.21848539 -0.15408899 0.012637029 0.17308126 -24.167913 0 
5.6900001 0.21918714 -0.15521494 0.01285478 0.17386106 -24.174223 0 
5.6999998 0.21989022 -0.15634823 0.013075789 0.17464299 -24.180468 0 
5.71 0.22059464 -0.15748896 0.013300096 0.17542706 -24.186647 0 
5.7199998 0.22130039 -0.15863712 0.013527742 0.17621326 -24.192762 0 
5.73 0.22200748 -0.15979278 0.013758767 0.17700163 -24.198812 0 
5.7399998 0.22271593 -0.160956 0.013993215 0.17779213 -24.204796 0 
5.75 0.2234257 -0.16212676 0.014231127 0.17858478 -24.210716 0 
5.7600002 0.22413683 -0.16330516 0.014472545 0.17937958 -24.21657 0 
5.77 0.2248493 -0.16449122 0.014717514 0.18017654 -24.222359 0 
5.7800002 0.22556312 -0.16568498 0.014966075 0.18097563 -24.228083 0 
5.79 0.22627832 -0.16688648 0.015218274 0.1817769 -24.23374 0 
5.8000002 0.22699487 -0.16809577 0.015474152 0.18258029 -24.239332 0 
5.8099999 0.2277128 -0.16931288 0.015733756 0.18338588 -24.24486 0 
5.8200002 0.22843207 -0.17053787 0.015997132 0.1841936 -24.250319 0 
5.8299999 0.22915272 -0.17177077 0.016264321 0.18500349 -24.255714 0 
5.8400002 0.22987477 -0.17301163 0.016535373 0.18581553 -24.261042 0 
5.8499999 0.23059818 -0.17426048 0.016810333 0.18662974 -24.266304 0 
5.8600001 0.23132297 -0.17551737 0.017089248 0.18744615 -24.2715 0 
5.8699999 0.23204915 -0.17678235 0.017372163 0.18826468 -24.276628 0 
5.8800001 0.23277673 -0.17805547 0.01765913 0.18908541 -24.281693 0 
5.8899999 0.23350568 -0.17933674 0.01795019 0.18990828 -24.28669 0 
5.9000001 0.23423605 -0.18062623 0.018245395 0.19073334 -24.29162 0 
5.9099998 0.2349678 -0.18192397 0.018544797 0.19156058 -24.296482 0 
5.9200001 0.23570095 -0.18323003 0.018848442 0.19238998 -24.301281 0 
5.9299998 0.23643552 -0.18454443 0.019156376 0.19322157 -24.306011 0 
5.9400001 0.23717149 -0.18586721 0.019468656 0.19405532 -24.310673 0 
5.9499998 0.23790886 -0.18719845 0.019785328 0.19489126 -24.315269 0 
5.96 0.23864767 -0.18853815 0.020106444 0.19572937 -24.319796 0 
5.9699998 0.23938788 -0.18988638 0.020432055 0.19656968 -24.324259 0 
5.98 0.24012952 -0.19124319 0.020762213 0.19741216 -24.328651 0 
5.9899998 0.24087258 -0.19260859 0.021096971 0.19825682 -24.332979 0 
6 0.24161707 -0.19398266 0.021436384 0.19910368 -24.337238 0 
6.0100002 0.24236298 -0.19536544 0.021780498 0.19995271 -24.341431 0 
6.02 0.24311033 -0.19675697 0.022129374 0.20080394 -24.345552 0 
6.0300002 0.24385911 -0.1981573 0.022483062 0.20165735 -24.349609 0 
6.04 0.24460934 -0.19956645 0.022841617 0.20251295 -24.353598 0 
6.0500002 0.24536102 -0.20098449 0.023205098 0.20337074 -24.357517 0 
6.0599999 0.24611413 -0.20241149 0.023573553 0.20423073 -24.361368 0 
6.0700002 0.24686871 -0.20384745 0.023947045 0.20509289 -24.36515 0 
6.0799999 0.24762473 -0.20529243 0.024325626 0.20595726 -24.368866 0 
6.0900002 0.2483822 -0.20674649 0.024709351 0.20682384 -24.372511 0 
6.0999999 0.24914114 -0.20820966 0.025098287 0.20769259 -24.376089 0 
6.1100001 0.24990153 -0.209682 0.02549248 0.20856355 -24.379601 0 
6.1199999 0.2506634 -0.21116355 0.025891997 0.20943671 -24.383039 0 
6.1300001 0.25142673 -0.21265435 0.026296889 0.21031205 -24.386412 0 
6.1399999 0.25219151 -0.21415448 0.026707225 0.2111896 -24.389715 0 
6.1500001 0.25295779 -0.21566394 0.027123054 0.21206935 -24.392948 0 
6.1599998 0.25372553 -0.2171828 0.027544444 0.2129513 -24.396111 0 
6.1700001 0.25449476 -0.21871111 0.027971452 0.21383546 -24.399206 0 
6.1799998 0.25526544 -0.22024892 0.028404141 0.2147218 -24.402233 0 
6.1900001 0.25603765 -0.22179626 0.02884257 0.21561036 -24.40519 0 
6.1999998 0.25681132 -0.22335319 0.029286806 0.21650112 -24.408075 0 
6.21 0.25758648 -0.22491977 0.029736904 0.21739407 -24.410892 0 
6.2199998 0.25836316 -0.22649603 0.030192936 0.21828923 -24.413639 0 
6.23 0.25914133 -0.22808202 0.030654958 0.2191866 -24.416317 0 
6.2399998 0.25992098 -0.22967778 0.031123037 0.22008617 -24.418924 0 
6.25 0.26070213 -0.23128338 0.031597238 0.22098795 -24.421461 0 
6.2600002 0.2614848 -0.23289886 0.032077629 0.22189192 -24.423927 0 
6.27 0.26226896 -0.23452425 0.032564268 0.22279811 -24.426323 0 
6.2800002 0.26305464 -0.23615962 0.033057224 0.2237065 -24.42865 0 
6.29 0.26384181 -0.23780502 0.033556569 0.22461709 -24.430904 0 
6.3000002 0.26463053 -0.2394605 0.034062367 0.22552989 -24.43309 0 
6.3099999 0.26542073 -0.24112606 0.03457468 0.22644491 -24.435204 0 
6.3200002 0.26621246 -0.24280183 0.035093583 0.22736213 -24.437246 0 
6.3299999 0.26700574 -0.24448781 0.035619143 0.22828154 -24.439219 0 
6.3400002 0.26780051 -0.24618405 0.036151432 0.22920318 -24.441118 0 
6.3499999 0.26859683 -0.24789059 0.036690507 0.23012699 -24.442947 0 
6.3600001 0.26939467 -0.24960753 0.037236456 0.23105304 -24.444706 0 
6.3699999 0.27019405 -0.25133488 0.037789337 0.23198126 -24.446392 0 
6.3800001 0.27099493 -0.25307268 0.038349226 0.23291172 -24.448008 0 
6.3899999 0.27179739 -0.25482097 0.038916193 0.23384437 -24.449549 0 
6.4000001 0.27260137 -0.25657985 0.039490312 0.23477922 -24.451019 0 
6.4099998 0.27340689 -0.25834936 0.040071651 0.23571628 -24.452419 0 
6.4200001 0.27421394 -0.26012951 0.040660292 0.23665553 -24.453749 0 
6.4299998 0.27502257 -0.26192036 0.041256301 0.23759697 -24.455002 0 
6.4400001 0.27583271 -0.26372197 0.041859757 0.23854065 -24.456186 0 
6.4499998 0.27664444 -0.26553443 0.042470735 0.2394865 -24.457296 0 
6.46 0.27745768 -0.26735774 0.043089304 0.24043457 -24.458334 0 
6.4699998 0.27827251 -0.26919195 0.043715544 0.24138483 -24.459299 0 
6.48 0.27908888 -0.2710371 0.044349536 0.2423373 -24.460192 0 
6.4899998 0.27990681 -0.27289328 0.044991352 0.24329194 -24.461012 0 
6.5 0.28072628 -0.27476054 0.045641072 0.24424881 -24.461758 0 
6.5100002 0.28154737 -0.2766389 0.046298768 0.24520785 -24.462431 0 
6.52 0.28236997 -0.27852839 0.04696453 0.24616911 -24.463032 0 
6.5300002 0.28319415 -0.28042912 0.047638424 0.24713254 -24.46356 0 
6.54 0.28401992 -0.28234112 0.048320539 0.24809818 -24.464012 0 
6.5500002 0.2848472 -0.28426442 0.049010951 0.24906598 -24.464394 0 
6.5599999 0.28567612 -0.28619909 0.049709741 0.250036 -24.464701 0 
6.5700002 0.28650656 -0.28814515 0.050416995 0.25100818 -24.464931 0 
6.5799999 0.28733861 -0.29010269 0.051132791 0.25198257 -24.46509 0 
6.5900002 0.28817222 -0.29207173 0.051857211 0.25295913 -24.465174 0 
6.5999999 0.28900743 -0.29405233 0.052590337 0.25393787 -24.465185 0 
6.6100001 0.28984419 -0.29604459 0.053332254 0.25491881 -24.46512 0 
6.6199999 0.29068252 -0.2980485 0.054083049 0.2559019 -24.464981 0 
6.6300001 0.2915225 -0.30006409 0.0548428 0.2568872 -24.464769 0 
6.6399999 0.29236403 -0.30209142 0.055611599 0.25787467 -24.464481 0 
6.6500001 0.29320711 -0.30413064 0.056389526 0.25886431 -24.464117 0 
6.6599998 0.2940518 -0.3061817 0.057176676 0.2598561 -24.46368 0 
6.6700001 0.29489809 -0.30824465 0.057973124 0.26085007 -24.463169 0 
6.6799998 0.29574597 -0.31031957 0.058778968 0.26184621 -24.46258 0 
6.6900001 0.29659542 -0.31240654 0.059594288 0.26284453 -24.461918 0 
6.6999998 0.29744652 -0.31450555 0.060419183 0.263845 -24.461178 0 
6.71 0.29829916 -0.31661668 0.061253726 0.26484764 -24.460365 0 
6.7199998 0.29915339 -0.31873995 0.062098023 0.26585242 -24.459476 0 
6.73 0.30000925 -0.32087547 0.062952153 0.26685935 -24.458509 0 
6.7399998 0.30086669 -0.32302326 0.063816212 0.26786843 -24.457468 0 
6.75 0.30172578 -0.32518336 0.064690292 0.26887965 -24.45635 0 
6.7600002 0.30258638 -0.32735583 0.065574482 0.26989305 -24.455156 0 
6.77 0.30344862 -0.3295407 0.066468872 0.27090856 -24.453886 0 
6.7800002 0.3043125 -0.33173805 0.067373566 0.27192622 -24.452541 0 
6.79 0.3051779 -0.3339479 0.068288639 0.272946 -24.451118 0 
6.8000002 0.30604494 -0.33617035 0.069214202 0.27396795 -24.449619 0 
6.8099999 0.30691361 -0.3384054 0.070150346 0.27499199 -24.448042 0 
6.8200002 0.30778387 -0.34065309 0.071097165 0.27601817 -24.446388 0 
6.8299999 0.30865574 -0.34291351 0.072054751 0.27704647 -24.444658 0 
6.8400002 0.30952922 -0.34518668 0.073023207 0.27807692 -24.44285 0 
6.8499999 0.31040424 -0.34747273 0.074002631 0.27910942 -24.440964 0 
6.8600001 0.31128094 -0.34977156 0.074993111 0.28014407 -24.439001 0 
6.8699999 0.31215921 -0.35208336 0.075994745 0.28118083 -24.436962 0 
6.8800001 0.31303909 -0.35440806 0.077007644 0.28221968 -24.434845 0 
6.8899999 0.31392062 -0.35674584 0.078031898 0.28326061 -24.43265 0 
6.9000001 0.31480372 -0.35909662 0.07906761 0.28430364 -24.430376 0 
6.9099998 0.31568843 -0.36146054 0.080114879 0.28534877 -24.428024 0 
6.9200001 0.31657472 -0.36383757 0.081173807 0.286396 -24.425592 0 
6.9299998 0.31746265 -0.36622787 0.082244501 0.28744528 -24.423086 0 
6.9400001 0.31835219 -0.36863136 0.083327048 0.28849667 -24.420498 0 
6.9499998 0.31924331 -0.37104818 0.084421568 0.2895501 -24.417833 0 
6.96 0.32013607 -0.37347835 0.085528158 0.29060557 -24.415089 0 
6.9699998 0.32103044 -0.37592191 0.086646914 0.29166314 -24.412266 0 
6.98 0.32192641 -0.37837887 0.087777942 0.29272276 -24.409363 0 
6.9899998 0.32282397 -0.38084936 0.088921361 0.29378441 -24.406382 0 
7 0.32372317 -0.38333341 0.090077266 0.29484811 -24.40332 0 
7.0100002 0.32462397 -0.385831 0.09124577 0.29591385 -24.400181 0 
7.02 0.32552633 -0.38834226 0.092426963 0.29698163 -24.396961 0 
7.0300002 0.32643035 -0.39086717 0.093620971 0.29805142 -24.393663 0 
7.04 0.32733595 -0.3934058 0.094827898 0.29912326 -24.390284 0 
7.0500002 0.32824314 -0.39595821 0.096047841 0.30019706 -24.386824 0 
7.0599999 0.32915193 -0.39852443 0.097280912 0.3012729 -24.383284 0 
7.0700002 0.33006236 -0.40110454 0.098527238 0.30235073 -24.379665 0 
7.0799999 0.33097437 -0.4036985 0.099786907 0.30343059 -24.375967 0 
7.0900002 0.33188796 -0.40630648 0.10106006 0.30451241 -24.372185 0 
7.0999999 0.33280319 -0.40892842 0.10234676 0.3055962 -24.368324 0 
7.1100001 0.33371997 -0.41156438 0.10364716 0.30668196 -24.364382 0 
7.1199999 0.33463839 -0.41421449 0.10496136 0.30776972 -24.360359 0 
7.1300001 0.33555838 -0.41687867 0.10628947 0.30885941 -24.356256 0 
7.1399999 0.33647999 -0.41955706 0.1076316 0.30995104 -24.352072 0 
7.1500001 0.33740315 -0.42224964 0.10898788 0.31104463 -24.347805 0 
7.1599998 0.33832794 -0.42495653 0.11035841 0.3121402 -24.343458 0 
7.1700001 0.33925432 -0.42767769 0.11174331 0.31323764 -24.339029 0 
7.1799998 0.34018227 -0.43041322 0.11314268 0.31433702 -24.334518 0 
7.1900001 0.34111181 -0.43316311 0.11455667 0.31543833 -24.329924 0 
7.1999998 0.34204292 -0.43592745 0.11598537 0.31654152 -24.325249 0 
7.21 0.34297565 -0.43870625 0.11742891 0.31764659 -24.320494 0 
7.2199998 0.34390995 -0.44149959 0.1188874 0.31875357 -24.315655 0 
7.23 0.3448458 -0.44430751 0.12036097 0.31986246 -24.310734 0 
7.2399998 0.34578323 -0.44712996 0.12184973 0.32097319 -24.305729 0 
7.25 0.34672228 -0.44996712 0.1233538 0.32208577 -24.300642 0 
7.2600002 0.34766287 -0.45281893 0.1248733 0.32320023 -24.295475 0 
7.27 0.34860504 -0.45568544 0.12640835 0.32431653 -24.29022 0 
7.2800002 0.34954879 -0.45856676 0.12795907 0.32543463 -24.284885 0 
7.29 0.35049406 -0.46146286 0.1295256 0.3265546 -24.279467 0 
7.3000002 0.35144091 -0.46437377 0.13110805 0.32767633 -24.273964 0 
7.3099999 0.35238934 -0.46729955 0.13270652 0.3287999 -24.268379 0 
7.3200002 0.35333931 -0.47024027 0.13432118 0.32992527 -24.262709 0 
7.3299999 0.35429081 -0.47319594 0.13595212 0.33105239 -24.256958 0 
7.3400002 0.35524392 -0.47616658 0.13759947 0.3321813 -24.251122 0 
7.3499999 0.35619852 -0.47915226 0.13926336 0.33331198 -24.245199 0 
7.3600001 0.3571547 -0.482153 0.14094391 0.3344444 -24.239195 0 
7.3699999 0.35811242 -0.48516884 0.14264126 0.33557856 -24.233105 0 
7.3800001 0.35907167 -0.4881998 0.14435552 0.33671445 -24.226931 0 
7.3899999 0.36003244 -0.49124593 0.14608684 0.33785209 -24.220673 0 
7.4000001 0.36099476 -0.49430725 0.14783531 0.33899137 -24.214331 0 
7.4099998 0.36195859 -0.49738383 0.14960109 0.34013239 -24.207903 0 
7.4200001 0.36292395 -0.5004757 0.15138431 0.3412751 -24.201389 0 
7.4299998 0.36389083 -0.50358284 0.15318508 0.34241945 -24.194792 0 
7.4400001 0.36485922 -0.50670528 0.15500355 0.34356546 -24.18811 0 
7.4499998 0.36582914 -0.50984311 0.15683982 0.34471309 -24.181339 0 
7.46 0.36680058 -0.51299638 0.15869406 0.34586239 -24.174486 0 
7.4699998 0.36777347 -0.51616502 0.16056636 0.34701332 -24.167547 0 
7.48 0.36874789 -0.5193491 0.1624569 0.34816587 -24.160521 0 
7.4899998 0.3697238 -0.52254874 0.16436577 0.34931996 -24.153408 0 
7.5 0.37070119 -0.52576381 0.16629311 0.35047564 -24.146212 0 
7.5100002 0.37168008 -0.5289945 0.16823907 0.35163292 -24.138927 0 
7.52 0.37266046 -0.53224075 0.1702038 0.3527917 -24.131557 0 
7.5300002 0.3736423 -0.53550255 0.17218739 0.35395205 -24.1241 0 
7.54 0.37462562 -0.53878003 0.17419 0.35511392 -24.116558 0 
7.5500002 0.37561038 -0.54207313 0.17621176 0.35627732 -24.108927 0 
7.5599999 0.3765966 -0.5453819 0.17825283 0.35744214 -24.10121 0 
7.5700002 0.37758428 -0.54870641 0.1803133 0.35860851 -24.093407 0 
7.5799999 0.37857342 -0.5520466 0.18239336 0.35977629 -24.085514 0 
7.5900002 0.37956399 -0.55540258 0.18449308 0.36094558 -24.077536 0 
7.5999999 0.38055602 -0.55877429 0.18661267 0.36211625 -24.069471 0 
7.6100001 0.38154948 -0.5621618 0.18875222 0.36328837 -24.061316 0 
7.6199999 0.38254434 -0.56556517 0.19091189 0.36446187 -24.053074 0 
7.6300001 0.38354063 -0.56898433 0.19309181 0.36563674 -24.044746 0 
7.6399999 0.38453832 -0.5724194 0.19529212 0.36681297 -24.036329 0 
7.6500001 0.38553742 -0.57587028 0.19751297 0.36799058 -24.027824 0 
7.6599998 0.38653794 -0.57933706 0.19975449 0.36916953 -24.01923 0 
7.6700001 0.38753983 -0.58281976 0.20201683 0.37034979 -24.01055 0 
7.6799998 0.38854313 -0.58631843 0.20430014 0.37153134 -24.001778 0 
7.6900001 0.3895478 -0.58983302 0.20660451 0.37271416 -23.99292 0 
7.6999998 0.39055386 -0.59336352 0.20893016 0.37389824 -23.983971 0 
7.71 0.39156127 -0.59691006 0.21127719 0.37508354 -23.974934 0 
7.7199998 0.39257002 -0.60047257 0.21364573 0.37627012 -23.965809 0 
7.73 0.39358014 -0.60405105 0.21603595 0.37745789 -23.956594 0 
7.7399998 0.3945916 -0.60764557 0.21844798 0.37864682 -23.947289 0 
7.75 0.3956044 -0.61125606 0.22088197 0.37983695 -23.937897 0 
7.7600002 0.39661855 -0.61488265 0.22333808 0.38102818 -23.928413 0 
7.77 0.39763397 -0.61852527 0.22581643 0.38222057 -23.91884 0 
7.7800002 0.39865074 -0.62218392 0.22831719 0.38341409 -23.909178 0 
7.79 0.39966878 -0.6258586 0.23084047 0.38460866 -23.899424 0 
7.8000002 0.40068817 -0.62954938 0.23338646 0.38580433 -23.889582 0 
7.8099999 0.40170881 -0.6332562 0.23595527 0.38700104 -23.879648 0 
7.8200002 0.40273073 -0.63697916 0.23854709 0.38819873 -23.869623 0 
7.8299999 0.40375391 -0.6407181 0.24116202 0.3893975 -23.859509 0 
7.8400002 0.40477839 -0.64447325 0.24380022 0.39059722 -23.849306 0 
7.8499999 0.4058041 -0.64824438 0.24646187 0.39179787 -23.83901 0 
7.8600001 0.40683103 -0.6520316 0.24914709 0.3929995 -23.828625 0 
7.8699999 0.40785924 -0.65583491 0.25185603 0.39420199 -23.818146 0 
7.8800001 0.40888864 -0.65965432 0.25458884 0.39540544 -23.807577 0 
7.8899999 0.40991926 -0.66348982 0.25734571 0.39660972 -23.796917 0 
7.9000001 0.41095108 -0.66734141 0.26012671 0.39781484 -23.786167 0 
7.9099998 0.41198409 -0.67120904 0.26293206 0.39902079 -23.775326 0 
7.9200001 0.41301832 -0.67509276 0.26576191 0.40022755 -23.764391 0 
7.9299998 0.41405371 -0.67899251 0.26861635 0.40143508 -23.753365 0 
7.9400001 0.41509023 -0.6829083 0.27149561 0.40264335 -23.742247 0 
7.9499998 0.41612795 -0.68684018 0.27439976 0.40385234 -23.731035 0 
7.96 0.41716677 -0.69078809 0.27732903 0.40506202 -23.719734 0 
7.9699998 0.41820672 -0.69475204 0.28028351 0.40627241 -23.70834 0 
7.98 0.41924784 -0.6987319 0.28326339 0.4074834 -23.696854 0 
7.9899998 0.42029005 -0.70272785 0.2862688 0.40869507 -23.685274 0 
8 0.42133331 -0.70673972 0.28929994 0.40990728 -23.673601 0 
8.0100002 0.42237774 -0.71076763 0.29235691 0.41112009 -23.661837 0 
8.0200005 0.42342317 -0.71481144 0.2954399 0.4123334 -23.649979 0 
8.0299997 0.42446971 -0.71887124 0.298549 0.41354731 -23.638029 0 
8.04 0.42551729 -0.72294688 0.30168447 0.41476163 -23.625984 0 
8.0500002 0.42656589 -0.72703844 0.30484635 0.41597641 -23.613848 0 
8.0600004 0.42761555 -0.73114586 0.3080349 0.41719165 -23.601618 0 
8.0699997 0.42866617 -0.73526913 0.31125021 0.41840726 -23.589294 0 
8.0799999 0.42971784 -0.7394082 0.31449243 0.41962329 -23.576876 0 
8.0900002 0.43077049 -0.74356306 0.31776175 0.42083964 -23.564365 0 
8.1000004 0.43182412 -0.74773371 0.32105833 0.42205629 -23.55176 0 
8.1099997 0.4328787 -0.7519201 0.32438231 0.42327321 -23.539062 0 
8.1199999 0.43393421 -0.75612223 0.32773378 0.42449042 -23.52627 0 
8.1300001 0.4349907 -0.76034003 0.33111304 0.42570782 -23.513382 0 
8.1400003 0.43604806 -0.7645734 0.33452013 0.42692542 -23.500401 0 
8.1499996 0.43710637 -0.76882243 0.33795527 0.42814317 -23.487324 0 
8.1599998 0.43816555 -0.77308702 0.34141856 0.42936105 -23.474154 0 
8.1700001 0.43922558 -0.77736717 0.34491017 0.43057904 -23.460888 0 
8.1800003 0.44028652 -0.78166282 0.34843034 0.43179709 -23.447529 0 
8.1899996 0.44134828 -0.78597385 0.35197911 0.43301514 -23.434074 0 
8.1999998 0.44241089 -0.79030037 0.35555673 0.43423322 -23.420525 0 
8.21 0.44347432 -0.79464221 0.35916325 0.43545127 -23.406881 0 
8.2200003 0.44453856 -0.79899943 0.36279896 0.4366692 -23.393143 0 
8.2299995 0.44560355 -0.80337185 0.3664639 0.43788707 -23.379307 0 
8.2399998 0.44666937 -0.80775958 0.37015831 0.4391048 -23.365376 0 
8.25 0.44773591 -0.81216246 0.37388235 0.44032231 -23.351351 0 
8.2600002 0.44880319 -0.81658053 0.37763608 0.44153965 -23.337229 0 
8.2700005 0.44987121 -0.82101357 0.38141975 0.44275671 -23.323011 0 
8.2799997 0.45093992 -0.82546169 0.38523346 0.44397354 -23.308701 0 
8.29 0.45200932 -0.82992476 0.38907745 0.44518998 -23.294291 0 
8.3000002 0.45307937 -0.8344028 0.39295182 0.4464061 -23.279785 0 
8.3100004 0.45415014 -0.83889556 0.39685673 0.44762185 -23.265184 0 
8.3199997 0.45522153 -0.84340328 0.4007923 0.44883716 -23.250488 0 
8.3299999 0.45629352 -0.8479256 0.40475875 0.45005196 -23.235695 0 
8.3400002 0.45736611 -0.85246259 0.40875626 0.45126629 -23.220806 0 
8.3500004 0.45843929 -0.85701418 0.4127849 0.45248008 -23.20582 0 
8.3599997 0.45951307 -0.86158037 0.41684487 0.45369324 -23.190737 0 
8.3699999 0.46058735 -0.86616087 0.42093635 0.45490578 -23.175558 0 
8.3800001 0.4616622 -0.87075585 0.42505947 0.45611766 -23.160282 0 
8.3900003 0.46273753 -0.87536514 0.42921439 0.45732886 -23.144909 0 
8.3999996 0.46381339 -0.87998867 0.43340129 0.45853928 -23.129436 0 
8.4099998 0.46488971 -0.88462633 0.43762034 0.45974889 -23.113871 0 
8.4200001 0.46596646 -0.88927805 0.44187161 0.46095774 -23.098206 0 
8.4300003 0.46704367 -0.89394379 0.44615537 0.46216562 -23.082445 0 
8.4399996 0.46812132 -0.89862347 0.4504717 0.46337265 -23.066586 0 
8.4499998 0.46919933 -0.90331692 0.45482078 0.46457869 -23.050631 0 
8.46 0.47027773 -0.90802413 0.4592028 0.46578375 -23.034578 0 
8.4700003 0.47135648 -0.91274494 0.46361783 0.46698773 -23.018425 0 
8.4799995 0.47243553 -0.91747934 0.4680661 0.46819064 -23.002178 0 
8.4899998 0.47351494 -0.9222272 0.47254774 0.46939242 -22.985832 0 
8.5 0.47459459 -0.92698842 0.47706294 0.47059301 -22.969387 0 
8.5100002 0.47567454 -0.93176299 0.48161182 0.47179234 -22.952847 0 
8.5200005 0.47675475 -0.93655068 0.48619452 0.47299042 -22.936205 0 
8.5299997 0.47783518 -0.94135141 0.49081126 0.4741872 -22.919468 0 
8.54 0.47891581 -0.94616514 0.49546209 0.47538257 -22.902632 0 
8.5500002 0.47999659 -0.95099169 0.50014728 0.47657654 -22.885698 0 
8.5600004 0.48107758 -0.95583111 0.50486696 0.47776905 -22.868666 0 
8.5699997 0.48215869 -0.96068305 0.5096212 0.47896004 -22.851534 0 
8.5799999 0.48323992 -0.9655475 0.51441026 0.48014948 -22.834305 0 
8.5900002 0.48432121 -0.97042447 0.51923418 0.48133728 -22.816978 0 
8.6000004 0.48540255 -0.97531366 0.52409321 0.48252344 -22.799553 0 
8.6099997 0.48648399 -0.98021507 0.52898753 0.48370788 -22.782028 0 
8.6199999 0.4875654 -0.98512852 0.53391713 0.48489055 -22.764406 0 
8.6300001 0.48864681 -0.99005389 0.53888237 0.48607141 -22.746683 0 
8.6400003 0.48972821 -0.994991 0.54388326 0.48725042 -22.728863 0 
8.6499996 0.49080953 -0.99993992 0.54891998 0.48842749 -22.710943 0 
8.6599998 0.49189079 -1.0049003 0.55399269 0.4896026 -22.692924 0 
8.6700001 0.49297193 -1.0098722 0.55910158 0.4907757 -22.674809 0 
8.6800003 0.49405292 -1.0148553 0.56424671 0.4919467 -22.656593 0 
8.6899996 0.49513379 -1.0198494 0.56942832 0.49311554 -22.638279 0 
8.6999998 0.49621445 -1.0248547 0.57464653 0.49428222 -22.619864 0 
8.71 0.4972949 -1.0298707 0.57990146 0.49544665 -22.601349 0 
8.7200003 0.49837512 -1.0348976 0.58519328 0.49660879 -22.582737 0 
8.7299995 0.49945509 -1.039935 0.59052211 0.49776861 -22.564026 0 
8.7399998 0.50053477 -1.0449827 0.59588814 0.49892598 -22.545216 0 
8.75 0.50161409 -1.0500407 0.60129148 0.50008088 -22.526306 0 
8.7600002 0.50269312 -1.0551089 0.60673231 0.50123328 -22.507298 0 
8.7700005 0.50377172 -1.060187 0.61221075 0.50238299 -22.488188 0 
8.7799997 0.50484991 -1.0652748 0.61772698 0.5035302 -22.468979 0 
8.79 0.50592768 -1.0703722 0.62328112 0.50467461 -22.449671 0 
8.8000002 0.50700504 -1.0754791 0.62887323 0.50581628 -22.430264 0 
8.8100004 0.50808185 -1.0805955 0.6345036 0.50695515 -22.410757 0 
8.8199997 0.50915819 -1.0857208 0.6401723 0.50809109 -22.391151 0 
8.8299999 0.51023394 -1.090855 0.64587945 0.50922412 -22.371447 0 
8.8400002 0.51130915 -1.095998 0.65162528 0.51035416 -22.351641 0 
8.8500004 0.5123837 -1.1011497 0.65740979 0.51148111 -22.331736 0 
8.8599997 0.51345766 -1.1063097 0.66323322 0.51260489 -22.311731 0 
8.8699999 0.51453096 -1.111478 0.6690957 0.51372552 -22.291626 0 
8.8800001 0.51560354 -1.1166542 0.67499727 0.51484281 -22.271423 0 
8.8900003 0.51667535 -1.1218382 0.68093824 0.51595688 -22.251118 0 
8.8999996 0.51774645 -1.12703 0.68691862 0.51706743 -22.230715 0 
8.9099998 0.51881671 -1.1322291 0.69293857 0.51817465 -22.210213 0 
8.9200001 0.5198862 -1.1374356 0.69899827 0.51927829 -22.18961 0 
8.9300003 0.52095479 -1.1426491 0.70509773 0.52037835 -22.168905 0 
8.9399996 0.52202249 -1.1478693 0.71123719 0.52147472 -22.148106 0 
8.9499998 0.52308929 -1.1530962 0.71741676 0.52256739 -22.127203 0 
8.96 0.52415508 -1.1583295 0.72363657 0.52365625 -22.106201 0 
8.9700003 0.52521992 -1.163569 0.72989678 0.52474129 -22.0851 0 
8.9799995 0.52628368 -1.1688147 0.73619741 0.52582234 -22.0639 0 
8.9899998 0.52734643 -1.1740658 0.74253875 0.5268994 -22.042597 0 
9 0.52840811 -1.1793227 0.7489208 0.5279724 -22.021196 0 
9.0100002 0.5294686 -1.1845849 0.75534368 0.52904123 -21.999695 0 
9.0200005 0.53052795 -1.1898521 0.76180756 0.53010589 -21.978096 0 
9.0299997 0.53158611 -1.1951241 0.76831263 0.5311662 -21.956396 0 
9.04 0.53264302 -1.2004008 0.77485883 0.53222215 -21.934597 0 
9.0500002 0.53369868 -1.2056818 0.78144646 0.53327364 -21.912699 0 
9.0600004 0.53475302 -1.2109671 0.78807551 0.53432071 -21.890699 0 
9.0699997 0.535806 -1.2162561 0.79474622 0.53536308 -21.868601 0 
9.0799999 0.5368576 -1.2215489 0.8014586 0.53640085 -21.846403 0 
9.0900002 0.53790784 -1.2268449 0.80821282 0.53743392 -21.824106 0 
9.1000004 0.53895652 -1.2321441 0.81500894 0.5384621 -21.801708 0 
9.1099997 0.54000378 -1.2374462 0.8218472 0.53948539 -21.779213 0 
9.1199999 0.54104948 -1.242751 0.82872754 0.54050374 -21.756617 0 
9.1300001 0.54209363 -1.2480581 0.83565021 0.54151702 -21.733921 0 
9.1400003 0.54313618 -1.2533672 0.84261519 0.54252517 -21.711126 0 
9.1499996 0.54417706 -1.2586781 0.84962273 0.54352814 -21.688232 0 
9.1599998 0.54521626 -1.2639906 0.85667288 0.5445258 -21.665237 0 
9.1700001 0.54625374 -1.2693044 0.86376572 0.54551804 -21.642143 0 
9.1800003 0.54728949 -1.274619 0.87090135 0.54650491 -21.618954 0 
9.1899996 0.54832339 -1.2799343 0.87807983 0.54748619 -21.595663 0 
9.1999998 0.54935539 -1.2852501 0.88530135 0.54846185 -21.572271 0 
9.21 0.55038559 -1.290566 0.89256597 0.54943186 -21.54878 0 
9.2200003 0.55141383 -1.2958816 0.89987379 0.55039603 -21.525194 0 
9.2299995 0.55244011 -1.3011968 0.90722489 0.55135441 -21.501507 0 
9.2399998 0.55346435 -1.306511 0.91461945 0.55230671 -21.47772 0 
9.25 0.55448657 -1.3118243 0.92205745 0.55325305 -21.453838 0 
9.2600002 0.55550665 -1.3171362 0.92953902 0.55419326 -21.429853 0 
9.2700005 0.55652463 -1.3224462 0.93706423 0.55512726 -21.405771 0 
9.2799997 0.55754036 -1.3277543 0.94463319 0.55605489 -21.381592 0 
9.29 0.55855393 -1.3330599 0.95224607 0.5569762 -21.357313 0 
9.3000002 0.55956525 -1.3383629 0.95990276 0.55789101 -21.332933 0 
9.3100004 0.56057417 -1.3436629 0.9676035 0.55879921 -21.308458 0 
9.3199997 0.56158084 -1.3489594 0.97534829 0.55970079 -21.283886 0 
9.3299999 0.562585 -1.3542523 0.98313725 0.56059563 -21.259212 0 
9.3400002 0.56358677 -1.3595412 0.99097037 0.56148356 -21.234442 0 
9.3500004 0.56458604 -1.3648256 0.99884784 0.56236464 -21.209576 0 
9.3599997 0.56558275 -1.3701053 1.0067697 0.56323868 -21.184608 0 
9.3699999 0.5665769 -1.37538 1.0147359 0.56410551 -21.159546 0 
9.3800001 0.56756836 -1.3806492 1.0227468 0.56496519 -21.134384 0 
9.3900003 0.56855726 -1.3859128 1.0308021 0.56581753 -21.109127 0 
9.3999996 0.5695433 -1.3911699 1.0389022 0.56666249 -21.083771 0 
9.4099998 0.57052666 -1.3964206 1.0470469 0.56749994 -21.058319 0 
9.4200001 0.57150716 -1.4016646 1.0552363 0.56832981 -21.032768 0 
9.4300003 0.57248485 -1.4069011 1.0634707 0.56915194 -21.00712 0 
9.4399996 0.57345951 -1.4121301 1.0717498 0.56996626 -20.981377 0 
9.4499998 0.5744313 -1.417351 1.080074 0.57077271 -20.955536 0 
9.46 0.57540005 -1.4225636 1.088443 0.57157117 -20.929598 0 
9.4700003 0.57636571 -1.4277673 1.0968571 0.57236153 -20.903564 0 
9.4799995 0.57732826 -1.4329618 1.1053163 0.57314372 -20.877434 0 
9.4899998 0.57828766 -1.4381467 1.1138206 0.57391757 -20.851208 0 
9.5 0.57924384 -1.4433216 1.12237 0.57468307 -20.824884 0 
9.5100002 0.5801968 -1.448486 1.1309646 0.57543999 -20.798468 0 
9.5200005 0.58114642 -1.4536397 1.1396044 0.57618833 -20.771954 0 
9.5299997 0.58209258 -1.4587822 1.1482897 0.57692796 -20.745344 0 
9.54 0.58303541 -1.463913 1.15702 0.57765877 -20.718639 0 
9.5500002 0.58397472 -1.4690316 1.1657957 0.5783807 -20.691839 0 
9.5600004 0.58491057 -1.4741379 1.1746168 0.57909352 -20.664944 0 
9.5699997 0.58584279 -1.4792311 1.1834832 0.57979727 -20.637955 0 
9.5799999 0.58677137 -1.4843111 1.1923951 0.58049178 -20.610868 0 
9.5900002 0.58769631 -1.4893771 1.2013525 0.58117688 -20.583691 0 
9.6000004 0.5886175 -1.4944291 1.2103552 0.58185256 -20.556416 0 
9.6099997 0.58953494 -1.4994663 1.2194031 0.5825187 -20.529047 0 
9.6199999 0.59044844 -1.5044882 1.2284968 0.58317512 -20.501587 0 
9.6300001 0.59135813 -1.5094947 1.2376357 0.58382177 -20.47403 0 
9.6400003 0.59226376 -1.514485 1.2468203 0.58445847 -20.446381 0 
9.6499996 0.59316546 -1.5194588 1.2560502 0.58508515 -20.41864 0 
9.6599998 0.5940631 -1.5244156 1.2653257 0.58570182 -20.390802 0 
9.6700001 0.59495652 -1.5293549 1.2746464 0.58630806 -20.362873 0 
9.6800003 0.59584582 -1.5342764 1.2840128 0.58690411 -20.334852 0 
9.6899996 0.59673089 -1.5391793 1.2934245 0.5874896 -20.306738 0 
9.6999998 0.59761167 -1.5440634 1.3028816 0.58806455 -20.278534 0 
9.71 0.59848809 -1.548928 1.3123842 0.58862877 -20.250237 0 
9.7200003 0.59936011 -1.5537727 1.3219321 0.58918214 -20.221846 0 
9.7299995 0.60022765 -1.5585971 1.3315253 0.5897246 -20.193363 0 
9.7399998 0.60109067 -1.5634005 1.3411639 0.59025598 -20.164789 0 
9.75 0.6019491 -1.5681825 1.3508478 0.59077621 -20.136127 0 
9.7600002 0.60280287 -1.5729426 1.360577 0.59128517 -20.107372 0 
9.7700005 0.60365194 -1.5776802 1.3703513 0.59178263 -20.078526 0 
9.7799997 0.60449624 -1.582395 1.3801709 0.59226859 -20.049589 0 
9.79 0.60533571 -1.5870861 1.3900356 0.59274292 -20.020563 0 
9.8000002 0.60617036 -1.5917532 1.3999455 0.59320539 -19.991447 0 
9.8100004 0.60699999 -1.5963959 1.4099003 0.593656 -19.962242 0 
9.8199997 0.60782468 -1.6010134 1.4199002 0.59409457 -19.932949 0 
9.8299999 0.60864425 -1.6056054 1.4299449 0.59452099 -19.903564 0 
9.8400002 0.60945874 -1.6101711 1.4400345 0.59493512 -19.874092 0 
9.8500004 0.61026794 -1.6147101 1.4501691 0.59533685 -19.84453 0 
9.8599997 0.61107194 -1.6192218 1.4603481 0.59572607 -19.81488 0 
9.8699999 0.61187059 -1.6237057 1.4705719 0.5961026 -19.785145 0 
9.8800001 0.61266392 -1.6281611 1.4808404 0.5964663 -19.755322 0 
9.8900003 0.61345178 -1.6325877 1.4911532 0.59681708 -19.72541 0 
9.8999996 0.61423409 -1.6369845 1.5015106 0.59715486 -19.695412 0 
9.9099998 0.61501086 -1.6413513 1.5119122 0.59747946 -19.665325 0 
9.9200001 0.61578196 -1.6456875 1.5223582 0.59779078 -19.635153 0 
9.9300003 0.61654741 -1.6499922 1.5328481 0.59808862 -19.604895 0 
9.9399996 0.61730701 -1.654265 1.5433823 0.59837282 -19.574553 0 
9.9499998 0.61806089 -1.6585053 1.5539602 0.59864336 -19.544125 0 
9.96 0.61880875 -1.6627126 1.5645821 0.59890008 -19.513611 0 
9.9700003 0.6195507 -1.6668862 1.5752475 0.59914279 -19.483015 0 
9.9799995 0.62028658 -1.6710254 1.5859568 0.59937137 -19.45233 0 
9.9899998 0.62101644 -1.6751299 1.5967094 0.59958583 -19.421564 0 
10 0.62174004 -1.6791985 1.6075053 0.59978575 -19.390717 0 
10.01 0.62245744 -1.6832312 1.6183444 0.59997123 -19.359783 0 
10.02 0.62316853 -1.6872271 1.6292267 0.60014206 -19.328766 0 
10.03 0.62387323 -1.6911855 1.6401519 0.60029811 -19.297668 0 
10.04 0.62457156 -1.6951059 1.6511198 0.60043919 -19.266487 0 
10.05 0.62526333 -1.6989875 1.6621304 0.6005652 -19.235226 0 
10.06 0.62594849 -1.7028298 1.6731834 0.60067594 -19.203882 0 
10.07 0.62662703 -1.7066321 1.684279 0.60077143 -19.172459 0 
10.08 0.62729883 -1.7103938 1.6954165 0.60085136 -19.140953 0 
10.09 0.62796384 -1.7141141 1.7065961 0.60091567 -19.109369 0 
10.1 0.62862206 -1.7177925 1.7178175 0.60096419 -19.077703 0 
10.11 0.6292733 -1.7214282 1.7290807 0.60099679 -19.045959 0 
10.12 0.6299175 -1.7250205 1.7403851 0.60101336 -19.014135 0 
10.13 0.63055468 -1.728569 1.7517309 0.60101366 -18.982235 0 
10.14 0.6311847 -1.7320727 1.7631179 0.60099757 -18.950256 0 
10.15 0.63180751 -1.7355312 1.7745457 0.60096508 -18.918198 0 
10.16 0.63242298 -1.7389436 1.7860142 0.60091585 -18.886063 0 
10.17 0.63303119 -1.7423091 1.7975233 0.60084987 -18.853851 0 
10.18 0.63363183 -1.7456273 1.8090725 0.6007669 -18.821566 0 
10.19 0.63422507 -1.7488973 1.8206618 0.60066682 -18.789202 0 
10.2 0.63481069 -1.7521185 1.8322909 0.60054958 -18.756765 0 
10.21 0.63538867 -1.75529 1.8439596 0.60041487 -18.724251 0 
10.22 0.63595891 -1.7584114 1.8556678 0.60026264 -18.691664 0 
10.23 0.63652134 -1.7614816 1.867415 0.60009271 -18.659 0 
10.24 0.6370759 -1.7645003 1.8792011 0.59990495 -18.626265 0 
10.25 0.63762248 -1.7674663 1.8910258 0.5996992 -18.593456 0 
10.26 0.63816112 -1.7703793 1.9028888 0.5994752 -18.560575 0 
10.27 0.63869154 -1.7732384 1.91479 0.59923297 -18.527624 0 
10.28 0.6392138 -1.7760426 1.9267291 0.59897226 -18.4946 0 
10.29 0.63972789 -1.7787915 1.9387057 0.59869289 -18.461504 0 
10.3 0.64023358 -1.7814844 1.9507196 0.59839487 -18.428339 0 
10.31 0.6407308 -1.7841202 1.9627705 0.59807783 -18.395103 0 
10.32 0.64121962 -1.7866985 1.974858 0.59774172 -18.361799 0 
10.33 0.64169991 -1.7892181 1.986982 0.59738642 -18.328424 0 
10.34 0.64217144 -1.7916787 1.9991422 0.59701163 -18.294983 0 
10.35 0.64263439 -1.7940792 2.011338 0.59661734 -18.261471 0 
10.36 0.6430884 -1.7964188 2.0235693 0.59620339 -18.227896 0 
10.37 0.64353365 -1.7986971 2.035836 0.59576946 -18.194252 0 
10.38 0.64396989 -1.800913 2.0481374 0.59531552 -18.160542 0 
10.39 0.64439714 -1.8030659 2.0604732 0.59484142 -18.126766 0 
10.4 0.64481521 -1.8051548 2.0728433 0.59434694 -18.092926 0 
10.41 0.64522415 -1.807179 2.085247 0.59383196 -18.059021 0 
10.42 0.6456238 -1.8091377 2.0976844 0.59329635 -18.025051 0 
10.43 0.64601409 -1.81103 2.1101549 0.59273982 -17.99102 0 
10.44 0.64639497 -1.8128555 2.1226578 0.59216231 -17.956924 0 
10.45 0.64676636 -1.8146129 2.1351933 0.59156358 -17.922768 0 
10.46 0.64712811 -1.8163015 2.1477609 0.59094363 -17.888552 0 
10.47 0.64748025 -1.8179207 2.1603599 0.59030217 -17.854271 0 
10.48 0.64782256 -1.8194693 2.1729901 0.58963895 -17.819933 0 
10.49 0.64815509 -1.8209469 2.1856511 0.58895397 -17.785536 0 
10.5 0.64847773 -1.8223525 2.1983423 0.58824706 -17.751078 0 
10.51 0.64879036 -1.8236852 2.2110636 0.58751786 -17.716562 0 
10.52 0.64909285 -1.8249441 2.2238145 0.58676648 -17.681988 0 
10.53 0.64938527 -1.8261286 2.2365944 0.58599252 -17.647358 0 
10.54 0.64966744 -1.8272376 2.2494032 0.5851959 -17.612673 0 
10.55 0.64993924 -1.8282703 2.2622402 0.58437645 -17.57793 0 
10.56 0.65020066 -1.8292261 2.275105 0.58353406 -17.543133 0 
10.57 0.65045166 -1.8301039 2.2879968 0.58266848 -17.508282 0 
10.58 0.65069193 -1.8309028 2.3009155 0.5817796 -17.473377 0 
10.59 0.6509217 -1.8316222 2.3138609 0.58086717 -17.438419 0 
10.6 0.65114063 -1.832261 2.3268321 0.57993108 -17.40341 0 
10.61 0.65134883 -1.8328184 2.3398285 0.57897109 -17.368347 0 
10.62 0.65154612 -1.8332934 2.3528497 0.57798713 -17.333235 0 
10.63 0.65173239 -1.8336855 2.3658955 0.57697904 -17.298073 0 
10.64 0.65190762 -1.8339936 2.3789654 0.57594657 -17.262861 0 
10.65 0.65207165 -1.8342166 2.3920586 0.57488954 -17.227602 0 
10.66 0.65222454 -1.8343539 2.4051747 0.57380778 -17.192293 0 
10.67 0.65236604 -1.8344046 2.418313 0.57270122 -17.156939 0 
10.68 0.6524961 -1.8343676 2.4314728 0.57156956 -17.121536 0 
10.69 0.65261477 -1.8342423 2.4446542 0.5704127 -17.086088 0 
10.7 0.65272182 -1.8340276 2.4578562 0.5692305 -17.050596 0 
10.71 0.65281719 -1.8337226 2.4710782 0.56802267 -17.01506 0 
10.72 0.65290087 -1.8333265 2.4843197 0.56678903 -16.979481 0 
10.73 0.65297276 -1.8328383 2.4975801 0.56552958 -16.943859 0 
10.74 0.65303266 -1.8322573 2.510859 0.56424403 -16.908194 0 
10.75 0.65308058 -1.8315823 2.5241554 0.56293219 -16.87249 0 
10.76 0.65311646 -1.8308126 2.5374691 0.56159389 -16.836746 0 
10.77 0.65314013 -1.8299471 2.5507991 0.560229 -16.800961 0 
10.78 0.65315157 -1.8289851 2.5641453 0.55883729 -16.765139 0 
10.79 0.65315068 -1.8279256 2.5775065 0.55741864 -16.729279 0 
10.8 0.65313733 -1.8267674 2.5908825 0.55597287 -16.69338 0 
10.81 0.65311158 -1.8255101 2.6042721 0.55449975 -16.657448 0 
10.82 0.65307319 -1.8241526 2.6176753 0.55299908 -16.621479 0 
10.83 0.65302211 -1.8226936 2.6310909 0.55147082 -16.585476 0 
10.84 0.65295827 -1.8211327 2.6445186 0.54991466 -16.549438 0 
10.85 0.65288162 -1.8194686 2.6579576 0.54833049 -16.513371 0 
10.86 0.65279198 -1.8177005 2.6714067 0.54671812 -16.47727 0 
10.87 0.6526894 -1.8158275 2.684866 0.54507738 -16.441137 0 
10.88 0.65257365 -1.8138485 2.6983345 0.54340804 -16.404978 0 
10.89 0.65244478 -1.8117628 2.7118108 0.54170996 -16.368786 0 
10.9 0.65230256 -1.8095692 2.7252953 0.53998303 -16.332567 0 
10.91 0.65214711 -1.8072672 2.7387865 0.53822696 -16.296322 0 
10.92 0.65197814 -1.8048555 2.7522838 0.53644162 -16.260048 0 
10.93 0.65179563 -1.8023331 2.7657866 0.53462684 -16.223751 0 
10.94 0.65159959 -1.7996991 2.779294 0.53278244 -16.187428 0 
10.95 0.65138978 -1.7969528 2.792805 0.53090823 -16.151083 0 
10.96 0.6511662 -1.7940931 2.8063192 0.5290041 -16.114714 0 
10.97 0.65092874 -1.7911189 2.8198357 0.52706975 -16.078323 0 
10.98 0.65067738 -1.7880296 2.8333533 0.52510512 -16.041912 0 
10.99 0.65041196 -1.7848238 2.8468719 0.52310991 -16.005482 0 
11 0.65013242 -1.7815009 2.8603897 0.52108407 -15.96903 0 
11.01 0.64983875 -1.77806 2.8739069 0.51902729 -15.932564 0 
11.02 0.64953071 -1.7744999 2.8874218 0.51693952 -15.896079 0 
11.03 0.64920831 -1.7708198 2.900934 0.51482052 -15.859578 0 
11.04 0.64887148 -1.7670186 2.9144428 0.51267016 -15.823063 0 
11.05 0.64852011 -1.7630955 2.9279466 0.51048815 -15.786534 0 
11.06 0.64815414 -1.7590495 2.9414451 0.50827444 -15.749991 0 
11.07 0.64777339 -1.7548796 2.954937 0.50602877 -15.713438 0 
11.08 0.64737797 -1.750585 2.9684217 0.50375098 -15.676872 0 
11.09 0.64696759 -1.7461646 2.9818981 0.501441 -15.640298 0 
11.1 0.64654231 -1.7416174 2.9953656 0.49909848 -15.603714 0 
11.11 0.64610201 -1.7369426 3.0088229 0.49672332 -15.567123 0 
11.12 0.64564651 -1.7321392 3.0222688 0.49431542 -15.530525 0 
11.13 0.64517581 -1.7272063 3.0357029 0.49187449 -15.493921 0 
11.14 0.64468986 -1.7221431 3.0491238 0.48940045 -15.457313 0 
11.15 0.64418858 -1.7169482 3.0625308 0.48689306 -15.420702 0 
11.16 0.64367187 -1.711621 3.0759227 0.48435211 -15.384088 0 
11.17 0.6431396 -1.7061605 3.0892985 0.48177752 -15.347473 0 
11.18 0.64259171 -1.7005658 3.1026573 0.4791691 -15.310857 0 
11.19 0.64202815 -1.6948358 3.1159978 0.47652665 -15.274241 0 
11.2 0.64144886 -1.6889695 3.1293192 0.47384998 -15.237628 0 
11.21 0.64085364 -1.6829664 3.1426206 0.47113895 -15.201018 0 
11.22 0.64024252 -1.676825 3.1559005 0.46839339 -15.164412 0 
11.23 0.63961542 -1.6705449 3.169158 0.4656131 -15.127812 0 
11.24 0.63897222 -1.6641248 3.1823919 0.46279794 -15.091218 0 
11.25 0.63831288 -1.6575639 3.1956015 0.45994774 -15.054632 0 
11.26 0.63763726 -1.6508613 3.2087851 0.4570623 -15.018055 0 
11.27 0.63694537 -1.6440159 3.2219417 0.45414147 -14.981487 0 
11.28 0.63623697 -1.6370269 3.2350705 0.45118511 -14.94493 0 
11.29 0.63551223 -1.6298935 3.2481701 0.44819298 -14.908385 0 
11.3 0.63477087 -1.6226147 3.2612395 0.44516498 -14.871854 0 
11.31 0.63401288 -1.6151896 3.2742774 0.44210091 -14.835337 0 
11.32 0.63323832 -1.6076171 3.2872825 0.43900061 -14.798836 0 
11.33 0.63244677 -1.5998963 3.3002536 0.43586394 -14.762352 0 
11.34 0.63163853 -1.5920268 3.3131897 0.43269071 -14.725885 0 
11.35 0.6308133 -1.5840071 3.3260894 0.42948073 -14.68944 0 
11.36 0.62997109 -1.5758365 3.3389516 0.42623392 -14.653013 0 
11.37 0.62911177 -1.5675144 3.3517749 0.42295006 -14.616609 0 
11.38 0.6282354 -1.5590395 3.3645582 0.41962895 -14.580228 0 
11.39 0.62734175 -1.5504111 3.3772998 0.41627052 -14.54387 0 
11.4 0.62643081 -1.5416282 3.3899989 0.41287455 -14.507538 0 
11.41 0.62550253 -1.53269 3.4026542 0.40944093 -14.471233 0 
11.42 0.62455684 -1.5235959 3.4152637 0.40596944 -14.434956 0 
11.43 0.62359369 -1.5143446 3.4278269 0.40245995 -14.398707 0 
11.44 0.62261289 -1.5049354 3.4403419 0.39891234 -14.362491 0 
11.45 0.62161446 -1.4953675 3.4528077 0.39532641 -14.326303 0 
11.46 0.62059832 -1.48564 3.4652228 0.39170203 -14.290152 0 
11.47 0.61956441 -1.4757522 3.4775858 0.38803905 -14.254032 0 
11.48 0.61851275 -1.465703 3.4898953 0.38433731 -14.21795 0 
11.49 0.61744314 -1.4554917 3.5021498 0.38059661 -14.181903 0 
11.5 0.6163556 -1.4451175 3.5143478 0.3768169 -14.145896 0 
11.51 0.61524993 -1.4345795 3.5264883 0.37299797 -14.109926 0 
11.52 0.61412627 -1.4238769 3.5385697 0.3691397 -14.073998 0 
11.53 0.61298442 -1.4130092 3.5505903 0.36524191 -14.038113 0 
11.54 0.61182439 -1.401975 3.5625486 0.36130449 -14.002271 0 
11.55 0.61064601 -1.3907739 3.5744433 0.35732728 -13.966474 0 
11.56 0.60944933 -1.3794053 3.5862725 0.35331014 -13.930722 0 
11.57 0.60823429 -1.3678678 3.5980356 0.34925294 -13.895018 0 
11.58 0.60700071 -1.3561612 3.6097302 0.34515554 -13.859363 0 
11.59 0.60574871 -1.3442844 3.6213551 0.34101781 -13.823756 0 
11.6 0.60447812 -1.3322369 3.6329086 0.33683956 -13.788203 0 
11.61 0.60318893 -1.3200178 3.6443894 0.33262077 -13.752703 0 
11.62 0.60188097 -1.3076264 3.6557953 0.32836121 -13.717257 0 
11.63 0.60055435 -1.2950618 3.6671252 0.32406077 -13.681865 0 
11.64 0.59920889 -1.2823236 3.6783776 0.31971931 -13.646531 0 
11.65 0.59784466 -1.2694108 3.6895506 0.31533676 -13.611255 0 
11.66 0.59646153 -1.2563229 3.7006426 0.31091294 -13.576039 0 
11.67 0.59505945 -1.2430592 3.7116523 0.30644771 -13.540884 0 
11.68 0.59363836 -1.2296187 3.7225773 0.30194104 -13.505792 0 
11.69 0.59219825 -1.216001 3.7334161 0.29739273 -13.470764 0 
11.7 0.59073913 -1.2022054 3.7441676 0.29280266 -13.435801 0 
11.71 0.58926082 -1.1882313 3.7548294 0.28817075 -13.400904 0 
11.72 0.58776337 -1.1740779 3.7654002 0.28349686 -13.366076 0 
11.73 0.58624673 -1.1597447 3.7758782 0.27878091 -13.331318 0 
11.74 0.58471084 -1.145231 3.7862611 0.27402276 -13.29663 0 
11.75 0.58315557 -1.1305362 3.7965479 0.26922229 -13.262016 0 
11.76 0.58158106 -1.1156597 3.8067362 0.26437941 -13.227474 0 
11.77 0.57998711 -1.100601 3.8168244 0.25949404 -13.193008 0 
11.78 0.57837379 -1.0853593 3.8268111 0.25456604 -13.158621 0 
11.79 0.57674104 -1.0699342 3.8366938 0.24959533 -13.12431 0 
11.8 0.57508886 -1.0543252 3.8464708 0.24458179 -13.090078 0 
11.81 0.57341707 -1.0385318 3.8561406 0.23952538 -13.055929 0 
11.82 0.57172579 -1.0225531 3.865701 0.23442592 -13.021862 0 
11.83 0.57001495 -1.0063889 3.8751502 0.22928339 -12.98788 0 
11.84 0.56828451 -0.99003869 3.884486 0.22409767 -12.953982 0 
11.85 0.56653446 -0.97350186 3.893707 0.21886869 -12.920173 0 
11.86 0.56476468 -0.95677799 3.9028108 0.21359634 -12.886452 0 
11.87 0.56297535 -0.93986666 3.9117956 0.20828058 -12.852819 0 
11.88 0.56116623 -0.9227674 3.9206595 0.20292129 -12.819281 0 
11.89 0.55933744 -0.90547967 3.9294007 0.19751842 -12.785833 0 
11.9 0.55748892 -0.88800317 3.9380167 0.1920719 -12.752481 0 
11.91 0.55562061 -0.87033755 3.9465055 0.18658164 -12.719225 0 
11.92 0.55373251 -0.85248226 3.9548659 0.18104759 -12.686067 0 
11.93 0.55182469 -0.83443695 3.9630947 0.17546967 -12.653008 0 
11.94 0.54989702 -0.81620145 3.9711905 0.16984782 -12.620048 0 
11.95 0.54794961 -0.79777521 3.979151 0.16418199 -12.587192 0 
11.96 0.5459823 -0.779158 3.9869742 0.15847214 -12.554439 0 
11.97 0.5439952 -0.76034945 3.994658 0.15271817 -12.521789 0 
11.98 0.54198825 -0.7413494 4.0022001 0.14692006 -12.489248 0 
11.99 0.53996152 -0.72215742 4.0095983 0.14107777 -12.456814 0 
12 0.53791487 -0.70277339 4.0168509 0.13519125 -12.424491 0 
12.01 0.53584844 -0.6831969 4.0239553 0.12926045 -12.392279 0 
12.02 0.53376222 -0.66342789 4.0309091 0.12328534 -12.360178 0 
12.03 0.53165609 -0.643466 4.0377107 0.11726588 -12.328193 0 
12.04 0.52953017 -0.62331122 4.0443578 0.11120206 -12.296322 0 
12.05 0.5273844 -0.60296333 4.0508471 0.10509384 -12.264569 0 
12.06 0.52521884 -0.58242208 4.0571775 0.098941185 -12.232936 0 
12.07 0.52303344 -0.56168747 4.0633464 0.092744097 -12.201424 0 
12.08 0.52082831 -0.54075927 4.0693517 0.086502545 -12.170032 0 
12.09 0.51860344 -0.51963753 4.0751905 0.080216527 -12.138764 0 
12.1 0.51635873 -0.49832207 4.0808611 0.073886022 -12.107621 0 
12.11 0.51409435 -0.47681284 4.0863605 0.067511037 -12.076605 0 
12.12 0.51181024 -0.45510989 4.0916867 0.061091565 -12.045716 0 
12.13 0.50950652 -0.43321317 4.096837 0.054627612 -12.014958 0 
12.14 0.50718307 -0.41112271 4.10181 0.048119187 -11.984331 0 
12.15 0.50484002 -0.3888385 4.1066022 0.04156629 -11.953836 0 
12.16 0.50247735 -0.3663606 4.1112113 0.03496895 -11.923476 0 
12.17 0.50009519 -0.34368917 4.1156354 0.028327178 -11.893252 0 
12.18 0.49769342 -0.32082427 4.1198716 0.021641001 -11.863164 0 
12.19 0.49527225 -0.297766 4.1239171 0.014910449 -11.833217 0 
12.2 0.49283162 -0.2745145 4.1277704 0.0081355516 -11.803409 0 
12.21 0.49037156 -0.25106999 4.1314287 0.0013163445 -11.773743 0 
12.22 0.48789218 -0.22743262 4.1348886 -0.0055471282 -11.74422 0 
12.23 0.48539349 -0.20360264 4.1381478 -0.012454821 -11.714843 0 
12.24 0.48287556 -0.17958027 4.1412048 -0.019406684 -11.685613 0 
12.25 0.48033845 -0.15536579 4.1440558 -0.026402658 -11.65653 0 
12.26 0.47778219 -0.13095951 4.146699 -0.033442691 -11.627598 0 
12.27 0.47520688 -0.10636171 4.1491308 -0.04052671 -11.598816 0 
12.28 0.47261253 -0.081572764 4.1513495 -0.047654647 -11.570187 0 
12.29 0.46999928 -0.056593016 4.1533523 -0.054826424 -11.541712 0 
12.3 0.46736714 -0.031422876 4.1551361 -0.062041968 -11.513393 0 
12.31 0.4647162 -0.0060627605 4.1566987 -0.069301188 -11.485231 0 
12.32 0.46204647 0.01948688 4.1580367 -0.076604001 -11.457229 0 
12.33 0.45935819 0.045225572 4.1591482 -0.083950289 -11.429387 0 
12.34 0.4566513 0.071152814 4.1600299 -0.091339976 -11.401707 0 
12.35 0.45392594 0.097268067 4.1606789 -0.098772943 -11.374189 0 
12.36 0.45118219 0.1235708 4.1610932 -0.10624908 -11.346837 0 
12.37 0.44842011 0.1500604 4.1612692 -0.11376827 -11.319651 0 
12.38 0.44563985 0.17673625 4.1612043 -0.12133037 -11.292633 0 
12.39 0.44284147 0.20359774 4.1608958 -0.12893529 -11.265784 0 
12.4 0.44002509 0.23064417 4.1603413 -0.13658285 -11.239107 0 
12.41 0.43719083 0.25787485 4.1595368 -0.14427294 -11.212602 0 
12.42 0.43433875 0.28528902 4.1584802 -0.1520054 -11.18627 0 
12.43 0.43146899 0.31288597 4.1571679 -0.15978007 -11.160113 0 
12.44 0.42858166 0.34066489 4.1555982 -0.1675968 -11.134134 0 
12.45 0.42567688 0.36862493 4.1537671 -0.17545542 -11.108333 0 
12.46 0.42275476 0.39676523 4.1516719 -0.18335573 -11.082711 0 
12.47 0.41981545 0.42508498 4.1493101 -0.19129761 -11.057271 0 
12.48 0.41685912 0.45358318 4.1466775 -0.1992808 -11.032014 0 
12.49 0.4138858 0.48225892 4.1437726 -0.20730516 -11.00694 0 
12.5 0.41089568 0.51111126 4.1405916 -0.21537048 -10.982051 0 
12.51 0.40788892 0.54013908 4.1371312 -0.22347654 -10.957349 0 
12.52 0.40486565 0.56934148 4.1333885 -0.23162314 -10.932837 0 
12.53 0.40182599 0.59871727 4.1293607 -0.23981002 -10.908512 0 
12.54 0.39877018 0.62826532 4.1250443 -0.24803701 -10.88438 0 
12.55 0.39569831 0.65798455 4.1204367 -0.25630382 -10.860439 0 
12.56 0.39261052 0.68787384 4.1155343 -0.26461023 -10.836694 0 
12.57 0.38950703 0.71793187 4.1103339 -0.27295598 -10.813143 0 
12.58 0.386388 0.74815744 4.1048322 -0.28134087 -10.789788 0 
12.59 0.3832536 0.77854919 4.0990267 -0.28976452 -10.766631 0 
12.6 0.38010404 0.80910599 4.0929136 -0.29822674 -10.743674 0 
12.61 0.37693942 0.83982629 4.0864897 -0.3067272 -10.720919 0 
12.62 0.37376001 0.87070882 4.0797524 -0.31526563 -10.698363 0 
12.63 0.37056601 0.90175205 4.0726972 -0.32384172 -10.676012 0 
12.64 0.36735755 0.93295461 4.0653219 -0.33245519 -10.653865 0 
12.65 0.36413491 0.96431506 4.0576224 -0.3411057 -10.631923 0 
12.66 0.36089823 0.99583173 4.0495958 -0.3497929 -10.610188 0 
12.67 0.35764778 1.0275031 4.0412388 -0.35851651 -10.588664 0 
12.68 0.35438374 1.0593277 4.032548 -0.36727613 -10.567348 0 
12.69 0.35110635 1.0913037 4.0235195 -0.37607142 -10.546242 0 
12.7 0.34781587 1.1234295 4.0141506 -0.38490209 -10.525348 0 
12.71 0.34451252 1.1557033 4.0044374 -0.39376765 -10.504667 0 
12.72 0.34119648 1.1881236 3.9943767 -0.40266776 -10.484202 0 
12.73 0.33786806 1.2206883 3.9839649 -0.41160208 -10.463952 0 
12.74 0.33452752 1.2533958 3.9731991 -0.42057014 -10.443918 0 
12.75 0.33117509 1.2862442 3.962075 -0.42957157 -10.424103 0 
12.76 0.32781103 1.3192313 3.9505894 -0.4386059 -10.404506 0 
12.77 0.32443562 1.3523556 3.9387386 -0.44767278 -10.385129 0 
12.78 0.32104912 1.3856148 3.9265192 -0.4567717 -10.365974 0 
12.79 0.31765187 1.4190071 3.9139278 -0.46590227 -10.34704 0 
12.8 0.31424406 1.45253 3.9009607 -0.47506392 -10.328332 0 
12.81 0.31082606 1.4861821 3.8876143 -0.48425627 -10.309846 0 
12.82 0.30739814 1.5199608 3.8738847 -0.49347875 -10.291586 0 
12.83 0.30396062 1.5538639 3.8597686 -0.50273097 -10.273553 0 
12.84 0.3005138 1.5878894 3.8452625 -0.5120123 -10.255746 0 
12.85 0.29705802 1.6220349 3.8303623 -0.52132231 -10.238168 0 
12.86 0.29359356 1.656298 3.8150644 -0.53066045 -10.220819 0 
12.87 0.29012081 1.6906767 3.7993653 -0.54002607 -10.203701 0 
12.88 0.28664011 1.7251683 3.7832613 -0.54941881 -10.186813 0 
12.89 0.28315175 1.7597706 3.7667487 -0.55883789 -10.170158 0 
12.9 0.27965611 1.794481 3.7498233 -0.5682829 -10.153736 0 
12.91 0.27615356 1.8292973 3.7324817 -0.57775307 -10.137547 0 
12.92 0.27264452 1.8642164 3.7147202 -0.58724797 -10.121592 0 
12.93 0.26912925 1.8992363 3.6965351 -0.59676677 -10.105872 0 
12.94 0.26560825 1.9343542 3.6779222 -0.606309 -10.090389 0 
12.95 0.26208186 1.9695674 3.6588781 -0.61587399 -10.075142 0 
12.96 0.25855047 2.004873 3.6393991 -0.62546098 -10.060133 0 
12.97 0.25501454 2.0402689 3.6194806 -0.63506937 -10.045362 0 
12.98 0.25147441 2.0757518 3.5991194 -0.64469844 -10.030828 0 
12.99 0.2479306 2.1113188 3.5783117 -0.65434748 -10.016536 0 
13 0.24438347 2.1469676 3.5570533 -0.66401571 -10.002481 0 
13.01 0.24083349 2.1826949 3.5353408 -0.67370248 -9.9886694 0 
13.02 0.2372811 2.218498 3.5131698 -0.68340695 -9.9750967 0 
13.03 0.23372677 2.2543738 3.4905367 -0.69312841 -9.9617653 0 
13.04 0.23017097 2.2903194 3.4674377 -0.70286596 -9.9486771 0 
13.05 0.22661421 2.3263321 3.4438691 -0.71261895 -9.9358301 0 
13.06 0.22305691 2.3624084 3.4198265 -0.72238642 -9.9232254 0 
13.07 0.21949963 2.398545 3.3953068 -0.7321676 -9.9108658 0 
13.08 0.21594284 2.4347394 3.3703055 -0.7419616 -9.8987474 0 
13.09 0.21238711 2.470988 3.3448191 -0.75176752 -9.8868742 0 
13.1 0.2088329 2.507288 3.3188436 -0.76158452 -9.8752441 0 
13.11 0.20528081 2.5436358 3.2923753 -0.7714116 -9.8638592 0 
13.12 0.20173135 2.5800283 3.2654104 -0.78124791 -9.8527174 0 
13.13 0.1981851 2.616462 3.2379451 -0.7910924 -9.8418207 0 
13.14 0.19464262 2.6529338 3.2099752 -0.80094415 -9.8311682 0 
13.15 0.19110452 2.6894407 3.1814981 -0.81080222 -9.8207607 0 
13.16 0.18757136 2.7259789 3.152509 -0.82066542 -9.8105984 0 
13.17 0.18404377 2.7625451 3.1230047 -0.83053279 -9.8006792 0 
13.18 0.18052235 2.7991357 3.0929813 -0.84040338 -9.7910061 0 
13.19 0.17700775 2.8357477 3.0624359 -0.85027593 -9.7815771 0 
13.2 0.1735006 2.8723769 3.0313642 -0.86014944 -9.7723913 0 
13.21 0.17000155 2.9090209 2.9997633 -0.87002265 -9.7634497 0 
13.22 0.16651128 2.9456754 2.9676292 -0.87989455 -9.7547531 0 
13.23 0.16303046 2.9823368 2.9349589 -0.88976389 -9.7462997 0 
13.24 0.15955979 3.019002 2.9017489 -0.89962953 -9.7380886 0 
13.25 0.15609999 3.0556672 2.8679967 -0.90949005 -9.7301207 0 
13.26 0.15265177 3.0923293 2.833698 -0.91934437 -9.7223949 0 
13.27 0.14921586 3.128984 2.7988513 -0.92919111 -9.7149105 0 
13.28 0.14579302 3.165628 2.7634525 -0.93902892 -9.7076683 0 
13.29 0.14238401 3.2022581 2.7274992 -0.94885653 -9.7006664 0 
13.3 0.1389896 3.2388701 2.690989 -0.95867252 -9.693903 0 
13.31 0.1356106 3.275461 2.6539192 -0.96847558 -9.6873798 0 
13.32 0.13224781 3.3120267 2.6162875 -0.97826409 -9.6810951 0 
13.33 0.12890208 3.3485641 2.5780916 -0.98803675 -9.6750479 0 
13.34 0.1255742 3.3850689 2.53933 -0.99779195 -9.6692371 0 
13.35 0.12226509 3.4215388 2.5000007 -1.0075281 -9.663662 0 
13.36 0.11897557 3.457969 2.4601018 -1.0172437 -9.6583204 0 
13.37 0.11570656 3.4943566 2.4196327 -1.0269372 -9.6532135 0 
13.38 0.11245897 3.5306978 2.3785918 -1.0366069 -9.6483393 0 
13.39 0.10923371 3.5669897 2.3369787 -1.0462509 -9.6436949 0 
13.4 0.10603175 3.6032286 2.2947927 -1.0558679 -9.6392803 0 
13.41 0.10285401 3.6394105 2.2520337 -1.0654558 -9.6350946 0 
13.42 0.099701509 3.6755331 2.2087023 -1.0750129 -9.631135 0 
13.43 0.09657523 3.7115924 2.164799 -1.0845374 -9.6274004 0 
13.44 0.093476184 3.7475855 2.1203249 -1.0940272 -9.623889 0 
13.45 0.090405427 3.7835093 2.0752816 -1.1034805 -9.6206007 0 
13.46 0.087363996 3.8193605 2.029671 -1.1128953 -9.6175318 0 
13.47 0.084352978 3.8551357 1.9834957 -1.1222695 -9.6146812 0 
13.48 0.081373461 3.8908327 1.9367591 -1.131601 -9.6120462 0 
13.49 0.078426562 3.9264486 1.8894647 -1.1408877 -9.6096258 0 
13.5 0.075513422 3.9619803 1.8416172 -1.1501274 -9.6074181 0 
13.51 0.072635189 3.9974253 1.7932216 -1.1593179 -9.6054192 0 
13.52 0.069793053 4.0327811 1.7442839 -1.1684564 -9.6036282 0 
13.53 0.0669882 4.0680461 1.6948107 -1.1775411 -9.6020432 0 
13.54 0.064221852 4.1032171 1.64481 -1.1865695 -9.6006594 0 
13.55 0.061495259 4.1382923 1.5942901 -1.1955385 -9.5994759 0 
13.56 0.058809672 4.1732702 1.5432607 -1.2044462 -9.5984898 0 
13.57 0.056166373 4.2081494 1.4917325 -1.2132895 -9.5976982 0 
13.58 0.053566679 4.242928 1.4397174 -1.2220657 -9.5970984 0 
13.59 0.051011909 4.2776051 1.3872281 -1.2307721 -9.5966854 0 
13.6 0.04850341 4.3121796 1.3342793 -1.2394059 -9.5964584 0 
13.61 0.046042547 4.3466516 1.2808867 -1.2479639 -9.5964146 0 
13.62 0.043630723 4.3810201 1.2270669 -1.2564429 -9.5965471 0 
13.63 0.041269336 4.4152846 1.1728389 -1.26484 -9.5968571 0 
13.64 0.038959831 4.4494472 1.1182226 -1.2731519 -9.5973368 0 
13.65 0.03670365 4.4835081 1.0632398 -1.2813749 -9.5979853 0 
13.66 0.034502275 4.5174685 1.0079137 -1.2895061 -9.5987959 0 
13.67 0.032357201 4.5513301 0.95226914 -1.2975414 -9.5997686 0 
13.68 0.030269943 4.5850964 0.89633268 -1.3054775 -9.6008949 0 
13.69 0.028242042 4.6187696 0.84013236 -1.3133104 -9.6021738 0 
13.7 0.026275054 4.6523542 0.78369766 -1.3210365 -9.6035986 0 
13.71 0.024370557 4.6858544 0.72705925 -1.3286514 -9.6051664 0 
13.72 0.022530155 4.7192769 0.67024887 -1.3361515 -9.6068707 0 
13.73 0.020755474 4.7526274 0.61329901 -1.3435327 -9.6087093 0 
13.74 0.01904816 4.7859154 0.55624187 -1.3507906 -9.6106749 0 
13.75 0.017409891 4.8191485 0.49910924 -1.3579214 -9.6127634 0 
13.76 0.015842369 4.8523393 0.44193116 -1.3649209 -9.6149693 0 
13.77 0.014347333 4.8855014 0.38473448 -1.3717853 -9.6172876 0 
13.78 0.012926556 4.9186487 0.32754111 -1.3785108 -9.6197119 0 
13.79 0.01158186 4.9518008 0.27036533 -1.3850945 -9.6222363 0 
13.8 0.010315113 4.9849792 0.21321043 -1.391534 -9.6248569 0 
13.81 0.0091282511 5.018209 0.15606388 -1.3978276 -9.6275663 0 
13.82 0.0080232797 5.0515208 0.098891079 -1.4039756 -9.6303577 0 
13.83 0.0070022913 5.0849528 0.041626662 -1.4099808 -9.6332283 0 
13.84 0.0060674697 5.1185489 -0.015837327 -1.4158489 -9.6361694 0 
13.85 0.0052210893 5.1523633 -0.073667511 -1.4215912 -9.6391754 0 
13.86 0.004465492 5.1864643 -0.13211122 -1.4272269 -9.6422415 0 
13.87 0.0038029982 5.2209363 -0.19152632 -1.4327865 -9.6453619 0 
13.88 0.003235711 5.2558856 -0.25242144 -1.4383184 -9.6485329 0 
13.89 0.0027650518 5.2914476 -0.31550804 -1.4438981 -9.6517515 0 
13.9 0.0023907612 5.3277998 -0.38176346 -1.4496436 -9.6550179 0 
13.91 0.0021087308 5.3651714 -0.45249349 -1.4557379 -9.6583347 0 
13.92 0.0019063333 5.4038687 -0.52935207 -1.4624659 -9.6617136 0 
13.93 0.0017524038 5.4442945 -0.61419028 -1.4702672 -9.6651773 0 
13.94 0.0015764764 5.4869776 -0.70838553 -1.4798055 -9.6687708 0 
13.95 0.0012316434 5.5325875 -0.81082326 -1.4920181 -9.6725845 0 
13.96 0.00046490275 5.5819068 -0.91329426 -1.5080383 -9.6767855 0 
13.97 -0.00093207299 5.6357865 -0.99512976 -1.5287737 -9.6816788 0 
13.98 -0.0026021271 5.6953321 -1.0302415 -1.5538305 -9.6877613 0 
13.99 -0.0037825715 5.7624016 -1.0111078 -1.5796903 -9.6958227 0 
14 -0.0044234544 5.8395643 -0.95455569 -1.6001532 -9.7072601 0 
14.01 -0.0050578928 5.928915 -0.87756604 -1.6093795 -9.7246895 0 
