0 -0.0042863316 5.0108805 -0.74303246 -1.4118229 -8.2747736 0 
0.0099999998 -0.0050431699 5.095005 -0.65792871 -1.4099984 -8.2964659 0 
0.02 -0.0060126334 5.1875172 -0.55993444 -1.3953862 -8.3316212 0 
0.029999999 -0.0070675141 5.2833905 -0.45907146 -1.372708 -8.3867741 0 
0.039999999 -0.0080383131 5.375123 -0.36972865 -1.350201 -8.4673824 0 
0.050000001 -0.0087917028 5.4542832 -0.30322933 -1.3354683 -8.5752077 0 
0.059999999 -0.0092786392 5.5132432 -0.26300809 -1.3319676 -8.7075424 0 
0.07 -0.0095220339 5.5461669 -0.24566256 -1.3387306 -8.8587456 0 
0.079999998 -0.0095740091 5.5491471 -0.24485478 -1.3523201 -9.0224972 0 
0.090000004 -0.0094835488 5.5199523 -0.25435287 -1.3688116 -9.1932516 0 
0.1 -0.0092853671 5.4577856 -0.26923698 -1.3848307 -9.3666677 0 
0.11 -0.0090014711 5.3631635 -0.28596762 -1.3978313 -9.5394697 0 
0.12 -0.0086462805 5.2378607 -0.30208257 -1.4060413 -9.7091732 0 
0.13 -0.0082309898 5.0848417 -0.31589371 -1.4083322 -9.8738432 0 
0.14 -0.007766183 4.908114 -0.32627892 -1.4041083 -10.031945 0 
0.15000001 -0.0072629312 4.7125087 -0.3325564 -1.393224 -10.182269 0 
0.16 -0.0067329188 4.5033975 -0.33440629 -1.3759199 -10.323887 0 
0.17 -0.0061880406 4.286366 -0.33181378 -1.3527629 -10.456132 0 
0.18000001 -0.005639798 4.0669084 -0.32501674 -1.3245825 -10.578599 0 
0.19 -0.0050986968 3.8501439 -0.31445336 -1.2924025 -10.691119 0 
0.2 -0.0045737764 3.6406028 -0.30070931 -1.2573726 -10.793741 0 
0.20999999 -0.0040723132 3.44208 -0.28446743 -1.2207013 -10.886705 0 
0.22 -0.003599707 3.2575653 -0.26646346 -1.1835961 -10.970409 0 
0.23 -0.0031595316 3.0892389 -0.24745005 -1.1472158 -11.045371 0 
0.23999999 -0.002753702 2.9385197 -0.22817053 -1.1126353 -11.112194 0 
0.25 -0.0023827248 2.8061507 -0.20934197 -1.0808216 -11.171532 0 
0.25999999 -0.0020459834 2.6923048 -0.19164582 -1.0526246 -11.22406 0 
0.27000001 -0.0017420376 2.5966969 -0.17572421 -1.0287749 -11.270452 0 
0.28 -0.0014689066 2.5186915 -0.16217916 -1.0098886 -11.311358 0 
0.28999999 -0.0012243351 2.4573972 -0.15157174 -0.99647611 -11.347398 0 
0.30000001 -0.0010060323 2.4117424 -0.14441909 -0.98894846 -11.379141 0 
0.31 -0.00081189495 2.3805301 -0.14118688 -0.98762035 -11.407112 0 
0.31999999 -0.00064021518 2.3624694 -0.14227523 -0.99270326 -11.431783 0 
0.33000001 -0.00048988621 2.3561809 -0.14799702 -1.0042853 -11.453576 0 
0.34 -0.00036061497 2.360182 -0.1585478 -1.0222917 -11.472866 0 
0.34999999 -0.00025316281 2.3728464 -0.1739662 -1.0464187 -11.489982 0 
0.36000001 -0.00016963773 2.3923373 -0.19408482 -1.0760347 -11.505213 0 
0.37 -0.00011385128 2.4165182 -0.2184699 -1.1100385 -11.518809 0 
0.38 -9.1673071e-05 2.4428356 -0.24635088 -1.1466715 -11.530992 0 
0.38999999 -0.00011109366 2.4681981 -0.27654582 -1.1832999 -11.54195 0 
0.40000001 -0.00018134221 2.4888995 -0.30740693 -1.2162329 -11.551855 0 
0.41 -0.00031016147 2.5007038 -0.33683622 -1.2407236 -11.560853 0 
0.41999999 -0.00049892947 2.4992292 -0.36244246 -1.2513655 -11.569071 0 
0.43000001 -0.00073732698 2.4806976 -0.38188329 -1.2430323 -11.576624 0 
0.44 -0.0010015185 2.442888 -0.39333868 -1.2122099 -11.583608 0 
0.44999999 -0.001259105 2.3858693 -0.39593765 -1.1581793 -11.590104 0 
0.46000001 -0.0014792344 2.3120935 -0.38993225 -1.0834076 -11.596181 0 
0.47 -0.0016418351 2.2257695 -0.37653941 -0.99291605 -11.601892 0 
0.47999999 -0.0017410768 2.1318338 -0.35755354 -0.89298117 -11.607285 0 
0.49000001 -0.0017830557 2.0349793 -0.33491835 -0.7897976 -11.612401 0 
0.5 -0.0017809209 1.9390202 -0.31040102 -0.68854648 -11.617277 0 
0.50999999 -0.001750414 1.8466377 -0.2854152 -0.59298146 -11.621956 0 
0.51999998 -0.0017070943 1.7593988 -0.26096776 -0.50541568 -11.626478 0 
0.52999997 -0.0016652303 1.6779145 -0.237683 -0.42693245 -11.630898 0 
0.54000002 -0.0016377995 1.6020422 -0.21586242 -0.35768092 -11.635274 0 
0.55000001 -0.0016368699 1.5310839 -0.19555642 -0.29717779 -11.63968 0 
0.56 -0.0016736033 1.4639755 -0.17663975 -0.24458934 -11.644206 0 
0.56999999 -0.0017573757 1.3994886 -0.15889288 -0.19898479 -11.648959 0 
0.57999998 -0.0018942783 1.3364501 -0.14208695 -0.15953861 -11.654058 0 
0.58999997 -0.0020860776 1.2739476 -0.1260573 -0.12563869 -11.659643 0 
0.60000002 -0.0023305025 1.21146 -0.11074521 -0.09687525 -11.665853 0 
0.61000001 -0.0026225795 1.1488764 -0.096197814 -0.072940864 -11.672831 0 
0.62 -0.0029560581 1.0864186 -0.082535513 -0.053513028 -11.680706 0 
0.63 -0.0033243422 1.0245184 -0.069906056 -0.038179871 -11.689592 0 
0.63999999 -0.0037209555 0.96369559 -0.05844257 -0.026428539 -11.699573 0 
0.64999998 -0.0041397708 0.90446085 -0.048235077 -0.017680595 -11.710702 0 
0.66000003 -0.0045751333 0.84725261 -0.039317705 -0.011346675 -11.723004 0 
0.67000002 -0.0050219172 0.79240614 -0.031669013 -0.0068769944 -11.736474 0 
0.68000001 -0.0054755243 0.74014533 -0.025220931 -0.0037952126 -11.751081 0 
0.69 -0.0059318454 0.6905911 -0.01987181 -0.0017132448 -11.766776 0 
0.69999999 -0.0063871932 0.64377797 -0.01549997 -0.00033074716 -11.783499 0 
0.70999998 -0.0068382383 0.59967279 -0.011975674 0.00057491777 -11.801182 0 
0.72000003 -0.0072819465 0.55819416 -0.0091704475 0.0011629014 -11.81975 0 
0.73000002 -0.0077155316 0.51922768 -0.0069636069 0.001543526 -11.839133 0 
0.74000001 -0.008136428 0.4826394 -0.0052462434 0.0017912865 -11.859261 0 
0.75 -0.0085422676 0.44828543 -0.0039231628 0.0019553674 -11.880065 0 
0.75999999 -0.0089308722 0.41601905 -0.0029133172 0.0020676155 -11.901484 0 
0.76999998 -0.0093002496 0.38569567 -0.0021492164 0.002148306 -11.923461 0 
0.77999997 -0.0096485969 0.35717595 -0.0015757206 0.0022101556 -11.945944 0 
0.79000002 -0.0099743009 0.33032796 -0.0011485243 0.002261033 -11.968884 0 
0.80000001 -0.010275941 0.3050282 -0.00083254679 0.0023057507 -11.992239 0 
0.81 -0.010552294 0.28116211 -0.00060037326 0.0023472176 -12.01597 0 
0.81999999 -0.010802328 0.25862417 -0.00043083134 0.0023871739 -12.040042 0 
0.82999998 -0.011025206 0.23731747 -0.00030774326 0.0024266497 -12.064424 0 
0.83999997 -0.011220282 0.21715365 -0.00021886762 0.0024662474 -12.089087 0 
0.85000002 -0.011387087 0.19805211 -0.00015502344 0.0025063152 -12.114006 0 
0.86000001 -0.011525332 0.17993963 -0.00010938153 0.0025470513 -12.139158 0 
0.87 -0.011634888 0.16274968 -7.6899974e-05 0.0025885664 -12.164522 0 
0.88 -0.011715786 0.14642195 -5.3882501e-05 0.0026309204 -12.190079 0 
0.88999999 -0.01176819 0.13090177 -3.7636761e-05 0.0026741449 -12.215813 0 
0.89999998 -0.011792402 0.11613949 -2.6213522e-05 0.0027182547 -12.241707 0 
0.91000003 -0.011788839 0.10209011 -1.8209425e-05 0.0027632562 -12.267748 0 
0.92000002 -0.011758017 0.088712774 -1.2619415e-05 0.0028091513 -12.293922 0 
0.93000001 -0.01170055 0.075970359 -8.727241e-06 0.0028559398 -12.32022 0 
0.94 -0.011617128 0.063829049 -6.0248121e-06 0.0029036205 -12.346628 0 
0.94999999 -0.011508505 0.052258026 -4.1532403e-06 0.0029521917 -12.373138 0 
0.95999998 -0.011375493 0.041229084 -2.8600441e-06 0.0030016529 -12.399741 0 
0.97000003 -0.01121895 0.03071641 -1.9682843e-06 0.0030520028 -12.426428 0 
0.98000002 -0.011039765 0.020696295 -1.3543971e-06 0.0031032411 -12.453191 0 
0.99000001 -0.010838852 0.01114689 -9.3238009e-07 0.0031553681 -12.480023 0 
1 -0.010617148 0.0020479911 -6.425538e-07 0.0032083846 -12.506918 0 
1.01 -0.010375591 -0.0066191191 -4.43631e-07 0.0032622914 -12.533868 0 
1.02 -0.010115126 -0.014871871 -3.0710683e-07 0.0033170902 -12.56087 0 
1.03 -0.0098366924 -0.022726541 -2.1336703e-07 0.0033727826 -12.587916 0 
1.04 -0.0095412228 -0.030198382 -1.4893769e-07 0.0034293702 -12.615003 0 
1.05 -0.009229633 -0.037301745 -1.0456772e-07 0.0034868566 -12.642125 0 
1.0599999 -0.0089028236 -0.044050172 -7.3930813e-08 0.0035452433 -12.669277 0 
1.0700001 -0.0085616726 -0.050456505 -5.2696187e-08 0.0036045336 -12.696457 0 
1.08 -0.0082070362 -0.056532942 -3.7904332e-08 0.0036647306 -12.723659 0 
1.09 -0.0078397412 -0.062291112 -2.7540155e-08 0.0037258377 -12.750879 0 
1.1 -0.0074605895 -0.067742147 -2.0224405e-08 0.0037878577 -12.778115 0 
1.11 -0.0070703533 -0.072896726 -1.5011942e-08 0.0038507949 -12.805364 0 
1.12 -0.0066697728 -0.0777651 -1.1252425e-08 0.0039146524 -12.832621 0 
1.13 -0.0062595597 -0.082357176 -8.4993133e-09 0.0039794347 -12.859884 0 
1.14 -0.0058403928 -0.086682513 -6.4488757e-09 0.0040451451 -12.88715 0 
1.15 -0.0054129204 -0.090750344 -4.8911244e-09 0.0041117873 -12.914416 0 
1.16 -0.0049777599 -0.094569653 -3.6765195e-09 0.0041793664 -12.941681 0 
1.17 -0.0045354967 -0.098149128 -2.7028619e-09 0.0042478857 -12.96894 0 
1.1799999 -0.0040866872 -0.10149722 -1.8987356e-09 0.0043173498 -12.996193 0 
1.1900001 -0.0036318572 -0.10462216 -1.2106732e-09 0.0043877624 -13.023437 0 
1.2 -0.0031715035 -0.10753196 -5.9806393e-10 0.0044591282 -13.050668 0 
1.21 -0.0027060953 -0.11023442 -3.5622165e-11 0.004531452 -13.077888 0 
1.22 -0.0022360745 -0.11273714 4.9601573e-10 0.0046047368 -13.10509 0 
1.23 -0.001761856 -0.11504752 1.0138185e-09 0.0046789888 -13.132277 0 
1.24 -0.0012838299 -0.1171728 1.5299113e-09 0.0047542118 -13.159445 0 
1.25 -0.0008023621 -0.11912002 2.0545554e-09 0.0048304093 -13.186591 0 
1.26 -0.00031779485 -0.12089606 2.5946514e-09 0.0049075871 -13.213716 0 
1.27 0.00016955157 -0.12250762 3.1566669e-09 0.0049857493 -13.240816 0 
1.28 0.00065937807 -0.12396123 3.745956e-09 0.0050648996 -13.267892 0 
1.29 0.0011514059 -0.12526326 4.3672093e-09 0.0051450441 -13.294941 0 
1.3 0.0016453749 -0.12641992 5.0246864e-09 0.0052261855 -13.321962 0 
1.3099999 0.0021410438 -0.12743726 5.7210574e-09 0.0053083301 -13.348954 0 
1.3200001 0.0026381882 -0.12832116 6.4589076e-09 0.0053914813 -13.375916 0 
1.33 0.0031365997 -0.12907736 7.2440351e-09 0.005475645 -13.402844 0 
1.34 0.0036360859 -0.12971145 8.0803675e-09 0.0055608242 -13.429741 0 
1.35 0.0041364678 -0.13022883 8.972652e-09 0.0056470241 -13.456604 0 
1.36 0.0046375808 -0.13063478 9.922867e-09 0.0057342495 -13.483432 0 
1.37 0.0051392731 -0.13093442 1.0930377e-08 0.0058225049 -13.510223 0 
1.38 0.0056414045 -0.13113272 1.1999748e-08 0.005911795 -13.536978 0 
1.39 0.006143847 -0.13123454 1.3136476e-08 0.0060021239 -13.563695 0 
1.4 0.0066464818 -0.13124451 1.4347182e-08 0.0060934969 -13.590373 0 
1.41 0.0071492009 -0.13116723 1.5632834e-08 0.0061859181 -13.617011 0 
1.42 0.0076519046 -0.13100705 1.6997333e-08 0.0062793917 -13.643609 0 
1.4299999 0.008154504 -0.13076824 1.8443897e-08 0.0063739237 -13.670166 0 
1.4400001 0.0086569162 -0.13045494 1.9976371e-08 0.0064695175 -13.696681 0 
1.45 0.0091590658 -0.13007112 2.1602386e-08 0.0065661776 -13.723154 0 
1.46 0.0096608875 -0.12962066 2.3322141e-08 0.0066639092 -13.749582 0 
1.47 0.010162317 -0.12910725 2.5139345e-08 0.0067627165 -13.775968 0 
1.48 0.010663302 -0.12853453 2.7062679e-08 0.0068626041 -13.802308 0 
1.49 0.011163792 -0.12790592 2.9097119e-08 0.0069635767 -13.828604 0 
1.5 0.011663742 -0.1272248 3.1248124e-08 0.0070656384 -13.854854 0 
1.51 0.012163114 -0.12649441 3.3521253e-08 0.0071687945 -13.881056 0 
1.52 0.012661872 -0.12571782 3.5922685e-08 0.0072730486 -13.907212 0 
1.53 0.013159988 -0.12489806 3.8458829e-08 0.0073784059 -13.933322 0 
1.54 0.013657434 -0.124038 4.1136875e-08 0.0074848714 -13.959383 0 
1.55 0.014154186 -0.12314041 4.3964452e-08 0.007592448 -13.985396 0 
1.5599999 0.014650225 -0.12220795 4.694304e-08 0.0077011418 -14.01136 0 
1.5700001 0.015145535 -0.12124318 5.0080317e-08 0.0078109563 -14.037276 0 
1.58 0.0156401 -0.12024856 5.3392135e-08 0.0079218969 -14.063142 0 
1.59 0.016133912 -0.11922646 5.6881738e-08 0.0080339666 -14.088958 0 
1.6 0.016626958 -0.11817911 6.0560119e-08 0.0081471717 -14.114723 0 
1.61 0.017119236 -0.11710871 6.4438964e-08 0.0082615167 -14.140439 0 
1.62 0.017610738 -0.1160173 6.8515057e-08 0.0083770035 -14.166103 0 
1.63 0.018101461 -0.1149069 7.2799693e-08 0.0084936386 -14.191716 0 
1.64 0.018591408 -0.11377939 7.7305444e-08 0.0086114258 -14.217278 0 
1.65 0.019080572 -0.11263658 8.2046846e-08 0.0087303696 -14.242787 0 
1.66 0.019568961 -0.11148023 8.7040327e-08 0.0088504748 -14.268246 0 
1.67 0.020056576 -0.11031197 9.2285397e-08 0.0089717451 -14.293652 0 
1.6799999 0.020543423 -0.1091334 9.7789517e-08 0.0090941861 -14.319005 0 
1.6900001 0.021029504 -0.10794601 1.035699e-07 0.0092178015 -14.344305 0 
1.7 0.021514826 -0.10675125 1.0964661e-07 0.0093425941 -14.369553 0 
1.71 0.021999398 -0.10555047 1.1603193e-07 0.0094685704 -14.394746 0 
1.72 0.022483226 -0.10434499 1.2272851e-07 0.0095957341 -14.419887 0 
1.73 0.022966318 -0.10313603 1.2975946e-07 0.0097240899 -14.444974 0 
1.74 0.023448687 -0.10192478 1.3713999e-07 0.0098536424 -14.470008 0 
1.75 0.023930339 -0.10071234 1.4488721e-07 0.0099843936 -14.494987 0 
1.76 0.024411285 -0.099499762 1.5300768e-07 0.01011635 -14.519912 0 
1.77 0.024891539 -0.098288059 1.6150764e-07 0.010249516 -14.544783 0 
1.78 0.025371106 -0.097078189 1.7041643e-07 0.010383895 -14.5696 0 
1.79 0.025850002 -0.095871031 1.7975587e-07 0.010519492 -14.594362 0 
1.8 0.026328238 -0.094667435 1.8955052e-07 0.010656308 -14.619071 0 
1.8099999 0.026805824 -0.093468204 1.9981512e-07 0.010794353 -14.643723 0 
1.8200001 0.027282773 -0.092274085 2.1055189e-07 0.010933627 -14.668321 0 
1.83 0.027759098 -0.091085784 2.2178757e-07 0.011074135 -14.692864 0 
1.84 0.028234811 -0.089903988 2.3355207e-07 0.011215882 -14.717353 0 
1.85 0.028709924 -0.0887293 2.4586598e-07 0.011358872 -14.741785 0 
1.86 0.029184451 -0.087562323 2.5875141e-07 0.011503109 -14.766164 0 
1.87 0.029658405 -0.086403608 2.7221816e-07 0.011648597 -14.790485 0 
1.88 0.030131798 -0.085253656 2.863043e-07 0.01179534 -14.814753 0 
1.89 0.030604638 -0.08411295 3.0105318e-07 0.011943343 -14.838964 0 
1.9 0.031076949 -0.082981944 3.1647002e-07 0.012092609 -14.863121 0 
1.91 0.031548735 -0.081861056 3.325728e-07 0.012243143 -14.887221 0 
1.92 0.032020006 -0.080750667 3.4939504e-07 0.012394949 -14.911267 0 
1.9299999 0.032490786 -0.07965114 3.669746e-07 0.012548029 -14.935256 0 
1.9400001 0.032961074 -0.078562789 3.8533801e-07 0.012702391 -14.95919 0 
1.95 0.033430897 -0.077485934 4.0451431e-07 0.012858036 -14.983068 0 
1.96 0.033900257 -0.076420844 4.2455096e-07 0.013014969 -15.00689 0 
1.97 0.034369167 -0.075367771 4.4546897e-07 0.013173195 -15.030656 0 
1.98 0.034837648 -0.074326962 4.6730673e-07 0.013332715 -15.054367 0 
1.99 0.035305701 -0.073298611 4.901064e-07 0.013493537 -15.078022 0 
2 0.035773344 -0.07228291 5.1388054e-07 0.013655661 -15.101621 0 
2.01 0.036240589 -0.07128004 5.3867501e-07 0.013819094 -15.125164 0 
2.02 0.036707446 -0.070290133 5.645407e-07 0.013983838 -15.148651 0 
2.03 0.037173927 -0.069313347 5.9151733e-07 0.014149899 -15.172083 0 
2.04 0.03764005 -0.068349771 6.1964823e-07 0.014317279 -15.195458 0 
2.05 0.038105816 -0.067399517 6.4898114e-07 0.014485982 -15.218778 0 
2.0599999 0.038571242 -0.066462681 6.7954983e-07 0.014656014 -15.242041 0 
2.0699999 0.039036337 -0.065539308 7.1139044e-07 0.014827376 -15.265249 0 
2.0799999 0.039501116 -0.06462948 7.4457932e-07 0.015000074 -15.288401 0 
2.0899999 0.039965589 -0.06373322 7.7914547e-07 0.015174111 -15.311497 0 
2.0999999 0.040429767 -0.062850572 8.1513838e-07 0.01534949 -15.334537 0 
2.1099999 0.040893655 -0.061981548 8.5263133e-07 0.015526216 -15.35752 0 
2.1199999 0.041357271 -0.061126158 8.9166747e-07 0.015704291 -15.380448 0 
2.1300001 0.041820619 -0.06028441 9.3231307e-07 0.015883723 -15.40332 0 
2.1400001 0.042283718 -0.059456274 9.7462134e-07 0.016064512 -15.426137 0 
2.1500001 0.04274657 -0.058641743 1.0186503e-06 0.016246662 -15.448897 0 
2.1600001 0.043209191 -0.057840779 1.0644841e-06 0.016430179 -15.471601 0 
2.1700001 0.043671582 -0.057053354 1.1121751e-06 0.016615063 -15.49425 0 
2.1800001 0.044133764 -0.056279413 1.1617802e-06 0.016801322 -15.516845 0 
2.1900001 0.044595741 -0.055518907 1.2133595e-06 0.016988955 -15.539382 0 
2.2 0.04505752 -0.054771774 1.267001e-06 0.017177971 -15.561863 0 
2.21 0.045519121 -0.054037955 1.3227802e-06 0.017368369 -15.58429 0 
2.22 0.045980543 -0.053317372 1.3807589e-06 0.017560156 -15.606659 0 
2.23 0.046441793 -0.05260995 1.4410257e-06 0.017753333 -15.628973 0 
2.24 0.046902891 -0.051915608 1.5036788e-06 0.017947905 -15.651233 0 
2.25 0.04736384 -0.051234256 1.5688056e-06 0.018143874 -15.673436 0 
2.26 0.047824647 -0.050565809 1.6364562e-06 0.018341247 -15.695584 0 
2.27 0.048285328 -0.049910165 1.7067282e-06 0.018540025 -15.717676 0 
2.28 0.048745882 -0.049267229 1.7797533e-06 0.018740211 -15.739713 0 
2.29 0.049206328 -0.048636898 1.8555857e-06 0.018941808 -15.761693 0 
2.3 0.049666662 -0.048019063 1.9343288e-06 0.019144826 -15.783621 0 
2.3099999 0.050126903 -0.047413621 2.0160958e-06 0.019349258 -15.80549 0 
2.3199999 0.050587051 -0.046820454 2.1009657e-06 0.019555116 -15.827305 0 
2.3299999 0.051047124 -0.046239458 2.1890696e-06 0.019762401 -15.849064 0 
2.3399999 0.051507119 -0.045670509 2.2805064e-06 0.019971114 -15.870769 0 
2.3499999 0.051967058 -0.045113493 2.3754078e-06 0.020181261 -15.892418 0 
2.3599999 0.052426931 -0.044568293 2.4738956e-06 0.020392843 -15.914011 0 
2.3699999 0.052886762 -0.044034783 2.5760785e-06 0.020605866 -15.935551 0 
2.3800001 0.053346548 -0.043512847 2.6820744e-06 0.020820333 -15.957033 0 
2.3900001 0.053806301 -0.04300236 2.792013e-06 0.021036249 -15.978462 0 
2.4000001 0.054266032 -0.042503193 2.9060363e-06 0.021253612 -15.999834 0 
2.4100001 0.05472574 -0.042015232 3.0242493e-06 0.02147243 -16.021152 0 
2.4200001 0.055185437 -0.041538339 3.1468167e-06 0.021692704 -16.042416 0 
2.4300001 0.055645131 -0.041072398 3.273896e-06 0.021914437 -16.063623 0 
2.4400001 0.056104828 -0.04061728 3.405635e-06 0.022137636 -16.084776 0 
2.45 0.056564532 -0.040172856 3.5421676e-06 0.022362301 -16.105875 0 
2.46 0.057024252 -0.039739005 3.6836407e-06 0.022588436 -16.126919 0 
2.47 0.057484005 -0.039315592 3.830241e-06 0.022816045 -16.147907 0 
2.48 0.05794378 -0.038902503 3.9821216e-06 0.023045128 -16.168842 0 
2.49 0.058403596 -0.038499601 4.1394765e-06 0.023275692 -16.18972 0 
2.5 0.058863454 -0.038106762 4.3024652e-06 0.023507738 -16.210545 0 
2.51 0.059323367 -0.037723869 4.4712338e-06 0.023741273 -16.231314 0 
2.52 0.05978334 -0.037350785 4.6459936e-06 0.023976296 -16.252029 0 
2.53 0.060243368 -0.036987398 4.826984e-06 0.024212809 -16.27269 0 
2.54 0.060703475 -0.036633573 5.0143813e-06 0.02445082 -16.293297 0 
2.55 0.061163653 -0.036289196 5.2083501e-06 0.02469033 -16.313848 0 
2.5599999 0.061623916 -0.035954148 5.409096e-06 0.02493134 -16.334345 0 
2.5699999 0.062084276 -0.035628296 5.6168756e-06 0.025173854 -16.354788 0 
2.5799999 0.062544726 -0.035311531 5.8319429e-06 0.025417879 -16.375175 0 
2.5899999 0.063005276 -0.035003729 6.0544921e-06 0.025663411 -16.39551 0 
2.5999999 0.063465938 -0.034704771 6.2847316e-06 0.025910461 -16.415789 0 
2.6099999 0.063926712 -0.034414545 6.5228878e-06 0.026159026 -16.436016 0 
2.6199999 0.064387605 -0.034132928 6.7692408e-06 0.026409112 -16.456186 0 
2.6300001 0.064848624 -0.033859812 7.0240681e-06 0.026660722 -16.476303 0 
2.6400001 0.065309778 -0.033595085 7.2875846e-06 0.026913857 -16.496367 0 
2.6500001 0.065771073 -0.033338625 7.5600533e-06 0.02716852 -16.516375 0 
2.6600001 0.06623251 -0.033090331 7.8417934e-06 0.027424717 -16.536331 0 
2.6700001 0.066694096 -0.032850083 8.1330982e-06 0.027682448 -16.556231 0 
2.6800001 0.067155831 -0.032617785 8.4341909e-06 0.027941719 -16.576077 0 
2.6900001 0.067617729 -0.032393325 8.7453773e-06 0.02820253 -16.595871 0 
2.7 0.068079799 -0.032176591 9.0669928e-06 0.028464884 -16.61561 0 
2.71 0.068542041 -0.031967487 9.3993458e-06 0.028728785 -16.635296 0 
2.72 0.069004454 -0.031765912 9.742771e-06 0.028994236 -16.654928 0 
2.73 0.069467053 -0.031571753 1.0097605e-05 0.029261239 -16.674505 0 
2.74 0.069929846 -0.031384923 1.0464149e-05 0.029529799 -16.694029 0 
2.75 0.070392825 -0.031205313 1.0842771e-05 0.029799914 -16.713499 0 
2.76 0.070856012 -0.03103283 1.1233868e-05 0.030071594 -16.732918 0 
2.77 0.071319394 -0.030867381 1.163778e-05 0.030344835 -16.752279 0 
2.78 0.071782991 -0.030708868 1.2054879e-05 0.030619645 -16.771589 0 
2.79 0.072246805 -0.030557198 1.2485574e-05 0.030896025 -16.790846 0 
2.8 0.072710834 -0.030412283 1.2930242e-05 0.031173976 -16.810047 0 
2.8099999 0.073175102 -0.030274028 1.3389295e-05 0.031453501 -16.829197 0 
2.8199999 0.073639587 -0.03014235 1.3863159e-05 0.031734608 -16.848293 0 
2.8299999 0.074104317 -0.030017158 1.4352252e-05 0.032017291 -16.867334 0 
2.8399999 0.074569285 -0.029898368 1.4857009e-05 0.03230156 -16.886326 0 
2.8499999 0.075034492 -0.029785894 1.5377864e-05 0.032587413 -16.90526 0 
2.8599999 0.075499959 -0.029679656 1.591533e-05 0.03287486 -16.924143 0 
2.8699999 0.07596568 -0.029579571 1.6469861e-05 0.033163894 -16.942972 0 
2.8800001 0.076431669 -0.029485559 1.7041964e-05 0.033454522 -16.961748 0 
2.8900001 0.076897912 -0.029397542 1.7632115e-05 0.033746753 -16.980473 0 
2.9000001 0.077364437 -0.029315442 1.8240829e-05 0.034040578 -16.999142 0 
2.9100001 0.077831231 -0.029239185 1.8868646e-05 0.034336004 -17.017759 0 
2.9200001 0.078298308 -0.029168695 1.9516076e-05 0.03463304 -17.036322 0 
2.9300001 0.078765675 -0.029103901 2.0183716e-05 0.034931682 -17.054832 0 
2.9400001 0.079233326 -0.029044729 2.0872074e-05 0.035231933 -17.073292 0 
2.95 0.079701282 -0.028991109 2.1581738e-05 0.035533797 -17.091696 0 
2.96 0.080169529 -0.028942974 2.2313354e-05 0.035837278 -17.110046 0 
2.97 0.080638088 -0.028900258 2.306748e-05 0.036142379 -17.128347 0 
2.98 0.081106953 -0.02886289 2.3844728e-05 0.036449093 -17.146593 0 
2.99 0.081576131 -0.02883081 2.4645798e-05 0.036757439 -17.164787 0 
3 0.08204563 -0.02880395 2.5471354e-05 0.037067406 -17.182928 0 
3.01 0.082515456 -0.02878225 2.6322039e-05 0.037379004 -17.201015 0 
3.02 0.08298561 -0.028765649 2.7198519e-05 0.037692234 -17.219051 0 
3.03 0.083456092 -0.028754087 2.810148e-05 0.038007095 -17.237034 0 
3.04 0.083926916 -0.028747508 2.9031671e-05 0.038323592 -17.254965 0 
3.05 0.084398076 -0.028745851 2.9989882e-05 0.038641728 -17.27284 0 
3.0599999 0.084869593 -0.028749062 3.0976847e-05 0.038961507 -17.290665 0 
3.0699999 0.085341454 -0.028757084 3.1993262e-05 0.039282925 -17.308437 0 
3.0799999 0.085813679 -0.028769866 3.3039953e-05 0.039605998 -17.326159 0 
3.0899999 0.086286254 -0.028787356 3.4117751e-05 0.039930712 -17.343824 0 
3.0999999 0.086759202 -0.028809499 3.5227436e-05 0.040257078 -17.361439 0 
3.1099999 0.087232515 -0.028836248 3.6369911e-05 0.040585101 -17.379002 0 
3.1199999 0.087706201 -0.028867556 3.7546077e-05 0.040914778 -17.396511 0 
3.1300001 0.088180266 -0.028903369 3.87568e-05 0.041246112 -17.413969 0 
3.1400001 0.088654712 -0.028943645 4.0002931e-05 0.041579109 -17.431374 0 
3.1500001 0.089129552 -0.028988339 4.1285421e-05 0.04191377 -17.448727 0 
3.1600001 0.08960478 -0.029037401 4.2605283e-05 0.042250097 -17.466028 0 
3.1700001 0.090080403 -0.029090794 4.3963431e-05 0.042588089 -17.483276 0 
3.1800001 0.090556428 -0.029148472 4.5360859e-05 0.042927757 -17.500471 0 
3.1900001 0.091032855 -0.029210394 4.679861e-05 0.043269094 -17.517618 0 
3.2 0.091509692 -0.02927652 4.8277747e-05 0.043612108 -17.534708 0 
3.21 0.091986939 -0.029346813 4.9799324e-05 0.043956801 -17.551746 0 
3.22 0.092464603 -0.029421229 5.136443e-05 0.044303171 -17.568735 0 
3.23 0.0929427 -0.029499736 5.2974192e-05 0.044651225 -17.58567 0 
3.24 0.093421206 -0.029582296 5.462968e-05 0.045000963 -17.602554 0 
3.25 0.093900159 -0.029668873 5.633209e-05 0.045352388 -17.619385 0 
3.26 0.094379537 -0.029759431 5.8082653e-05 0.045705505 -17.636164 0 
3.27 0.094859354 -0.029853938 5.9882517e-05 0.046060313 -17.652889 0 
3.28 0.095339611 -0.029952366 6.1733015e-05 0.046416815 -17.669565 0 
3.29 0.095820315 -0.030054674 6.3635431e-05 0.046775017 -17.686188 0 
3.3 0.096301481 -0.030160837 6.5591004e-05 0.047134914 -17.702759 0 
3.3099999 0.096783094 -0.030270824 6.7601082e-05 0.047496516 -17.71928 0 
3.3199999 0.097265162 -0.030384606 6.9667018e-05 0.047859818 -17.735748 0 
3.3299999 0.097747706 -0.030502155 7.17902e-05 0.048224829 -17.752161 0 
3.3399999 0.098230712 -0.030623443 7.3972085e-05 0.048591547 -17.768524 0 
3.3499999 0.098714188 -0.030748444 7.6214121e-05 0.048959978 -17.784838 0 
3.3599999 0.099198133 -0.030877134 7.8517733e-05 0.049330115 -17.801098 0 
3.3699999 0.09968257 -0.031009482 8.0884442e-05 0.049701974 -17.817307 0 
3.3800001 0.10016748 -0.031145468 8.3315834e-05 0.05007555 -17.83346 0 
3.3900001 0.10065289 -0.031285066 8.5813546e-05 0.050450843 -17.849566 0 
3.4000001 0.10113879 -0.031428263 8.8379136e-05 0.050827857 -17.865618 0 
3.4100001 0.10162518 -0.031575024 9.1014204e-05 0.051206596 -17.88162 0 
3.4200001 0.10211208 -0.031725336 9.3720475e-05 0.051587064 -17.897568 0 
3.4300001 0.10259948 -0.031879175 9.6499658e-05 0.05196926 -17.913465 0 
3.4400001 0.10308738 -0.032036521 9.9353521e-05 0.052353185 -17.929312 0 
3.45 0.1035758 -0.03219736 0.00010228382 0.052738842 -17.945107 0 
3.46 0.10406474 -0.032361668 0.0001052924 0.053126238 -17.960848 0 
3.47 0.1045542 -0.032529425 0.00010838111 0.053515371 -17.97654 0 
3.48 0.10504418 -0.032700624 0.0001115519 0.05390624 -17.992178 0 
3.49 0.10553469 -0.032875244 0.00011480666 0.054298859 -18.007767 0 
3.5 0.10602573 -0.033053268 0.00011814743 0.054693215 -18.023302 0 
3.51 0.10651731 -0.033234682 0.00012157622 0.055089317 -18.038788 0 
3.52 0.10700943 -0.033419468 0.00012509503 0.055487175 -18.05422 0 
3.53 0.10750209 -0.033607617 0.00012870603 0.055886779 -18.069601 0 
3.54 0.1079953 -0.033799116 0.00013241141 0.056288134 -18.08493 0 
3.55 0.10848907 -0.033993948 0.00013621336 0.056691248 -18.100208 0 
3.5599999 0.10898338 -0.034192108 0.00014011411 0.05709612 -18.115435 0 
3.5699999 0.10947827 -0.034393582 0.00014411595 0.05750275 -18.130611 0 
3.5799999 0.10997371 -0.034598354 0.00014822117 0.057911143 -18.145735 0 
3.5899999 0.11046971 -0.034806419 0.0001524321 0.058321293 -18.160807 0 
3.5999999 0.1109663 -0.03501777 0.00015675127 0.058733217 -18.175829 0 
3.6099999 0.11146346 -0.035232391 0.00016118117 0.059146911 -18.190798 0 
3.6199999 0.11196119 -0.03545028 0.00016572428 0.05956237 -18.205715 0 
3.6300001 0.11245951 -0.03567142 0.00017038315 0.059979606 -18.220581 0 
3.6400001 0.11295842 -0.035895813 0.00017516044 0.060398612 -18.235395 0 
3.6500001 0.11345792 -0.036123451 0.00018005881 0.060819399 -18.25016 0 
3.6600001 0.11395802 -0.036354322 0.00018508101 0.061241962 -18.264872 0 
3.6700001 0.1144587 -0.036588427 0.00019022981 0.061666302 -18.279531 0 
3.6800001 0.11496 -0.036825754 0.00019550805 0.062092435 -18.29414 0 
3.6900001 0.11546189 -0.037066303 0.0002009186 0.062520348 -18.308699 0 
3.7 0.11596441 -0.037310071 0.00020646442 0.062950052 -18.323204 0 
3.71 0.11646754 -0.037557043 0.00021214857 0.063381545 -18.33766 0 
3.72 0.11697128 -0.03780723 0.00021797405 0.063814826 -18.352062 0 
3.73 0.11747564 -0.038060617 0.00022394402 0.064249903 -18.366417 0 
3.74 0.11798063 -0.038317211 0.00023006163 0.064686775 -18.380716 0 
3.75 0.11848625 -0.038577005 0.00023633007 0.06512545 -18.394966 0 
3.76 0.1189925 -0.038839996 0.00024275275 0.065565921 -18.409163 0 
3.77 0.11949939 -0.039106186 0.00024933298 0.066008195 -18.423309 0 
3.78 0.12000692 -0.03937557 0.00025607421 0.066452272 -18.437405 0 
3.79 0.12051509 -0.039648157 0.00026297997 0.06689816 -18.45145 0 
3.8 0.12102391 -0.039923936 0.00027005374 0.067345858 -18.465441 0 
3.8099999 0.12153339 -0.040202912 0.0002772992 0.067795359 -18.479383 0 
3.8199999 0.12204351 -0.040485092 0.00028471995 0.068246678 -18.493273 0 
3.8299999 0.1225543 -0.040770467 0.0002923198 0.068699814 -18.507111 0 
3.8399999 0.12306575 -0.04105904 0.00030010263 0.069154769 -18.520897 0 
3.8499999 0.12357786 -0.041350819 0.00030807231 0.069611534 -18.534632 0 
3.8599999 0.12409065 -0.041645803 0.00031623279 0.070070125 -18.548317 0 
3.8699999 0.12460411 -0.041943993 0.00032458804 0.070530541 -18.561951 0 
3.8800001 0.12511826 -0.042245395 0.00033314232 0.070992783 -18.575533 0 
3.8900001 0.12563308 -0.042550012 0.00034189978 0.07145685 -18.589062 0 
3.9000001 0.12614858 -0.042857852 0.00035086472 0.071922749 -18.602539 0 
3.9100001 0.12666477 -0.04316891 0.00036004136 0.072390482 -18.615969 0 
3.9200001 0.12718166 -0.043483198 0.00036943419 0.072860047 -18.629343 0 
3.9300001 0.12769924 -0.043800723 0.00037904779 0.073331445 -18.642668 0 
3.9400001 0.12821753 -0.044121478 0.00038888666 0.073804684 -18.655941 0 
3.95 0.12873653 -0.044445481 0.00039895551 0.074279763 -18.669163 0 
3.96 0.12925622 -0.044772733 0.00040925914 0.074756674 -18.682333 0 
3.97 0.12977664 -0.045103241 0.00041980229 0.075235441 -18.695452 0 
3.98 0.13029775 -0.045437008 0.00043058977 0.075716056 -18.708519 0 
3.99 0.13081959 -0.045774046 0.00044162679 0.076198518 -18.721535 0 
4 0.13134216 -0.046114363 0.00045291835 0.076682836 -18.734499 0 
4.0100002 0.13186544 -0.046457961 0.00046446972 0.077168994 -18.747412 0 
4.02 0.13238947 -0.046804853 0.00047628608 0.077657007 -18.760275 0 
4.0300002 0.13291423 -0.047155045 0.00048837275 0.07814689 -18.773085 0 
4.04 0.1334397 -0.047508553 0.00050073524 0.078638613 -18.785843 0 
4.0500002 0.13396595 -0.047865368 0.00051337911 0.079132214 -18.79855 0 
4.0599999 0.13449293 -0.048225515 0.00052631 0.079627678 -18.811209 0 
4.0700002 0.13502066 -0.048588999 0.00053953344 0.080124997 -18.823811 0 
4.0799999 0.13554911 -0.048955832 0.00055305555 0.080624186 -18.836365 0 
4.0900002 0.13607836 -0.049326017 0.00056688226 0.081125244 -18.848866 0 
4.0999999 0.13660835 -0.049699567 0.0005810195 0.081628174 -18.861315 0 
4.1100001 0.1371391 -0.050076496 0.00059547339 0.08213298 -18.873713 0 
4.1199999 0.13767062 -0.050456811 0.00061025034 0.082639664 -18.886061 0 
4.1300001 0.13820291 -0.050840523 0.00062535645 0.083148211 -18.898355 0 
4.1399999 0.13873598 -0.051227652 0.00064079842 0.083658658 -18.910599 0 
4.1500001 0.1392698 -0.0516182 0.00065658253 0.084170967 -18.922792 0 
4.1599998 0.13980442 -0.052012179 0.0006727156 0.084685177 -18.934933 0 
4.1700001 0.14033982 -0.052409604 0.00068920437 0.085201263 -18.947021 0 
4.1799998 0.14087602 -0.05281049 0.00070605584 0.085719235 -18.959057 0 
4.1900001 0.14141302 -0.053214848 0.00072327704 0.0862391 -18.971043 0 
4.1999998 0.14195079 -0.053622689 0.00074087502 0.086760856 -18.982977 0 
4.21 0.14248937 -0.054034024 0.00075885688 0.087284513 -18.99486 0 
4.2199998 0.14302875 -0.054448877 0.00077723002 0.087810062 -19.006691 0 
4.23 0.14356895 -0.054867249 0.00079600204 0.088337503 -19.018469 0 
4.2399998 0.14410995 -0.055289157 0.00081518036 0.088866852 -19.030197 0 
4.25 0.14465177 -0.055714622 0.00083477283 0.089398101 -19.041872 0 
4.2600002 0.1451944 -0.056143656 0.0008547873 0.08993125 -19.053493 0 
4.27 0.14573784 -0.056576267 0.00087523158 0.090466313 -19.065067 0 
4.2800002 0.14628212 -0.05701248 0.00089611381 0.091003284 -19.076588 0 
4.29 0.14682722 -0.057452302 0.00091744238 0.091542162 -19.088055 0 
4.3000002 0.14737315 -0.05789575 0.0009392256 0.092082955 -19.099472 0 
4.3099999 0.14791992 -0.058342841 0.00096147181 0.092625663 -19.110836 0 
4.3200002 0.14846753 -0.058793589 0.0009841898 0.093170285 -19.122149 0 
4.3299999 0.14901598 -0.059248015 0.001007388 0.09371683 -19.13341 0 
4.3400002 0.14956529 -0.059706133 0.0010310756 0.09426529 -19.144619 0 
4.3499999 0.15011543 -0.060167957 0.0010552615 0.094815679 -19.155775 0 
4.3600001 0.15066643 -0.060633503 0.001079955 0.09536799 -19.16688 0 
4.3699999 0.15121828 -0.061102796 0.0011051652 0.095922232 -19.177933 0 
4.3800001 0.15177101 -0.061575845 0.0011309015 0.096478395 -19.188934 0 
4.3899999 0.15232459 -0.062052671 0.0011571738 0.097036496 -19.199884 0 
4.4000001 0.15287904 -0.062533289 0.0011839916 0.097596526 -19.210781 0 
4.4099998 0.15343437 -0.063017726 0.0012113648 0.098158501 -19.221624 0 
4.4200001 0.15399057 -0.063505985 0.0012393035 0.098722406 -19.232418 0 
4.4299998 0.15454763 -0.063998088 0.001267818 0.099288248 -19.24316 0 
4.4400001 0.15510558 -0.064494066 0.0012969185 0.099856034 -19.253847 0 
4.4499998 0.15566443 -0.064993918 0.0013266156 0.10042576 -19.264484 0 
4.46 0.15622416 -0.065497689 0.0013569199 0.10099744 -19.275068 0 
4.4699998 0.15678479 -0.066005379 0.001387842 0.10157107 -19.285601 0 
4.48 0.15734631 -0.066517003 0.0014193932 0.10214665 -19.296082 0 
4.4899998 0.15790872 -0.067032605 0.0014515846 0.10272418 -19.306507 0 
4.5 0.15847205 -0.067552172 0.0014844276 0.10330366 -19.316883 0 
4.5100002 0.15903628 -0.068075754 0.0015179334 0.10388509 -19.327206 0 
4.52 0.15960142 -0.068603344 0.0015521138 0.10446849 -19.337475 0 
4.5300002 0.16016749 -0.069134988 0.0015869807 0.10505385 -19.347694 0 
4.54 0.16073444 -0.069670692 0.0016225456 0.10564116 -19.357861 0 
4.5500002 0.16130234 -0.070210479 0.0016588212 0.10623045 -19.367973 0 
4.5599999 0.16187117 -0.070754379 0.0016958195 0.1068217 -19.378033 0 
4.5700002 0.16244093 -0.071302392 0.0017335534 0.10741492 -19.388044 0 
4.5799999 0.1630116 -0.071854554 0.0017720354 0.10801011 -19.397999 0 
4.5900002 0.16358322 -0.072410896 0.0018112781 0.10860728 -19.407902 0 
4.5999999 0.16415578 -0.072971418 0.0018512949 0.10920642 -19.417753 0 
4.6100001 0.16472927 -0.073536158 0.0018920989 0.10980753 -19.427551 0 
4.6199999 0.16530372 -0.074105129 0.0019337035 0.11041063 -19.437296 0 
4.6300001 0.16587913 -0.074678354 0.0019761226 0.11101571 -19.446987 0 
4.6399999 0.16645546 -0.075255863 0.0020193697 0.11162277 -19.456629 0 
4.6500001 0.16703279 -0.075837679 0.002063459 0.11223181 -19.466215 0 
4.6599998 0.16761105 -0.076423816 0.0021084044 0.11284284 -19.475748 0 
4.6700001 0.16819029 -0.077014305 0.0021542208 0.11345587 -19.485229 0 
4.6799998 0.16877049 -0.077609159 0.0022009222 0.11407088 -19.494659 0 
4.6900001 0.16935167 -0.078208409 0.0022485242 0.11468789 -19.504034 0 
4.6999998 0.1699338 -0.078812078 0.002297041 0.11530689 -19.513357 0 
4.71 0.17051692 -0.079420194 0.0023464884 0.1159279 -19.522627 0 
4.7199998 0.17110105 -0.080032773 0.0023968813 0.1165509 -19.531843 0 
4.73 0.17168614 -0.080649838 0.0024482361 0.1171759 -19.541008 0 
4.7399998 0.17227222 -0.081271432 0.0025005681 0.11780291 -19.550117 0 
4.75 0.1728593 -0.081897557 0.002553893 0.11843193 -19.559175 0 
4.7600002 0.17344737 -0.082528241 0.002608228 0.11906296 -19.56818 0 
4.77 0.17403644 -0.083163522 0.0026635888 0.11969599 -19.577131 0 
4.7800002 0.17462653 -0.083803415 0.002719993 0.12033103 -19.586029 0 
4.79 0.1752176 -0.084447958 0.0027774565 0.1209681 -19.594873 0 
4.8000002 0.17580971 -0.085097156 0.0028359971 0.12160718 -19.603666 0 
4.8099999 0.17640282 -0.085751049 0.0028956323 0.12224828 -19.612404 0 
4.8200002 0.17699695 -0.086409658 0.0029563794 0.12289139 -19.621088 0 
4.8299999 0.1775921 -0.087073013 0.0030182565 0.12353653 -19.629719 0 
4.8400002 0.17818826 -0.087741137 0.0030812814 0.1241837 -19.638296 0 
4.8499999 0.17878547 -0.088414058 0.0031454728 0.12483289 -19.646822 0 
4.8600001 0.17938371 -0.089091793 0.0032108491 0.12548412 -19.655293 0 
4.8699999 0.17998298 -0.089774385 0.0032774294 0.12613738 -19.66371 0 
4.8800001 0.1805833 -0.090461858 0.0033452325 0.12679267 -19.672071 0 
4.8899999 0.18118465 -0.091154233 0.0034142772 0.12744997 -19.68038 0 
4.9000001 0.18178704 -0.091851532 0.0034845842 0.12810935 -19.688639 0 
4.9099998 0.18239048 -0.092553794 0.0035561724 0.12877075 -19.696838 0 
4.9200001 0.18299501 -0.093261041 0.0036290623 0.1294342 -19.704988 0 
4.9299998 0.18360056 -0.093973301 0.0037032738 0.13009967 -19.713081 0 
4.9400001 0.18420717 -0.094690613 0.0037788278 0.13076721 -19.721123 0 
4.9499998 0.18481486 -0.095412984 0.0038557453 0.13143679 -19.729109 0 
4.96 0.18542363 -0.096140467 0.0039340477 0.13210844 -19.737043 0 
4.9699998 0.18603344 -0.096873067 0.0040137549 0.1327821 -19.744921 0 
4.98 0.18664435 -0.097610824 0.0040948903 0.13345784 -19.752745 0 
4.9899998 0.18725632 -0.098353766 0.0041774749 0.13413563 -19.760513 0 
5 0.18786938 -0.099101923 0.0042615305 0.13481548 -19.76823 0 
5.0100002 0.18848352 -0.099855334 0.0043470808 0.13549739 -19.775892 0 
5.02 0.18909876 -0.10061401 0.0044341474 0.13618137 -19.783499 0 
5.0300002 0.18971507 -0.10137799 0.0045227534 0.1368674 -19.791054 0 
5.04 0.1903325 -0.1021473 0.0046129231 0.13755551 -19.798552 0 
5.0500002 0.19095102 -0.10292197 0.0047046789 0.13824569 -19.805996 0 
5.0599999 0.19157065 -0.10370205 0.0047980454 0.13893794 -19.813385 0 
5.0700002 0.19219138 -0.10448753 0.0048930463 0.13963225 -19.820721 0 
5.0799999 0.19281322 -0.10527848 0.0049897064 0.14032863 -19.828001 0 
5.0900002 0.19343618 -0.10607491 0.0050880504 0.14102711 -19.835228 0 
5.0999999 0.19406025 -0.10687685 0.0051881033 0.14172766 -19.842398 0 
5.1100001 0.19468544 -0.10768434 0.0052898903 0.14243028 -19.849514 0 
5.1199999 0.19531175 -0.10849742 0.0053934366 0.143135 -19.856577 0 
5.1300001 0.19593921 -0.1093161 0.0054987692 0.14384179 -19.863583 0 
5.1399999 0.19656779 -0.11014041 0.0056059137 0.14455067 -19.870535 0 
5.1500001 0.1971975 -0.11097041 0.0057148971 0.14526165 -19.877432 0 
5.1599998 0.19782835 -0.11180611 0.0058257459 0.14597471 -19.884274 0 
5.1700001 0.19846034 -0.11264755 0.0059384871 0.14668986 -19.89106 0 
5.1799998 0.19909348 -0.11349475 0.0060531488 0.14740711 -19.897791 0 
5.1900001 0.19972774 -0.11434776 0.0061697583 0.14812645 -19.904469 0 
5.1999998 0.20036319 -0.1152066 0.0062883445 0.14884791 -19.911089 0 
5.21 0.20099978 -0.11607131 0.0064089349 0.14957145 -19.917656 0 
5.2199998 0.20163754 -0.11694191 0.0065315589 0.15029709 -19.924166 0 
5.23 0.20227645 -0.11781846 0.0066562453 0.15102485 -19.930622 0 
5.2399998 0.20291653 -0.11870097 0.0067830239 0.15175471 -19.937021 0 
5.25 0.20355779 -0.11958947 0.0069119246 0.15248668 -19.943365 0 
5.2600002 0.20420021 -0.12048401 0.007042977 0.15322076 -19.949652 0 
5.27 0.20484382 -0.12138462 0.007176212 0.15395695 -19.955885 0 
5.2800002 0.20548859 -0.12229133 0.0073116603 0.15469524 -19.962063 0 
5.29 0.20613454 -0.12320418 0.0074493531 0.15543567 -19.968185 0 
5.3000002 0.2067817 -0.12412319 0.0075893216 0.15617821 -19.974249 0 
5.3099999 0.20743005 -0.12504843 0.0077315988 0.15692288 -19.980259 0 
5.3200002 0.20807959 -0.12597989 0.0078762155 0.15766965 -19.986212 0 
5.3299999 0.20873031 -0.12691762 0.0080232052 0.15841855 -19.992111 0 
5.3400002 0.20938225 -0.12786168 0.0081726005 0.15916958 -19.997953 0 
5.3499999 0.2100354 -0.12881204 0.008324435 0.15992275 -20.003738 0 
5.3600001 0.21068974 -0.12976883 0.0084787421 0.16067803 -20.009466 0 
5.3699999 0.21134529 -0.13073201 0.0086355545 0.16143546 -20.015141 0 
5.3800001 0.21200207 -0.13170165 0.0087949093 0.162195 -20.020758 0 
5.3899999 0.21266004 -0.13267778 0.0089568403 0.16295668 -20.026318 0 
5.4000001 0.21331927 -0.13366042 0.0091213817 0.1637205 -20.03182 0 
5.4099998 0.21397971 -0.13464963 0.009288569 0.16448647 -20.037268 0 
5.4200001 0.21464136 -0.13564543 0.0094584404 0.16525458 -20.042658 0 
5.4299998 0.21530427 -0.13664788 0.0096310284 0.16602482 -20.047993 0 
5.4400001 0.21596839 -0.13765699 0.0098063741 0.16679721 -20.05327 0 
5.4499998 0.21663377 -0.13867278 0.009984511 0.16757174 -20.058491 0 
5.46 0.21730039 -0.13969535 0.010165478 0.16834843 -20.063654 0 
5.4699998 0.21796824 -0.14072469 0.010349313 0.16912727 -20.06876 0 
5.48 0.21863735 -0.14176083 0.010536053 0.16990826 -20.073811 0 
5.4899998 0.21930769 -0.14280385 0.010725739 0.17069139 -20.078802 0 
5.5 0.21997932 -0.14385375 0.01091841 0.17147668 -20.083736 0 
5.5100002 0.22065218 -0.14491059 0.011114102 0.17226413 -20.088615 0 
5.52 0.22132631 -0.14597438 0.011312858 0.17305374 -20.093437 0 
5.5300002 0.22200172 -0.1470452 0.011514717 0.1738455 -20.0982 0 
5.54 0.22267838 -0.14812304 0.01171972 0.17463942 -20.102907 0 
5.5500002 0.22335632 -0.14920799 0.01192791 0.17543551 -20.107555 0 
5.5599999 0.22403553 -0.15030006 0.012139325 0.17623377 -20.112148 0 
5.5700002 0.22471602 -0.15139927 0.012354009 0.17703418 -20.116682 0 
5.5799999 0.22539781 -0.1525057 0.012572003 0.17783676 -20.121159 0 
5.5900002 0.22608086 -0.15361935 0.012793352 0.17864151 -20.125576 0 
5.5999999 0.2267652 -0.1547403 0.013018097 0.17944844 -20.129936 0 
5.6100001 0.22745086 -0.15586856 0.013246284 0.18025756 -20.134237 0 
5.6199999 0.22813778 -0.15700418 0.013477954 0.18106882 -20.138483 0 
5.6300001 0.22882602 -0.1581472 0.013713154 0.18188226 -20.14267 0 
5.6399999 0.22951555 -0.15929765 0.013951928 0.18269789 -20.146799 0 
5.6500001 0.23020639 -0.1604556 0.014194323 0.1835157 -20.150867 0 
5.6599998 0.23089854 -0.16162105 0.014440382 0.18433568 -20.154881 0 
5.6700001 0.231592 -0.16279405 0.014690153 0.18515784 -20.158834 0 
5.6799998 0.23228677 -0.16397467 0.014943684 0.18598218 -20.162727 0 
5.6900001 0.23298286 -0.16516292 0.015201018 0.18680872 -20.166565 0 
5.6999998 0.23368026 -0.16635884 0.015462208 0.18763743 -20.170343 0 
5.71 0.23437899 -0.1675625 0.015727298 0.18846834 -20.174063 0 
5.7199998 0.23507908 -0.16877392 0.015996339 0.18930143 -20.177723 0 
5.73 0.23578046 -0.16999313 0.016269378 0.1901367 -20.181326 0 
5.7399998 0.23648319 -0.1712202 0.016546465 0.19097418 -20.18487 0 
5.75 0.23718724 -0.17245516 0.016827652 0.19181384 -20.188353 0 
5.7600002 0.23789266 -0.17369805 0.017112989 0.1926557 -20.191778 0 
5.77 0.23859939 -0.1749489 0.017402522 0.19349974 -20.195145 0 
5.7800002 0.23930748 -0.17620777 0.01769631 0.19434598 -20.198452 0 
5.79 0.24001692 -0.17747469 0.017994398 0.19519444 -20.201698 0 
5.8000002 0.24072771 -0.17874971 0.018296843 0.19604507 -20.204887 0 
5.8099999 0.24143985 -0.18003286 0.018603697 0.19689791 -20.208015 0 
5.8200002 0.24215338 -0.18132421 0.018915014 0.19775294 -20.211082 0 
5.8299999 0.24286823 -0.18262379 0.019230844 0.19861019 -20.214092 0 
5.8400002 0.24358444 -0.18393162 0.019551245 0.19946963 -20.217043 0 
5.8499999 0.24430203 -0.18524778 0.019876271 0.20033127 -20.219933 0 
5.8600001 0.24502102 -0.18657228 0.020205975 0.20119514 -20.222763 0 
5.8699999 0.24574135 -0.18790518 0.020540416 0.20206119 -20.225534 0 
5.8800001 0.24646306 -0.18924652 0.02087965 0.20292944 -20.228245 0 
5.8899999 0.24718615 -0.19059634 0.021223731 0.2037999 -20.230894 0 
5.9000001 0.24791063 -0.1919547 0.021572718 0.20467257 -20.233486 0 
5.9099998 0.24863648 -0.19332163 0.021926669 0.20554745 -20.236015 0 
5.9200001 0.24936371 -0.19469719 0.022285644 0.20642456 -20.238485 0 
5.9299998 0.25009236 -0.19608139 0.022649698 0.20730385 -20.240892 0 
5.9400001 0.2508224 -0.19747429 0.023018893 0.20818536 -20.243242 0 
5.9499998 0.2515538 -0.19887595 0.023393288 0.20906909 -20.245531 0 
5.96 0.25228661 -0.20028639 0.023772944 0.20995502 -20.247757 0 
5.9699998 0.25302085 -0.20170568 0.024157923 0.21084318 -20.249924 0 
5.98 0.25375649 -0.20313385 0.024548283 0.21173352 -20.252029 0 
5.9899998 0.2544935 -0.20457093 0.024944087 0.2126261 -20.254074 0 
6 0.25523198 -0.206017 0.025345402 0.2135209 -20.256058 0 
6.0100002 0.25597182 -0.2074721 0.025752285 0.2144179 -20.25798 0 
6.02 0.25671309 -0.20893623 0.026164804 0.21531713 -20.259842 0 
6.0300002 0.2574558 -0.21040949 0.026583022 0.21621856 -20.261642 0 
6.04 0.2581999 -0.21189189 0.027007002 0.21712221 -20.263382 0 
6.0500002 0.25894544 -0.2133835 0.02743681 0.21802808 -20.265057 0 
6.0599999 0.2596924 -0.21488434 0.027872512 0.21893616 -20.266674 0 
6.0700002 0.26044077 -0.21639447 0.028314175 0.21984646 -20.268227 0 
6.0799999 0.26119059 -0.21791393 0.028761864 0.22075897 -20.26972 0 
6.0900002 0.26194185 -0.21944278 0.029215647 0.22167371 -20.271151 0 
6.0999999 0.26269454 -0.22098106 0.029675595 0.22259066 -20.27252 0 
6.1100001 0.26344866 -0.2225288 0.030141773 0.22350983 -20.273827 0 
6.1199999 0.26420423 -0.22408608 0.030614249 0.22443122 -20.27507 0 
6.1300001 0.26496124 -0.2256529 0.031093098 0.22535481 -20.276253 0 
6.1399999 0.26571971 -0.22722933 0.031578388 0.22628063 -20.277372 0 
6.1500001 0.26647961 -0.22881542 0.032070186 0.22720867 -20.278429 0 
6.1599998 0.26724097 -0.23041123 0.032568567 0.22813892 -20.279425 0 
6.1700001 0.26800376 -0.23201677 0.033073604 0.22907139 -20.280357 0 
6.1799998 0.26876801 -0.23363212 0.033585362 0.23000608 -20.281227 0 
6.1900001 0.26953375 -0.2352573 0.034103926 0.23094298 -20.282034 0 
6.1999998 0.27030092 -0.23689237 0.03462936 0.2318821 -20.282778 0 
6.21 0.27106956 -0.23853739 0.035161741 0.23282343 -20.283459 0 
6.2199998 0.27183965 -0.2401924 0.035701144 0.23376697 -20.284079 0 
6.23 0.27261123 -0.24185741 0.036247648 0.23471273 -20.284632 0 
6.2399998 0.27338427 -0.24353252 0.036801327 0.2356607 -20.285126 0 
6.25 0.27415878 -0.24521776 0.037362251 0.23661089 -20.285553 0 
6.2600002 0.27493477 -0.24691315 0.037930507 0.23756328 -20.285919 0 
6.27 0.27571219 -0.24861875 0.038506161 0.2385179 -20.286221 0 
6.2800002 0.27649114 -0.25033465 0.039089303 0.23947473 -20.286459 0 
6.29 0.27727154 -0.25206083 0.039680012 0.24043374 -20.286633 0 
6.3000002 0.27805343 -0.25379738 0.040278357 0.241395 -20.286743 0 
6.3099999 0.27883679 -0.25554436 0.040884428 0.24235842 -20.286791 0 
6.3200002 0.27962166 -0.25730175 0.0414983 0.24332407 -20.286772 0 
6.3299999 0.28040802 -0.25906968 0.042120054 0.24429193 -20.286692 0 
6.3400002 0.28119582 -0.26084813 0.042749774 0.24526201 -20.286547 0 
6.3499999 0.28198516 -0.26263723 0.043387547 0.24623425 -20.286335 0 
6.3600001 0.28277597 -0.2644369 0.044033449 0.24720873 -20.286062 0 
6.3699999 0.28356829 -0.26624733 0.044687569 0.24818538 -20.285721 0 
6.3800001 0.28436205 -0.26806846 0.045349989 0.24916425 -20.28532 0 
6.3899999 0.28515738 -0.26990038 0.046020791 0.25014529 -20.284849 0 
6.4000001 0.28595415 -0.27174312 0.046700064 0.25112855 -20.284319 0 
6.4099998 0.28675243 -0.27359676 0.047387894 0.252114 -20.283718 0 
6.4200001 0.28755224 -0.27546135 0.048084371 0.25310165 -20.283058 0 
6.4299998 0.28835353 -0.2773369 0.048789576 0.25409147 -20.282328 0 
6.4400001 0.28915632 -0.27922347 0.049503598 0.2550835 -20.281536 0 
6.4499998 0.28996062 -0.28112108 0.050226536 0.25607771 -20.280676 0 
6.46 0.29076642 -0.28302985 0.050958462 0.25707409 -20.279755 0 
6.4699998 0.29157376 -0.28494978 0.051699478 0.25807267 -20.278763 0 
6.48 0.2923826 -0.28688091 0.052449677 0.25907341 -20.27771 0 
6.4899998 0.29319292 -0.28882334 0.053209141 0.26007631 -20.276587 0 
6.5 0.29400477 -0.29077706 0.053977966 0.26108143 -20.275402 0 
6.5100002 0.29481813 -0.2927421 0.054756247 0.26208869 -20.274149 0 
6.52 0.29563302 -0.29471859 0.055544071 0.26309815 -20.272831 0 
6.5300002 0.29644939 -0.2967065 0.056341536 0.26410976 -20.271444 0 
6.54 0.29726732 -0.29870594 0.057148736 0.26512352 -20.269995 0 
6.5500002 0.29808673 -0.30071691 0.057965767 0.26613945 -20.268478 0 
6.5599999 0.29890767 -0.30273947 0.058792721 0.26715755 -20.266893 0 
6.5700002 0.29973012 -0.30477366 0.059629701 0.26817781 -20.265244 0 
6.5799999 0.30055407 -0.30681956 0.060476795 0.26920021 -20.263525 0 
6.5900002 0.30137956 -0.30887717 0.061334111 0.27022478 -20.261742 0 
6.5999999 0.30220661 -0.31094658 0.062201735 0.27125147 -20.259893 0 
6.6100001 0.30303514 -0.3130278 0.063079782 0.27228031 -20.257975 0 
6.6199999 0.30386519 -0.31512088 0.063968331 0.27331129 -20.255991 0 
6.6300001 0.30469677 -0.31722593 0.064867496 0.27434441 -20.253939 0 
6.6399999 0.30552986 -0.31934291 0.065777376 0.27537963 -20.25182 0 
6.6500001 0.30636451 -0.32147193 0.066698074 0.27641702 -20.249634 0 
6.6599998 0.30720064 -0.32361299 0.06762968 0.27745652 -20.247377 0 
6.6700001 0.30803835 -0.32576615 0.06857232 0.27849811 -20.245058 0 
6.6799998 0.30887753 -0.32793149 0.069526076 0.27954188 -20.242668 0 
6.6900001 0.30971825 -0.33010903 0.070491061 0.28058773 -20.240211 0 
6.6999998 0.31056052 -0.33229879 0.071467385 0.28163567 -20.237686 0 
6.71 0.31140429 -0.33450082 0.072455131 0.28268573 -20.235094 0 
6.7199998 0.31224957 -0.33671525 0.073454432 0.2837379 -20.232431 0 
6.73 0.31309637 -0.33894202 0.074465387 0.28479216 -20.229702 0 
6.7399998 0.31394476 -0.34118125 0.075488091 0.2858485 -20.226904 0 
6.75 0.3147946 -0.34343293 0.076522663 0.2869069 -20.224037 0 
6.7600002 0.31564599 -0.3456971 0.077569216 0.28796741 -20.221102 0 
6.77 0.31649894 -0.34797385 0.078627847 0.28902999 -20.218098 0 
6.7800002 0.31735337 -0.35026321 0.079698667 0.29009464 -20.215027 0 
6.79 0.31820935 -0.35256523 0.080781803 0.29116136 -20.211884 0 
6.8000002 0.31906682 -0.35487995 0.081877351 0.29223013 -20.208673 0 
6.8099999 0.31992584 -0.35720742 0.082985424 0.29330093 -20.205395 0 
6.8200002 0.32078636 -0.35954764 0.084106132 0.29437384 -20.202045 0 
6.8299999 0.32164839 -0.36190072 0.085239597 0.29544875 -20.198627 0 
6.8400002 0.322512 -0.36426666 0.086385936 0.29652569 -20.195139 0 
6.8499999 0.32337707 -0.36664551 0.087545246 0.29760468 -20.191582 0 
6.8600001 0.32424369 -0.3690373 0.088717662 0.29868567 -20.187954 0 
6.8699999 0.32511181 -0.37144214 0.089903288 0.29976869 -20.184258 0 
6.8800001 0.32598147 -0.37385997 0.091102242 0.30085373 -20.18049 0 
6.8899999 0.32685259 -0.37629095 0.092314646 0.30194074 -20.176655 0 
6.9000001 0.32772529 -0.37873501 0.093540616 0.30302978 -20.172747 0 
6.9099998 0.32859948 -0.38119224 0.094780266 0.30412078 -20.16877 0 
6.9200001 0.32947516 -0.3836627 0.096033715 0.30521378 -20.164722 0 
6.9299998 0.33035237 -0.38614643 0.097301096 0.30630878 -20.160603 0 
6.9400001 0.33123109 -0.38864341 0.098582506 0.30740571 -20.156416 0 
6.9499998 0.3321113 -0.39115375 0.099878095 0.30850464 -20.152155 0 
6.96 0.33299303 -0.39367747 0.10118796 0.30960548 -20.147825 0 
6.9699998 0.33387628 -0.3962146 0.10251223 0.31070828 -20.143425 0 
6.98 0.33476099 -0.39876518 0.10385104 0.31181306 -20.138952 0 
6.9899998 0.33564726 -0.40132928 0.10520449 0.31291971 -20.134409 0 
7 0.33653495 -0.40390688 0.10657273 0.31402832 -20.129793 0 
7.0100002 0.33742419 -0.4064981 0.10795587 0.31513882 -20.125109 0 
7.02 0.33831492 -0.40910289 0.10935405 0.31625122 -20.12035 0 
7.0300002 0.33920714 -0.41172138 0.11076737 0.31736556 -20.11552 0 
7.04 0.34010082 -0.41435352 0.11219599 0.31848174 -20.11062 0 
7.0500002 0.340996 -0.4169994 0.11364001 0.31959981 -20.105648 0 
7.0599999 0.34189269 -0.41965905 0.11509958 0.32071975 -20.100603 0 
7.0700002 0.34279084 -0.42233253 0.11657481 0.32184157 -20.095486 0 
7.0799999 0.34369048 -0.4250198 0.11806584 0.3229652 -20.090298 0 
7.0900002 0.34459159 -0.42772096 0.1195728 0.32409072 -20.085035 0 
7.0999999 0.34549415 -0.43043602 0.12109581 0.32521802 -20.0797 0 
7.1100001 0.34639823 -0.43316504 0.12263501 0.3263472 -20.074295 0 
7.1199999 0.34730375 -0.43590805 0.12419055 0.32747814 -20.068815 0 
7.1300001 0.34821075 -0.43866506 0.12576252 0.3286109 -20.063265 0 
7.1399999 0.34911919 -0.44143611 0.12735109 0.32974541 -20.05764 0 
7.1500001 0.35002908 -0.44422129 0.12895639 0.33088174 -20.051943 0 
7.1599998 0.35094044 -0.44702053 0.13057855 0.33201987 -20.046173 0 
7.1700001 0.35185325 -0.44983396 0.13221769 0.33315971 -20.040329 0 
7.1799998 0.35276753 -0.45266154 0.13387397 0.33430129 -20.034412 0 
7.1900001 0.3536832 -0.45550334 0.1355475 0.33544463 -20.028419 0 
7.1999998 0.35460034 -0.45835939 0.13723846 0.33658966 -20.022358 0 
7.21 0.35551894 -0.46122971 0.13894694 0.3377364 -20.01622 0 
7.2199998 0.35643893 -0.46411434 0.14067309 0.33888489 -20.01001 0 
7.23 0.35736039 -0.4670133 0.14241707 0.34003502 -20.003723 0 
7.2399998 0.35828325 -0.46992663 0.14417902 0.34118682 -19.997362 0 
7.25 0.35920748 -0.47285438 0.14595905 0.34234029 -19.990931 0 
7.2600002 0.3601332 -0.47579649 0.14775732 0.34349543 -19.984421 0 
7.27 0.36106029 -0.47875306 0.14957398 0.34465221 -19.97784 0 
7.2800002 0.36198878 -0.48172411 0.15140916 0.34581056 -19.971184 0 
7.29 0.3629187 -0.48470971 0.153263 0.34697056 -19.964451 0 
7.3000002 0.36385 -0.48770979 0.15513566 0.34813213 -19.957647 0 
7.3099999 0.36478272 -0.49072444 0.15702727 0.34929529 -19.950766 0 
7.3200002 0.36571679 -0.49375364 0.15893796 0.35046002 -19.943811 0 
7.3299999 0.36665225 -0.49679747 0.16086791 0.35162631 -19.936779 0 
7.3400002 0.36758906 -0.49985594 0.16281724 0.35279411 -19.929674 0 
7.3499999 0.36852726 -0.50292897 0.1647861 0.35396343 -19.922493 0 
7.3600001 0.36946684 -0.50601679 0.16677466 0.35513428 -19.915237 0 
7.3699999 0.37040776 -0.50911921 0.16878302 0.35630661 -19.907906 0 
7.3800001 0.37135002 -0.51223636 0.17081137 0.35748044 -19.900497 0 
7.3899999 0.37229365 -0.51536828 0.17285986 0.35865572 -19.893015 0 
7.4000001 0.37323859 -0.51851493 0.17492861 0.35983241 -19.885454 0 
7.4099998 0.37418491 -0.5216763 0.17701779 0.36101058 -19.877821 0 
7.4200001 0.3751325 -0.52485251 0.17912754 0.36219013 -19.87011 0 
7.4299998 0.37608144 -0.52804351 0.18125801 0.36337107 -19.862324 0 
7.4400001 0.37703168 -0.53124928 0.18340938 0.36455339 -19.85446 0 
7.4499998 0.37798324 -0.53446996 0.18558176 0.36573708 -19.846519 0 
7.46 0.37893611 -0.53770542 0.18777531 0.36692214 -19.838503 0 
7.4699998 0.37989026 -0.54095584 0.18999021 0.36810848 -19.83041 0 
7.48 0.3808457 -0.54422104 0.1922266 0.36929616 -19.822243 0 
7.4899998 0.38180241 -0.54750121 0.19448464 0.3704851 -19.813995 0 
7.5 0.38276038 -0.55079621 0.19676447 0.37167534 -19.805674 0 
7.5100002 0.38371962 -0.55410612 0.19906624 0.37286681 -19.797274 0 
7.52 0.38468012 -0.55743098 0.20139012 0.37405953 -19.788794 0 
7.5300002 0.38564187 -0.56077075 0.20373628 0.37525344 -19.780241 0 
7.54 0.38660488 -0.56412554 0.20610484 0.37644857 -19.771608 0 
7.5500002 0.38756907 -0.56749517 0.20849599 0.3776449 -19.762897 0 
7.5599999 0.38853452 -0.57087976 0.21090989 0.37884232 -19.75411 0 
7.5700002 0.38950118 -0.57427937 0.21334666 0.38004091 -19.745247 0 
7.5799999 0.39046901 -0.57769388 0.2158065 0.38124061 -19.736303 0 
7.5900002 0.39143807 -0.58112341 0.21828954 0.3824414 -19.727283 0 
7.5999999 0.39240831 -0.58456784 0.22079596 0.38364327 -19.718185 0 
7.6100001 0.39337975 -0.58802724 0.22332591 0.38484618 -19.709009 0 
7.6199999 0.39435235 -0.59150171 0.22587955 0.38605011 -19.699753 0 
7.6300001 0.39532611 -0.59499103 0.22845705 0.38725507 -19.690422 0 
7.6399999 0.396301 -0.59849536 0.23105855 0.38846099 -19.681009 0 
7.6500001 0.39727706 -0.60201472 0.23368426 0.3896679 -19.671518 0 
7.6599998 0.39825422 -0.60554892 0.23633428 0.39087573 -19.661951 0 
7.6700001 0.39923251 -0.6090982 0.23900881 0.39208448 -19.652304 0 
7.6799998 0.40021193 -0.61266232 0.241708 0.39329413 -19.642576 0 
7.6900001 0.40119243 -0.6162414 0.24443203 0.39450464 -19.632771 0 
7.6999998 0.40217403 -0.6198355 0.24718107 0.39571595 -19.622887 0 
7.71 0.40315673 -0.62344444 0.24995524 0.39692813 -19.612923 0 
7.7199998 0.40414044 -0.62706834 0.25275475 0.39814109 -19.60288 0 
7.73 0.40512526 -0.63070709 0.25557974 0.39935482 -19.592758 0 
7.7399998 0.40611109 -0.63436085 0.25843039 0.40056929 -19.582556 0 
7.75 0.40709797 -0.63802934 0.26130688 0.40178448 -19.572273 0 
7.7600002 0.40808588 -0.64171278 0.26420933 0.40300038 -19.561913 0 
7.77 0.40907481 -0.64541107 0.26713794 0.40421692 -19.551472 0 
7.7800002 0.4100647 -0.64912421 0.27009287 0.40543413 -19.540953 0 
7.79 0.41105562 -0.65285212 0.2730743 0.40665194 -19.530352 0 
7.8000002 0.41204748 -0.65659481 0.2760824 0.40787032 -19.51967 0 
7.8099999 0.41304031 -0.66035229 0.27911729 0.40908927 -19.508909 0 
7.8200002 0.41403413 -0.66412449 0.28217921 0.41030872 -19.498068 0 
7.8299999 0.41502884 -0.66791147 0.28526828 0.41152868 -19.487146 0 
7.8400002 0.41602448 -0.67171317 0.28838468 0.41274914 -19.476145 0 
7.8499999 0.41702107 -0.67552948 0.29152858 0.41396999 -19.465061 0 
7.8600001 0.41801852 -0.67936045 0.29470018 0.41519129 -19.453897 0 
7.8699999 0.41901687 -0.68320602 0.29789957 0.41641298 -19.442656 0 
7.8800001 0.42001605 -0.6870662 0.30112702 0.41763502 -19.43133 0 
7.8899999 0.42101616 -0.69094092 0.30438262 0.41885734 -19.419924 0 
7.9000001 0.42201707 -0.69483024 0.3076666 0.42007998 -19.408436 0 
7.9099998 0.42301878 -0.69873393 0.3109791 0.42130288 -19.39687 0 
7.9200001 0.42402133 -0.70265216 0.3143203 0.422526 -19.385218 0 
7.9299998 0.42502469 -0.70658475 0.31769037 0.42374933 -19.373489 0 
7.9400001 0.42602882 -0.71053177 0.32108945 0.42497283 -19.361675 0 
7.9499998 0.42703372 -0.71449304 0.32451779 0.42619646 -19.349783 0 
7.96 0.4280394 -0.71846867 0.32797551 0.42742014 -19.337809 0 
7.9699998 0.42904577 -0.72245848 0.33146277 0.42864394 -19.32575 0 
7.98 0.43005291 -0.7264626 0.33497977 0.42986774 -19.313612 0 
7.9899998 0.4310607 -0.73048079 0.33852667 0.43109152 -19.301392 0 
8 0.43206924 -0.7345131 0.34210366 0.43231529 -19.289089 0 
8.0100002 0.43307841 -0.73855954 0.3457109 0.43353897 -19.276705 0 
8.0200005 0.43408826 -0.74261987 0.34934855 0.43476257 -19.264238 0 
8.0299997 0.43509874 -0.74669427 0.35301682 0.43598598 -19.25169 0 
8.04 0.43610984 -0.75078249 0.35671586 0.43720922 -19.239059 0 
8.0500002 0.43712154 -0.7548846 0.36044583 0.43843228 -19.226345 0 
8.0600004 0.43813381 -0.75900036 0.36420694 0.43965501 -19.213551 0 
8.0699997 0.4391467 -0.76313001 0.36799932 0.4408775 -19.200672 0 
8.0799999 0.44016013 -0.76727325 0.37182319 0.44209966 -19.187712 0 
8.0900002 0.44117409 -0.77143008 0.37567869 0.44332141 -19.174667 0 
8.1000004 0.44218853 -0.77560043 0.37956601 0.44454277 -19.161541 0 
8.1099997 0.44320351 -0.77978426 0.38348532 0.44576368 -19.148331 0 
8.1199999 0.44421896 -0.7839815 0.38743678 0.44698411 -19.13504 0 
8.1300001 0.44523486 -0.78819203 0.3914206 0.44820401 -19.121664 0 
8.1400003 0.44625121 -0.79241586 0.39543691 0.44942334 -19.108206 0 
8.1499996 0.44726795 -0.79665285 0.39948595 0.45064205 -19.094666 0 
8.1599998 0.44828516 -0.8009029 0.40356782 0.4518601 -19.081041 0 
8.1700001 0.44930267 -0.80516601 0.40768272 0.45307747 -19.067333 0 
8.1800003 0.4503206 -0.80944204 0.41183084 0.45429412 -19.053541 0 
8.1899996 0.45133886 -0.81373096 0.41601235 0.45550996 -19.039667 0 
8.1999998 0.45235741 -0.81803262 0.42022741 0.45672497 -19.025709 0 
8.21 0.45337629 -0.82234699 0.42447621 0.45793915 -19.011669 0 
8.2200003 0.45439544 -0.82667392 0.42875892 0.4591524 -18.997543 0 
8.2299995 0.45541486 -0.83101338 0.4330757 0.4603647 -18.983335 0 
8.2399998 0.45643449 -0.8353653 0.43742672 0.46157601 -18.969042 0 
8.25 0.45745435 -0.83972949 0.44181219 0.46278626 -18.954664 0 
8.2600002 0.4584744 -0.8441059 0.44623226 0.4639954 -18.940207 0 
8.2700005 0.45949462 -0.84849447 0.45068708 0.46520343 -18.925661 0 
8.2799997 0.46051496 -0.85289508 0.45517686 0.46641025 -18.911034 0 
8.29 0.46153545 -0.85730755 0.45970178 0.46761587 -18.896322 0 
8.3000002 0.46255603 -0.86173189 0.46426198 0.46882018 -18.881525 0 
8.3100004 0.46357667 -0.8661679 0.46885765 0.47002316 -18.866646 0 
8.3199997 0.4645974 -0.87061554 0.47348893 0.47122478 -18.851681 0 
8.3299999 0.46561813 -0.87507468 0.47815603 0.47242495 -18.83663 0 
8.3400002 0.46663886 -0.87954521 0.48285908 0.47362366 -18.821499 0 
8.3500004 0.46765959 -0.88402694 0.48759833 0.47482085 -18.806282 0 
8.3599997 0.46868026 -0.88851982 0.49237388 0.47601643 -18.790977 0 
8.3699999 0.46970087 -0.89302373 0.49718589 0.4772104 -18.775593 0 
8.3800001 0.47072136 -0.89753854 0.5020346 0.47840267 -18.76012 0 
8.3900003 0.4717418 -0.90206409 0.50692016 0.47959325 -18.744568 0 
8.3999996 0.47276202 -0.90660036 0.51184267 0.480782 -18.728926 0 
8.4099998 0.47378209 -0.91114706 0.51680237 0.48196885 -18.713202 0 
8.4200001 0.47480199 -0.91570413 0.52179945 0.48315391 -18.697393 0 
8.4300003 0.47582161 -0.92027152 0.52683395 0.48433694 -18.681499 0 
8.4399996 0.476841 -0.92484891 0.53190613 0.48551804 -18.66552 0 
8.4499998 0.47786012 -0.92943633 0.53701621 0.48669702 -18.649456 0 
8.46 0.47887895 -0.93403357 0.54216427 0.48787391 -18.633308 0 
8.4700003 0.47989744 -0.93864048 0.54735053 0.4890486 -18.617075 0 
8.4799995 0.48091555 -0.94325686 0.55257511 0.49022108 -18.600758 0 
8.4899998 0.4819333 -0.94788265 0.55783814 0.49139124 -18.584354 0 
8.5 0.48295057 -0.95251769 0.56313992 0.49255908 -18.567867 0 
8.5100002 0.48396742 -0.95716178 0.56848049 0.49372447 -18.551294 0 
8.5200005 0.4849838 -0.96181476 0.57386011 0.49488747 -18.534636 0 
8.5299997 0.48599964 -0.9664765 0.57927883 0.49604791 -18.517893 0 
8.54 0.48701498 -0.97114676 0.58473688 0.4972057 -18.501066 0 
8.5500002 0.48802975 -0.97582549 0.59023446 0.49836093 -18.484152 0 
8.5600004 0.48904392 -0.98051256 0.59577155 0.49951339 -18.467154 0 
8.5699997 0.4900575 -0.98520744 0.60134858 0.5006631 -18.450069 0 
8.5799999 0.49107036 -0.98991048 0.60696554 0.50180995 -18.432903 0 
8.5900002 0.49208257 -0.9946211 0.61262256 0.50295395 -18.415649 0 
8.6000004 0.49309403 -0.99933934 0.61831987 0.50409496 -18.398312 0 
8.6099997 0.49410471 -1.0040649 0.62405765 0.50523293 -18.380888 0 
8.6199999 0.49511468 -1.0087976 0.62983602 0.5063678 -18.363379 0 
8.6300001 0.49612379 -1.0135373 0.63565511 0.50749958 -18.345785 0 
8.6400003 0.49713203 -1.0182837 0.64151508 0.50862801 -18.328106 0 
8.6499996 0.49813944 -1.0230368 0.64741623 0.50975329 -18.310341 0 
8.6599998 0.49914587 -1.0277963 0.6533584 0.51087511 -18.292492 0 
8.6700001 0.5001514 -1.0325619 0.65934205 0.51199353 -18.274557 0 
8.6800003 0.50115591 -1.0373336 0.66536719 0.51310843 -18.256536 0 
8.6899996 0.50215942 -1.042111 0.67143393 0.51421982 -18.238432 0 
8.6999998 0.50316185 -1.046894 0.67754257 0.51532751 -18.220242 0 
8.71 0.50416321 -1.0516824 0.68369305 0.51643151 -18.201967 0 
8.7200003 0.50516343 -1.0564759 0.68988568 0.51753169 -18.183607 0 
8.7299995 0.50616252 -1.0612743 0.69612062 0.51862812 -18.165161 0 
8.7399998 0.50716043 -1.0660774 0.70239782 0.51972055 -18.146631 0 
8.75 0.50815707 -1.0708848 0.70871764 0.52080905 -18.128016 0 
8.7600002 0.50915247 -1.0756967 0.71508008 0.52189338 -18.109314 0 
8.7700005 0.51014656 -1.0805125 0.72148538 0.52297366 -18.09053 0 
8.7799997 0.51113927 -1.0853322 0.72793365 0.5240497 -18.071657 0 
8.79 0.51213062 -1.0901552 0.73442495 0.52512145 -18.052704 0 
8.8000002 0.51312053 -1.0949817 0.74095947 0.52618879 -18.033661 0 
8.8100004 0.51410902 -1.0998112 0.74753743 0.52725172 -18.014536 0 
8.8199997 0.51509595 -1.1046435 0.75415885 0.52831006 -17.995325 0 
8.8299999 0.51608145 -1.1094782 0.76082391 0.52936387 -17.97603 0 
8.8400002 0.51706529 -1.1143154 0.76753271 0.53041297 -17.95665 0 
8.8500004 0.51804757 -1.1191546 0.77428544 0.5314573 -17.937185 0 
8.8599997 0.51902819 -1.1239954 0.78108209 0.53249681 -17.917635 0 
8.8699999 0.52000707 -1.1288378 0.78792298 0.53353131 -17.898001 0 
8.8800001 0.52098429 -1.1336814 0.79480815 0.53456092 -17.878281 0 
8.8900003 0.52195972 -1.1385261 0.80173773 0.5355854 -17.858479 0 
8.8999996 0.5229333 -1.1433715 0.80871177 0.5366047 -17.838589 0 
8.9099998 0.52390504 -1.1482171 0.81573045 0.53761876 -17.818617 0 
8.9200001 0.52487487 -1.1530629 0.82279396 0.53862745 -17.798559 0 
8.9300003 0.52584279 -1.1579086 0.82990229 0.53963077 -17.778418 0 
8.9399996 0.52680868 -1.1627537 0.83705574 0.54062855 -17.758192 0 
8.9499998 0.52777261 -1.1675981 0.8442542 0.54162079 -17.737881 0 
8.96 0.52873445 -1.1724416 0.85149789 0.54260725 -17.717487 0 
8.9700003 0.52969408 -1.1772836 0.85878688 0.54358798 -17.69701 0 
8.9799995 0.53065163 -1.182124 0.86612141 0.54456288 -17.676447 0 
8.9899998 0.53160697 -1.1869625 0.87350142 0.54553181 -17.6558 0 
9 0.53256011 -1.1917987 0.88092709 0.54649472 -17.635069 0 
9.0100002 0.53351092 -1.1966323 0.88839859 0.5474515 -17.614254 0 
9.0200005 0.53445935 -1.2014629 0.89591593 0.54840207 -17.593357 0 
9.0299997 0.53540546 -1.2062904 0.90347922 0.54934633 -17.572374 0 
9.04 0.53634912 -1.2111142 0.91108859 0.55028421 -17.55131 0 
9.0500002 0.53729028 -1.2159342 0.91874403 0.55121553 -17.530161 0 
9.0600004 0.53822893 -1.22075 0.92644578 0.5521403 -17.508928 0 
9.0699997 0.53916496 -1.2255611 0.93419391 0.55305839 -17.487614 0 
9.0799999 0.54009849 -1.2303673 0.94198841 0.55396974 -17.466215 0 
9.0900002 0.54102927 -1.2351683 0.94982952 0.55487418 -17.444733 0 
9.1000004 0.54195732 -1.2399638 0.95771712 0.55577159 -17.423168 0 
9.1099997 0.54288268 -1.2447531 0.96565145 0.55666202 -17.40152 0 
9.1199999 0.54380518 -1.2495363 0.97363263 0.55754524 -17.379789 0 
9.1300001 0.54472482 -1.2543128 0.98166049 0.55842125 -17.357977 0 
9.1400003 0.54564154 -1.2590822 0.98973542 0.55928981 -17.336082 0 
9.1499996 0.54655534 -1.2638441 0.99785727 0.56015098 -17.314104 0 
9.1599998 0.54746616 -1.2685982 1.0060263 0.56100452 -17.292044 0 
9.1700001 0.54837382 -1.2733442 1.0142423 0.56185043 -17.269899 0 
9.1800003 0.54927844 -1.2780817 1.0225056 0.56268859 -17.247675 0 
9.1899996 0.55017984 -1.2828101 1.0308162 0.56351888 -17.22537 0 
9.1999998 0.55107808 -1.2875292 1.039174 0.56434113 -17.20298 0 
9.21 0.55197299 -1.2922387 1.0475793 0.56515533 -17.180511 0 
9.2200003 0.55286461 -1.2969379 1.0560321 0.56596142 -17.157959 0 
9.2299995 0.55375284 -1.3016268 1.0645323 0.56675911 -17.135326 0 
9.2399998 0.55463767 -1.3063046 1.0730799 0.56754845 -17.112612 0 
9.25 0.55551898 -1.310971 1.0816753 0.56832927 -17.089817 0 
9.2600002 0.55639678 -1.3156257 1.0903183 0.56910151 -17.066942 0 
9.2700005 0.55727094 -1.3202682 1.099009 0.56986499 -17.043985 0 
9.2799997 0.55814153 -1.324898 1.1077473 0.57061964 -17.020948 0 
9.29 0.55900842 -1.3295149 1.1165335 0.5713653 -16.997831 0 
9.3000002 0.55987144 -1.3341182 1.1253675 0.57210201 -16.974632 0 
9.3100004 0.56073081 -1.3387077 1.1342492 0.57282948 -16.951355 0 
9.3199997 0.5615862 -1.3432828 1.1431789 0.57354772 -16.927996 0 
9.3299999 0.56243765 -1.3478431 1.1521564 0.57425654 -16.90456 0 
9.3400002 0.56328511 -1.352388 1.1611817 0.57495576 -16.881042 0 
9.3500004 0.56412858 -1.3569174 1.1702549 0.57564545 -16.857445 0 
9.3599997 0.56496793 -1.3614305 1.1793761 0.57632542 -16.833769 0 
9.3699999 0.56580317 -1.3659271 1.1885453 0.57699555 -16.810015 0 
9.3800001 0.56663412 -1.3704065 1.1977625 0.57765561 -16.786182 0 
9.3900003 0.56746083 -1.3748684 1.2070276 0.5783056 -16.76227 0 
9.3999996 0.56828326 -1.3793122 1.2163404 0.57894546 -16.738279 0 
9.4099998 0.56910115 -1.3837374 1.2257013 0.57957494 -16.714211 0 
9.4200001 0.5699147 -1.3881438 1.2351103 0.58019394 -16.690063 0 
9.4300003 0.57072371 -1.3925304 1.2445672 0.58080244 -16.66584 0 
9.4399996 0.57152814 -1.3968973 1.254072 0.58140016 -16.641539 0 
9.4499998 0.57232791 -1.4012436 1.2636245 0.58198708 -16.617159 0 
9.46 0.57312298 -1.4055688 1.2732251 0.58256316 -16.592703 0 
9.4700003 0.57391334 -1.4098727 1.2828735 0.58312809 -16.568171 0 
9.4799995 0.57469881 -1.4141544 1.2925696 0.58368182 -16.543562 0 
9.4899998 0.57547939 -1.4184136 1.3023137 0.58422428 -16.518877 0 
9.5 0.57625508 -1.4226497 1.3121055 0.5847553 -16.494114 0 
9.5100002 0.57702571 -1.4268624 1.3219451 0.5852747 -16.469276 0 
9.5200005 0.57779127 -1.4310508 1.3318323 0.58578247 -16.444363 0 
9.5299997 0.57855165 -1.4352145 1.3417672 0.58627838 -16.419374 0 
9.54 0.5793069 -1.4393532 1.3517497 0.58676231 -16.39431 0 
9.5500002 0.58005685 -1.4434661 1.3617797 0.5872342 -16.369171 0 
9.5600004 0.58080143 -1.4475526 1.371857 0.58769387 -16.343958 0 
9.5699997 0.58154064 -1.4516124 1.3819818 0.58814126 -16.31867 0 
9.5799999 0.58227432 -1.4556447 1.3921541 0.58857608 -16.29331 0 
9.5900002 0.58300251 -1.4596491 1.4023737 0.58899826 -16.267874 0 
9.6000004 0.58372509 -1.4636251 1.4126402 0.58940774 -16.242365 0 
9.6099997 0.58444202 -1.4675719 1.4229541 0.58980441 -16.216784 0 
9.6199999 0.58515322 -1.471489 1.4333149 0.59018797 -16.191128 0 
9.6300001 0.58585852 -1.4753758 1.4437226 0.59055835 -16.165401 0 
9.6400003 0.58655804 -1.4792317 1.4541771 0.59091556 -16.139601 0 
9.6499996 0.58725154 -1.4830563 1.4646784 0.59125924 -16.113729 0 
9.6599998 0.58793902 -1.486849 1.4752265 0.59158939 -16.087786 0 
9.6700001 0.58862048 -1.4906088 1.485821 0.59190583 -16.061771 0 
9.6800003 0.5892958 -1.4943354 1.4964619 0.59220839 -16.035685 0 
9.6899996 0.58996487 -1.4980284 1.5071491 0.59249705 -16.009529 0 
9.6999998 0.59062755 -1.5016868 1.5178825 0.59277147 -15.9833 0 
9.71 0.59128398 -1.5053102 1.5286618 0.5930317 -15.957005 0 
9.7200003 0.59193397 -1.5088978 1.5394872 0.59327751 -15.930637 0 
9.7299995 0.5925774 -1.512449 1.5503584 0.59350872 -15.904202 0 
9.7399998 0.59321427 -1.5159634 1.561275 0.59372526 -15.877697 0 
9.75 0.59384447 -1.5194403 1.5722373 0.59392697 -15.851124 0 
9.7600002 0.594468 -1.5228789 1.5832448 0.59411365 -15.824482 0 
9.7700005 0.59508461 -1.5262785 1.5942976 0.59428519 -15.797771 0 
9.7799997 0.59569448 -1.5296386 1.6053953 0.59444147 -15.770994 0 
9.79 0.59629732 -1.5329586 1.6165379 0.59458232 -15.744147 0 
9.8000002 0.59689319 -1.5362378 1.6277251 0.59470761 -15.717237 0 
9.8100004 0.59748191 -1.5394754 1.6389569 0.5948171 -15.690258 0 
9.8199997 0.59806347 -1.542671 1.6502329 0.59491068 -15.663215 0 
9.8299999 0.59863782 -1.5458236 1.661553 0.59498829 -15.636106 0 
9.8400002 0.59920484 -1.5489327 1.672917 0.59504968 -15.60893 0 
9.8500004 0.59976441 -1.5519974 1.6843247 0.59509474 -15.581689 0 
9.8599997 0.60031652 -1.5550175 1.695776 0.59512335 -15.554384 0 
9.8699999 0.60086113 -1.5579919 1.7072704 0.59513521 -15.527016 0 
9.8800001 0.60139811 -1.56092 1.7188081 0.59513038 -15.499584 0 
9.8900003 0.60192734 -1.5638012 1.7303883 0.59510857 -15.472088 0 
9.8999996 0.60244882 -1.5666347 1.7420113 0.59506953 -15.44453 0 
9.9099998 0.60296243 -1.5694196 1.7536767 0.59501338 -15.416909 0 
9.9200001 0.60346812 -1.5721556 1.7653841 0.59493971 -15.389227 0 
9.9300003 0.60396576 -1.5748417 1.7771333 0.59484845 -15.361484 0 
9.9399996 0.60445529 -1.5774773 1.7889242 0.59473944 -15.333677 0 
9.9499998 0.60493666 -1.5800617 1.8007565 0.59461254 -15.305811 0 
9.96 0.60540986 -1.5825939 1.8126297 0.59446764 -15.277885 0 
9.9700003 0.60587466 -1.5850734 1.8245438 0.59430444 -15.249899 0 
9.9799995 0.60633099 -1.5874995 1.8364984 0.59412283 -15.221854 0 
9.9899998 0.60677886 -1.5898713 1.8484931 0.59392279 -15.193751 0 
10 0.60721821 -1.5921881 1.8605278 0.59370393 -15.165589 0 
10.01 0.60764885 -1.5944492 1.872602 0.59346616 -15.137369 0 
10.02 0.60807073 -1.5966539 1.8847156 0.59320945 -15.109092 0 
10.03 0.60848385 -1.5988011 1.8968681 0.59293348 -15.080758 0 
10.04 0.60888803 -1.6008905 1.9090594 0.59263819 -15.052368 0 
10.05 0.60928327 -1.6029211 1.9212888 0.59232336 -15.023921 0 
10.06 0.60966939 -1.6048921 1.9335564 0.59198874 -14.99542 0 
10.07 0.61004633 -1.6068028 1.9458615 0.59163427 -14.966864 0 
10.08 0.61041415 -1.6086524 1.958204 0.59125984 -14.938253 0 
10.09 0.61077255 -1.6104399 1.9705833 0.59086514 -14.909589 0 
10.1 0.61112165 -1.6121647 1.9829991 0.59045011 -14.880872 0 
10.11 0.61146116 -1.6138263 1.9954512 0.59001446 -14.852102 0 
10.12 0.61179119 -1.6154232 2.0079391 0.58955818 -14.823279 0 
10.13 0.61211151 -1.6169553 2.0204623 0.58908093 -14.794406 0 
10.14 0.61242217 -1.6184213 2.0330205 0.58858263 -14.765481 0 
10.15 0.61272293 -1.6198208 2.0456133 0.58806318 -14.736506 0 
10.16 0.61301386 -1.6211526 2.0582402 0.58752227 -14.70748 0 
10.17 0.61329472 -1.6224161 2.0709009 0.58695972 -14.678407 0 
10.18 0.61356556 -1.6236105 2.0835953 0.58637553 -14.649282 0 
10.19 0.61382622 -1.6247348 2.0963221 0.58576936 -14.620111 0 
10.2 0.61407661 -1.6257882 2.1090815 0.58514106 -14.590892 0 
10.21 0.6143167 -1.62677 2.1218729 0.58449054 -14.561626 0 
10.22 0.61454636 -1.6276795 2.1346958 0.58381754 -14.532314 0 
10.23 0.61476552 -1.6285154 2.1475499 0.5831219 -14.502956 0 
10.24 0.61497408 -1.6292771 2.1604342 0.58240348 -14.473554 0 
10.25 0.61517197 -1.629964 2.1733489 0.58166206 -14.444105 0 
10.26 0.61535907 -1.6305748 2.1862929 0.58089751 -14.414614 0 
10.27 0.61553532 -1.631109 2.1992662 0.5801096 -14.385078 0 
10.28 0.61570066 -1.6315655 2.2122681 0.5792982 -14.355502 0 
10.29 0.61585492 -1.6319436 2.2252979 0.57846302 -14.325882 0 
10.3 0.61599809 -1.6322423 2.2383554 0.577604 -14.296221 0 
10.31 0.61613005 -1.6324608 2.2514398 0.57672095 -14.26652 0 
10.32 0.61625075 -1.6325983 2.2645504 0.57581365 -14.236778 0 
10.33 0.61636001 -1.632654 2.2776871 0.57488197 -14.206997 0 
10.34 0.61645782 -1.6326267 2.2908492 0.57392561 -14.177176 0 
10.35 0.61654407 -1.6325158 2.3040357 0.57294446 -14.14732 0 
10.36 0.61661869 -1.6323203 2.3172467 0.5719384 -14.117424 0 
10.37 0.61668158 -1.6320392 2.3304808 0.57090718 -14.087493 0 
10.38 0.6167326 -1.6316719 2.3437381 0.56985062 -14.057526 0 
10.39 0.6167717 -1.6312174 2.3570178 0.56876862 -14.027523 0 
10.4 0.61679888 -1.6306746 2.3703189 0.56766081 -13.997485 0 
10.41 0.6168139 -1.6300429 2.3836412 0.56652719 -13.967414 0 
10.42 0.6168167 -1.6293212 2.3969841 0.56536746 -13.93731 0 
10.43 0.61680728 -1.6285087 2.4103463 0.56418145 -13.907173 0 
10.44 0.61678553 -1.6276044 2.423728 0.56296909 -13.877006 0 
10.45 0.61675131 -1.6266075 2.4371278 0.56173009 -13.846807 0 
10.46 0.61670452 -1.6255171 2.4505458 0.56046426 -13.816578 0 
10.47 0.6166451 -1.6243322 2.4639804 0.55917138 -13.786319 0 
10.48 0.61657298 -1.6230519 2.4774315 0.55785143 -13.756032 0 
10.49 0.61648804 -1.6216753 2.4908984 0.55650401 -13.725717 0 
10.5 0.61639017 -1.6202016 2.5043797 0.55512911 -13.695374 0 
10.51 0.61627936 -1.6186297 2.5178757 0.55372649 -13.665007 0 
10.52 0.61615545 -1.6169586 2.5313847 0.55229592 -13.634613 0 
10.53 0.6160183 -1.6151876 2.5449069 0.55083716 -13.604194 0 
10.54 0.61586803 -1.6133158 2.5584404 0.54935014 -13.573751 0 
10.55 0.6157043 -1.6113423 2.5719852 0.54783469 -13.543286 0 
10.56 0.61552721 -1.6092658 2.5855405 0.54629052 -13.512798 0 
10.57 0.61533654 -1.6070858 2.5991051 0.54471749 -13.482289 0 
10.58 0.61513221 -1.6048012 2.6126785 0.54311544 -13.451759 0 
10.59 0.61491418 -1.6024109 2.62626 0.54148406 -13.421209 0 
10.6 0.61468244 -1.5999142 2.6398482 0.53982335 -13.390641 0 
10.61 0.61443675 -1.5973101 2.6534429 0.53813297 -13.360055 0 
10.62 0.61417705 -1.5945978 2.6670427 0.53641284 -13.329451 0 
10.63 0.61390334 -1.591776 2.6806471 0.53466266 -13.29883 0 
10.64 0.61361545 -1.5888442 2.6942554 0.53288233 -13.268194 0 
10.65 0.61331332 -1.5858011 2.707866 0.5310716 -13.237543 0 
10.66 0.61299682 -1.582646 2.7214787 0.52923036 -13.206879 0 
10.67 0.61266589 -1.5793779 2.7350922 0.52735835 -13.176202 0 
10.68 0.61232048 -1.5759958 2.7487056 0.52545536 -13.145512 0 
10.69 0.61196053 -1.5724989 2.7623181 0.52352136 -13.114811 0 
10.7 0.6115858 -1.568886 2.7759287 0.52155602 -13.0841 0 
10.71 0.61119634 -1.5651566 2.7895365 0.51955914 -13.05338 0 
10.72 0.61079192 -1.5613093 2.8031402 0.51753056 -13.022652 0 
10.73 0.61037266 -1.5573435 2.8167391 0.51547015 -12.991915 0 
10.74 0.60993826 -1.5532581 2.8303323 0.51337767 -12.961172 0 
10.75 0.60948879 -1.549052 2.8439186 0.51125294 -12.930424 0 
10.76 0.60902405 -1.5447246 2.857497 0.50909579 -12.899671 0 
10.77 0.60854405 -1.5402749 2.8710666 0.50690603 -12.868915 0 
10.78 0.60804862 -1.5357018 2.8846262 0.50468343 -12.838155 0 
10.79 0.60753775 -1.5310044 2.8981745 0.50242794 -12.807393 0 
10.8 0.60701132 -1.5261818 2.911711 0.50013918 -12.776631 0 
10.81 0.60646921 -1.5212332 2.9252343 0.49781704 -12.745869 0 
10.82 0.60591131 -1.5161575 2.9387431 0.4954614 -12.715108 0 
10.83 0.60533768 -1.5109539 2.9522369 0.49307203 -12.684349 0 
10.84 0.60474807 -1.5056213 2.9657135 0.49064866 -12.653593 0 
10.85 0.60414249 -1.500159 2.9791729 0.48819128 -12.622842 0 
10.86 0.60352081 -1.494566 2.9926136 0.48569956 -12.592094 0 
10.87 0.60288298 -1.4888412 3.0060339 0.48317343 -12.561354 0 
10.88 0.60222888 -1.4829839 3.0194333 0.48061264 -12.530621 0 
10.89 0.60155851 -1.4769931 3.0328102 0.478017 -12.499895 0 
10.9 0.60087168 -1.4708679 3.0461633 0.47538632 -12.469179 0 
10.91 0.60016835 -1.4646075 3.0594919 0.4727205 -12.438473 0 
10.92 0.5994485 -1.4582106 3.0727944 0.47001925 -12.407779 0 
10.93 0.59871197 -1.4516767 3.0860696 0.46728247 -12.377096 0 
10.94 0.59795868 -1.4450048 3.0993161 0.46450993 -12.346427 2.1019477e-44 
10.95 0.59718853 -1.438194 3.1125331 0.46170151 -12.315772 2.1019477e-44 
10.96 0.59640151 -1.4312434 3.1257186 0.458857 -12.285133 2.1019477e-44 
10.97 0.59559751 -1.424152 3.1388717 0.45597622 -12.25451 2.1019477e-44 
10.98 0.59477651 -1.4169191 3.1519909 0.45305896 -12.223906 2.1019477e-44 
10.99 0.59393829 -1.4095438 3.1650753 0.4501051 -12.193319 2.1019477e-44 
11 0.59308285 -1.4020249 3.1781232 0.44711444 -12.162753 2.1019477e-44 
11.01 0.59221017 -1.3943619 3.191133 0.44408682 -12.132208 2.1019477e-44 
11.02 0.5913201 -1.3865538 3.2041039 0.44102204 -12.101684 2.1019477e-44 
11.03 0.59041256 -1.3785996 3.2170341 0.43791997 -12.071184 2.1019477e-44 
11.04 0.58948749 -1.3704987 3.2299223 0.43478042 -12.040708 2.1019477e-44 
11.05 0.58854485 -1.3622501 3.2427669 0.43160316 -12.010258 2.1019477e-44 
11.06 0.58758456 -1.3538529 3.2555666 0.42838812 -11.979834 2.1019477e-44 
11.07 0.58660644 -1.3453064 3.2683203 0.42513508 -11.949437 2.1019477e-44 
11.08 0.58561051 -1.3366096 3.2810261 0.42184383 -11.919069 2.1019477e-44 
11.09 0.58459681 -1.3277618 3.2936823 0.41851431 -11.888732 2.1019477e-44 
11.1 0.583565 -1.3187619 3.306288 0.41514623 -11.858425 2.1019477e-44 
11.11 0.58251524 -1.3096094 3.3188415 0.41173956 -11.828151 2.1019477e-44 
11.12 0.5814473 -1.3003035 3.3313406 0.40829402 -11.797911 2.1019477e-44 
11.13 0.58036131 -1.2908431 3.3437848 0.4048095 -11.767704 2.1019477e-44 
11.14 0.57925701 -1.2812277 3.3561718 0.40128589 -11.737534 2.1019477e-44 
11.15 0.57813436 -1.2714562 3.3685002 0.3977229 -11.7074 2.1019477e-44 
11.16 0.57699335 -1.2615281 3.3807685 0.39412048 -11.677304 2.1019477e-44 
11.17 0.57583398 -1.2514424 3.3929751 0.39047843 -11.647248 2.1019477e-44 
11.18 0.57465601 -1.2411985 3.4051182 0.38679662 -11.617233 2.1019477e-44 
11.19 0.57345951 -1.2307956 3.4171965 0.38307488 -11.587259 2.1019477e-44 
11.2 0.57224435 -1.2202327 3.4292078 0.37931305 -11.557329 2.1019477e-44 
11.21 0.57101047 -1.2095094 3.4411511 0.37551099 -11.527443 2.1019477e-44 
11.22 0.56975788 -1.1986247 3.4530239 0.37166855 -11.497602 2.1019477e-44 
11.23 0.56848651 -1.187578 3.4648252 0.36778557 -11.467808 2.1019477e-44 
11.24 0.56719625 -1.1763685 3.476553 0.36386192 -11.438061 2.1019477e-44 
11.25 0.56588697 -1.1649956 3.4882057 0.35989746 -11.408363 2.1019477e-44 
11.26 0.56455874 -1.1534584 3.4997811 0.355892 -11.378716 2.1019477e-44 
11.27 0.5632115 -1.1417564 3.5112774 0.35184547 -11.349121 2.1019477e-44 
11.28 0.56184512 -1.1298888 3.5226936 0.34775767 -11.319577 2.1019477e-44 
11.29 0.56045961 -1.117855 3.5340273 0.3436285 -11.290089 2.1019477e-44 
11.3 0.55905491 -1.1056541 3.5452769 0.33945781 -11.260656 2.1019477e-44 
11.31 0.5576309 -1.0932858 3.5564401 0.33524546 -11.231279 2.1019477e-44 
11.32 0.55618757 -1.0807493 3.5675156 0.3309913 -11.201961 2.1019477e-44 
11.33 0.55472493 -1.0680438 3.5785012 0.32669526 -11.172702 2.1019477e-44 
11.34 0.55324286 -1.0551689 3.589395 0.32235718 -11.143503 2.1019477e-44 
11.35 0.5517413 -1.0421238 3.6001954 0.31797692 -11.114366 2.1019477e-44 
11.36 0.55022037 -1.028908 3.6108999 0.31355435 -11.085292 2.1019477e-44 
11.37 0.54867977 -1.0155212 3.6215072 0.30908936 -11.056282 2.1019477e-44 
11.38 0.54711962 -1.0019623 3.632015 0.30458182 -11.027337 2.1019477e-44 
11.39 0.54553986 -0.98823088 3.6424212 0.30003166 -10.99846 2.1019477e-44 
11.4 0.54394042 -0.97432667 3.6527238 0.29543871 -10.969651 2.1019477e-44 
11.41 0.54232132 -0.96024883 3.6629212 0.2908029 -10.940912 2.1019477e-44 
11.42 0.54068244 -0.94599694 3.6730108 0.28612405 -10.912243 2.1019477e-44 
11.43 0.53902376 -0.93157047 3.682991 0.28140211 -10.883647 2.1019477e-44 
11.44 0.53734529 -0.916969 3.6928594 0.27663699 -10.855124 2.1019477e-44 
11.45 0.53564698 -0.90219194 3.7026138 0.27182853 -10.826676 2.1019477e-44 
11.46 0.53392881 -0.88723886 3.7122526 0.26697668 -10.798305 2.1019477e-44 
11.47 0.53219074 -0.87210923 3.7217734 0.2620813 -10.770011 2.1019477e-44 
11.48 0.53043276 -0.85680276 3.7311738 0.25714234 -10.741796 2.1019477e-44 
11.49 0.52865481 -0.84131891 3.7404518 0.25215963 -10.713661 2.1019477e-44 
11.5 0.5268569 -0.82565731 3.7496057 0.2471332 -10.685607 2.1019477e-44 
11.51 0.52503902 -0.80981749 3.7586324 0.24206284 -10.657637 2.1019477e-44 
11.52 0.52320105 -0.79379922 3.7675304 0.23694852 -10.629751 2.1019477e-44 
11.53 0.52134305 -0.77760196 3.7762971 0.23179017 -10.60195 2.1019477e-44 
11.54 0.51946503 -0.76122546 3.7849302 0.22658771 -10.574237 2.1019477e-44 
11.55 0.51756698 -0.74466938 3.7934277 0.22134106 -10.546611 2.1019477e-44 
11.56 0.51564872 -0.72793347 3.8017874 0.21605012 -10.519076 2.1019477e-44 
11.57 0.51371044 -0.71101725 3.8100064 0.21071485 -10.491632 2.1019477e-44 
11.58 0.51175207 -0.69392055 3.8180826 0.20533518 -10.464279 2.1019477e-44 
11.59 0.50977361 -0.67664319 3.826014 0.19991106 -10.437021 2.1019477e-44 
11.6 0.50777501 -0.65918481 3.8337977 0.19444241 -10.409859 2.1019477e-44 
11.61 0.50575632 -0.64154524 3.8414319 0.18892917 -10.382792 2.1019477e-44 
11.62 0.50371748 -0.62372428 3.8489137 0.18337129 -10.355824 2.1019477e-44 
11.63 0.5016585 -0.60572159 3.8562405 0.17776874 -10.328955 2.1019477e-44 
11.64 0.49957943 -0.58753729 3.8634102 0.17212147 -10.302186 2.1019477e-44 
11.65 0.49748024 -0.56917101 3.8704207 0.16642943 -10.275519 2.1019477e-44 
11.66 0.49536097 -0.55062264 3.8772683 0.16069259 -10.248958 2.1019477e-44 
11.67 0.49322158 -0.53189218 3.8839521 0.15491089 -10.2225 2.1019477e-44 
11.68 0.49106213 -0.51297945 3.8904681 0.14908433 -10.196148 2.1019477e-44 
11.69 0.48888263 -0.49388441 3.8968146 0.14321288 -10.169905 2.1019477e-44 
11.7 0.4866831 -0.47460705 3.9029884 0.13729651 -10.143769 2.1019477e-44 
11.71 0.48446348 -0.4551473 3.908988 0.13133521 -10.117745 2.1019477e-44 
11.72 0.48222387 -0.43550521 3.9148095 0.12532896 -10.091832 2.1019477e-44 
11.73 0.47996429 -0.41568074 3.9204507 0.11927773 -10.066033 2.1019477e-44 
11.74 0.4776848 -0.39567396 3.9259098 0.11318155 -10.040348 2.1019477e-44 
11.75 0.47538534 -0.37548497 3.9311829 0.10704041 -10.01478 2.1019477e-44 
11.76 0.473066 -0.35511383 3.9362676 0.10085429 -9.9893293 2.1019477e-44 
11.77 0.47072679 -0.33456066 3.9411616 0.094623223 -9.9639969 2.1019477e-44 
11.78 0.46836779 -0.31382558 3.9458621 0.088347204 -9.9387846 2.1019477e-44 
11.79 0.46598896 -0.29290876 3.950366 0.082026266 -9.9136944 2.1019477e-44 
11.8 0.46359047 -0.27181041 3.9546709 0.075660422 -9.8887272 2.1019477e-44 
11.81 0.46117222 -0.25053075 3.9587736 0.06924969 -9.863884 2.1019477e-44 
11.82 0.45873436 -0.22906993 3.9626713 0.062794112 -9.8391657 2.1019477e-44 
11.83 0.45627689 -0.20742832 3.9663618 0.056293726 -9.8145761 2.1019477e-44 
11.84 0.45379993 -0.18560617 3.9698415 0.04974857 -9.7901154 2.1019477e-44 
11.85 0.45130345 -0.16360378 3.9731076 0.043158688 -9.7657833 2.1019477e-44 
11.86 0.4487876 -0.1414215 3.9761574 0.036524132 -9.7415829 2.1019477e-44 
11.87 0.44625235 -0.1190597 3.9789882 0.029844958 -9.7175159 2.1019477e-44 
11.88 0.44369784 -0.096518777 3.9815967 0.02312123 -9.6935825 2.1019477e-44 
11.89 0.44112411 -0.073799163 3.9839799 0.016353019 -9.6697845 2.1019477e-44 
11.9 0.43853125 -0.050901297 3.9861352 0.0095403902 -9.6461239 2.1019477e-44 
11.91 0.43591931 -0.02782567 3.9880593 0.0026834286 -9.6226015 2.1019477e-44 
11.92 0.43328843 -0.0045727799 3.989749 -0.004217783 -9.5992174 2.1019477e-44 
11.93 0.43063861 0.018856829 3.9912016 -0.011163155 -9.5759754 2.1019477e-44 
11.94 0.42796999 0.042462591 3.9924138 -0.018152587 -9.5528765 2.1019477e-44 
11.95 0.42528269 0.066243909 3.9933825 -0.025185985 -9.5299206 2.1019477e-44 
11.96 0.42257673 0.090200156 3.9941049 -0.032263234 -9.5071096 2.1019477e-44 
11.97 0.41985223 0.11433068 3.9945772 -0.039384224 -9.4844446 2.1019477e-44 
11.98 0.41710931 0.13863477 3.9947968 -0.046548825 -9.4619284 2.1019477e-44 
11.99 0.4143481 0.16311176 3.9947603 -0.053756919 -9.4395609 2.1019477e-44 
12 0.41156864 0.18776083 3.9944646 -0.061008371 -9.4173441 2.1019477e-44 
12.01 0.40877113 0.21258125 3.9939065 -0.068303041 -9.3952799 2.1019477e-44 
12.02 0.40595564 0.23757218 3.9930828 -0.075640768 -9.3733673 2.1019477e-44 
12.03 0.40312225 0.26273277 3.9919896 -0.083021417 -9.3516102 2.1019477e-44 
12.04 0.40027118 0.28806219 3.9906247 -0.090444826 -9.3300085 2.1019477e-44 
12.05 0.39740247 0.31355947 3.9889839 -0.097910814 -9.3085642 2.1019477e-44 
12.06 0.39451632 0.33922365 3.9870644 -0.1054192 -9.2872782 2.1019477e-44 
12.07 0.39161283 0.3650538 3.9848621 -0.11296983 -9.2661524 2.1019477e-44 
12.08 0.38869214 0.39104891 3.9823747 -0.12056249 -9.2451868 2.1019477e-44 
12.09 0.38575444 0.41720793 3.9795976 -0.128197 -9.2243843 2.1019477e-44 
12.1 0.38279983 0.44352973 3.9765282 -0.13587314 -9.2037458 2.1019477e-44 
12.11 0.37982851 0.4700132 3.9731634 -0.1435907 -9.1832714 2.1019477e-44 
12.12 0.37684059 0.49665725 3.9694984 -0.15134947 -9.1629629 2.1019477e-44 
12.13 0.37383628 0.52346057 3.9655309 -0.15914921 -9.1428223 2.1019477e-44 
12.14 0.37081572 0.55042207 3.961257 -0.16698968 -9.1228504 2.1019477e-44 
12.15 0.36777914 0.57754046 3.9566727 -0.17487067 -9.1030483 2.1019477e-44 
12.16 0.3647266 0.60481435 3.9517753 -0.18279187 -9.0834179 2.1019477e-44 
12.17 0.36165842 0.6322425 3.9465606 -0.19075307 -9.0639601 2.1019477e-44 
12.18 0.35857472 0.65982354 3.9410255 -0.19875395 -9.0446749 2.1019477e-44 
12.19 0.35547569 0.68755591 3.9351654 -0.20679428 -9.0255651 2.1019477e-44 
12.2 0.35236159 0.71543837 3.9289777 -0.21487375 -9.0066309 2.1019477e-44 
12.21 0.34923255 0.74346936 3.9224584 -0.22299205 -8.987875 2.1019477e-44 
12.22 0.34608883 0.77164721 3.9156036 -0.23114888 -8.9692965 2.1019477e-44 
12.23 0.34293059 0.79997063 3.9084101 -0.23934394 -8.9508972 2.1019477e-44 
12.24 0.3397581 0.82843781 3.9008734 -0.24757691 -8.9326792 2.1019477e-44 
12.25 0.3365716 0.8570472 3.8929901 -0.25584742 -8.9146433 2.1019477e-44 
12.26 0.33337131 0.88579702 3.884757 -0.26415515 -8.8967905 2.1019477e-44 
12.27 0.33015746 0.91468567 3.8761692 -0.27249974 -8.8791218 2.1019477e-44 
12.28 0.32693025 0.94371134 3.867224 -0.28088084 -8.8616371 2.1019477e-44 
12.29 0.32369003 0.97287226 3.8579166 -0.28929803 -8.8443394 2.1019477e-44 
12.3 0.32043698 1.0021665 3.8482435 -0.29775095 -8.8272285 2.1019477e-44 
12.31 0.31717137 1.0315924 3.8382013 -0.30623925 -8.8103075 2.1019477e-44 
12.32 0.3138935 1.0611477 3.8277853 -0.31476244 -8.7935753 2.1019477e-44 
12.33 0.31060362 1.0908307 3.816992 -0.32332015 -8.7770329 2.1019477e-44 
12.34 0.30730203 1.1206392 3.8058174 -0.33191198 -8.7606821 2.1019477e-44 
12.35 0.30398902 1.1505713 3.7942576 -0.3405374 -8.744525 2.1019477e-44 
12.36 0.30066487 1.180625 3.7823086 -0.34919605 -8.7285604 2.1019477e-44 
12.37 0.29732993 1.210798 3.7699661 -0.35788739 -8.7127895 2.1019477e-44 
12.38 0.29398441 1.2410883 3.7572267 -0.36661097 -8.6972151 2.1019477e-44 
12.39 0.2906287 1.2714934 3.7440856 -0.37536633 -8.6818371 2.1019477e-44 
12.4 0.28726313 1.3020113 3.7305393 -0.38415295 -8.6666555 2.1019477e-44 
12.41 0.28388798 1.3326396 3.7165835 -0.39297029 -8.6516733 2.1019477e-44 
12.42 0.28050366 1.363376 3.702214 -0.40181789 -8.6368885 2.1019477e-44 
12.43 0.27711046 1.3942181 3.6874268 -0.41069514 -8.6223049 2.1019477e-44 
12.44 0.27370873 1.4251635 3.6722181 -0.41960153 -8.6079206 2.1019477e-44 
12.45 0.2702989 1.4562099 3.6565831 -0.42853647 -8.5937395 2.1019477e-44 
12.46 0.26688126 1.4873545 3.6405182 -0.43749937 -8.5797606 2.1019477e-44 
12.47 0.26345617 1.5185949 3.6240187 -0.44648969 -8.5659838 2.1019477e-44 
12.48 0.26002413 1.5499284 3.6070809 -0.45550677 -8.5524101 2.1019477e-44 
12.49 0.25658545 1.5813526 3.5897002 -0.46454999 -8.5390425 2.1019477e-44 
12.5 0.25314054 1.6128646 3.5718727 -0.47361878 -8.5258799 2.1019477e-44 
12.51 0.24968982 1.6444619 3.5535941 -0.48271239 -8.5129223 2.1019477e-44 
12.52 0.24623372 1.6761415 3.5348601 -0.49183023 -8.5001717 2.1019477e-44 
12.53 0.24277264 1.7079009 3.5156662 -0.50097156 -8.487628 2.1019477e-44 
12.54 0.23930708 1.7397369 3.4960086 -0.51013571 -8.4752932 2.1019477e-44 
12.55 0.2358374 1.7716469 3.475883 -0.51932192 -8.4631662 2.1019477e-44 
12.56 0.23236413 1.803628 3.4552846 -0.52852952 -8.4512472 2.1019477e-44 
12.57 0.22888771 1.835677 3.4342096 -0.53775775 -8.439538 2.1019477e-44 
12.58 0.2254086 1.8677911 3.4126537 -0.54700583 -8.4280396 2.1019477e-44 
12.59 0.22192731 1.8999671 3.3906124 -0.55627298 -8.4167519 2.1019477e-44 
12.6 0.21844433 1.9322022 3.3680816 -0.56555837 -8.405674 2.1019477e-44 
12.61 0.21496017 1.964493 3.3450572 -0.57486123 -8.3948069 2.1019477e-44 
12.62 0.21147534 1.9968365 3.3215344 -0.58418071 -8.3841524 2.1019477e-44 
12.63 0.20799036 2.0292296 3.2975097 -0.59351593 -8.3737087 2.1019477e-44 
12.64 0.20450579 2.0616689 3.2729781 -0.60286605 -8.3634777 2.1019477e-44 
12.65 0.20102215 2.094151 3.2479358 -0.61223012 -8.3534594 2.1019477e-44 
12.66 0.19754004 2.126673 3.2223787 -0.62160724 -8.3436537 2.1019477e-44 
12.67 0.19406001 2.1592317 3.1963022 -0.63099647 -8.3340607 2.1019477e-44 
12.68 0.19058265 2.191823 3.1697025 -0.64039695 -8.3246813 2.1019477e-44 
12.69 0.18710853 2.2244437 3.1425753 -0.64980751 -8.3155146 2.1019477e-44 
12.7 0.18363832 2.2570908 3.1149166 -0.65922737 -8.3065605 2.1019477e-44 
12.71 0.18017256 2.2897608 3.0867221 -0.66865534 -8.297821 2.1019477e-44 
12.72 0.17671195 2.3224499 3.0579884 -0.67809045 -8.2892952 2.1019477e-44 
12.73 0.17325711 2.3551548 3.0287106 -0.68753159 -8.280982 2.1019477e-44 
12.74 0.16980872 2.387872 2.9988859 -0.69697767 -8.2728815 2.1019477e-44 
12.75 0.16636741 2.4205973 2.9685094 -0.70642757 -8.2649937 2.1019477e-44 
12.76 0.16293392 2.4533281 2.937578 -0.71588027 -8.2573204 2.1019477e-44 
12.77 0.1595089 2.4860601 2.9060879 -0.72533441 -8.2498589 2.1019477e-44 
12.78 0.15609309 2.5187902 2.8740351 -0.73478889 -8.2426109 2.1019477e-44 
12.79 0.15268724 2.5515141 2.8414168 -0.74424249 -8.2355738 2.1019477e-44 
12.8 0.14929204 2.5842288 2.8082292 -0.753694 -8.2287493 2.1019477e-44 
12.81 0.1459083 2.61693 2.7744687 -0.76314205 -8.2221365 2.1019477e-44 
12.82 0.14253677 2.6496143 2.7401326 -0.77258539 -8.2157345 2.1019477e-44 
12.83 0.13917825 2.6822784 2.7052176 -0.78202266 -8.2095432 2.1019477e-44 
12.84 0.13583352 2.7149179 2.6697209 -0.79145247 -8.2035608 2.1019477e-44 
12.85 0.13250344 2.7475293 2.6336398 -0.80087346 -8.1977892 2.1019477e-44 
12.86 0.12918881 2.7801092 2.5969718 -0.81028426 -8.1922255 2.1019477e-44 
12.87 0.12589051 2.8126533 2.5597146 -0.81968331 -8.1868706 2.1019477e-44 
12.88 0.12260941 2.8451586 2.5218658 -0.82906914 -8.1817217 2.1019477e-44 
12.89 0.11934637 2.8776212 2.4834239 -0.83844024 -8.1767797 2.1019477e-44 
12.9 0.11610234 2.9100373 2.4443872 -0.84779495 -8.1720448 2.1019477e-44 
12.91 0.11287822 2.9424028 2.4047539 -0.85713184 -8.1675129 2.1019477e-44 
12.92 0.10967495 2.9747148 2.3645232 -0.86644918 -8.1631851 2.1019477e-44 
12.93 0.1064935 3.0069695 2.3236945 -0.87574524 -8.1590595 2.1019477e-44 
12.94 0.10333484 3.0391629 2.2822673 -0.88501823 -8.1551352 2.1019477e-44 
12.95 0.10019996 3.0712917 2.2402418 -0.89426661 -8.1514111 2.1019477e-44 
12.96 0.097089902 3.1033528 2.1976178 -0.90348846 -8.1478863 2.1019477e-44 
12.97 0.094005696 3.1353421 2.1543965 -0.91268188 -8.1445589 2.1019477e-44 
12.98 0.090948388 3.1672564 2.1105795 -0.92184508 -8.141428 2.1019477e-44 
12.99 0.087919071 3.1990926 2.0661683 -0.93097597 -8.1384916 2.1019477e-44 
13 0.084918834 3.2308474 2.0211651 -0.94007272 -8.1357479 2.1019477e-44 
13.01 0.081948787 3.2625172 1.9755738 -0.94913316 -8.1331949 2.1019477e-44 
13.02 0.079010084 3.2940996 1.9293969 -0.95815521 -8.1308327 2.1019477e-44 
13.03 0.076103888 3.3255906 1.8826395 -0.9671368 -8.1286583 2.1019477e-44 
13.04 0.073231369 3.3569882 1.8353065 -0.97607571 -8.1266699 2.1019477e-44 
13.05 0.070393726 3.388289 1.7874039 -0.98496956 -8.1248646 2.1019477e-44 
13.06 0.067592204 3.4194906 1.7389382 -0.99381608 -8.1232424 2.1019477e-44 
13.07 0.064828031 3.4505904 1.6899176 -1.0026129 -8.1217995 2.1019477e-44 
13.08 0.062102489 3.4815862 1.6403502 -1.0113578 -8.1205339 2.1019477e-44 
13.09 0.05941686 3.5124755 1.5902464 -1.0200479 -8.1194439 2.1019477e-44 
13.1 0.056772463 3.5432568 1.5396168 -1.0286807 -8.1185265 2.1019477e-44 
13.11 0.054170631 3.5739276 1.4884735 -1.0372536 -8.1177797 2.1019477e-44 
13.12 0.051612724 3.6044872 1.4368298 -1.045764 -8.1171999 2.1019477e-44 
13.13 0.049100116 3.6349332 1.3847009 -1.0542088 -8.116786 2.1019477e-44 
13.14 0.046634212 3.6652656 1.3321027 -1.0625854 -8.1165333 2.1019477e-44 
13.15 0.044216435 3.6954827 1.279053 -1.0708904 -8.1164398 2.1019477e-44 
13.16 0.041848227 3.7255847 1.2255709 -1.0791211 -8.1165028 2.1019477e-44 
13.17 0.039531063 3.7555714 1.1716778 -1.0872744 -8.1167183 2.1019477e-44 
13.18 0.037266422 3.7854431 1.1173962 -1.0953468 -8.1170835 2.1019477e-44 
13.19 0.035055816 3.8152003 1.0627507 -1.1033351 -8.1175957 2.1019477e-44 
13.2 0.03290078 3.8448448 1.0077672 -1.1112359 -8.1182508 2.1019477e-44 
13.21 0.030802859 3.874378 0.95247412 -1.1190456 -8.1190443 2.1019477e-44 
13.22 0.028763628 3.9038031 0.89690107 -1.1267606 -8.1199732 2.1019477e-44 
13.23 0.026784679 3.9331219 0.84107965 -1.1343772 -8.1210337 2.1019477e-44 
13.24 0.024867626 3.9623401 0.78504276 -1.141892 -8.1222219 2.1019477e-44 
13.25 0.023014106 3.9914613 0.72882479 -1.1493006 -8.1235342 2.1019477e-44 
13.26 0.021225777 4.0204916 0.67246115 -1.1565994 -8.1249647 2.1019477e-44 
13.27 0.019504318 4.0494385 0.6159873 -1.1637845 -8.1265106 2.1019477e-44 
13.28 0.017851437 4.07831 0.559439 -1.1708522 -8.1281662 2.1019477e-44 
13.29 0.016268864 4.1071162 0.50285035 -1.1777985 -8.1299276 2.1019477e-44 
13.3 0.014758365 4.135869 0.44625309 -1.1846199 -8.1317911 2.1019477e-44 
13.31 0.013321739 4.1645832 0.38967448 -1.1913133 -8.13375 2.1019477e-44 
13.32 0.011960824 4.193275 0.33313486 -1.1978756 -8.1357985 2.1019477e-44 
13.33 0.010677506 4.2219644 0.27664435 -1.2043051 -8.1379347 2.1019477e-44 
13.34 0.0094737299 4.2506752 0.22019789 -1.2106006 -8.140152 2.1019477e-44 
13.35 0.0083515011 4.2794356 0.1637693 -1.2167631 -8.1424446 2.1019477e-44 
13.36 0.0073129004 4.3082814 0.10730233 -1.222796 -8.1448069 2.1019477e-44 
13.37 0.0063600801 4.337254 0.050698902 -1.2287059 -8.1472359 2.1019477e-44 
13.38 0.0054952563 4.366406 -0.0061970823 -1.2345058 -8.149725 2.1019477e-44 
13.39 0.0047206557 4.3958015 -0.063621879 -1.2402164 -8.1522703 2.1019477e-44 
13.4 0.0040383996 4.4255219 -0.12192182 -1.2458712 -8.1548662 2.1019477e-44 
13.41 0.0034502218 4.4556694 -0.18159294 -1.2515229 -8.1575117 2.1019477e-44 
13.42 0.0029568523 4.4863777 -0.24333067 -1.2572538 -8.1602039 2.1019477e-44 
13.43 0.0025566916 4.517818 -0.3080852 -1.2631919 -8.1629438 2.1019477e-44 
13.44 0.0022429533 4.5502176 -0.37710097 -1.2695369 -8.1657391 2.1019477e-44 
13.45 0.0019975244 4.5838771 -0.45187315 -1.2765985 -8.168601 2.1019477e-44 
13.46 0.001777962 4.6191912 -0.53382647 -1.2848501 -8.1715584 2.1019477e-44 
13.47 0.0014919394 4.6566696 -0.62322122 -1.2949861 -8.1746645 2.1019477e-44 
13.48 0.00096091989 4.6969337 -0.71628523 -1.3079213 -8.1780243 2.1019477e-44 
13.49 -5.560488e-05 4.7406688 -0.80010384 -1.3245848 -8.1818295 2.1019477e-44 
13.5 -0.0015395598 4.7886491 -0.85158879 -1.3452927 -8.1864128 2.1019477e-44 
13.51 -0.0028861789 4.8420744 -0.85318208 -1.3683214 -8.1923008 2.1019477e-44 
13.52 -0.0036757339 4.9028654 -0.8099581 -1.388919 -8.200386 2.1019477e-44 
13.53 -0.0042539826 4.9730635 -0.73742485 -1.4011679 -8.2123241 2.1019477e-44 
