0 -0.0023067009 2.6454666 -0.3980017 -0.91092539 -4.4863787 1.4153114e-43 
0.0099999998 -0.0027114686 2.6900904 -0.35186324 -0.91613322 -4.4979844 1.4153114e-43 
0.02 -0.0032293713 2.739249 -0.29887164 -0.9147864 -4.5168619 1.5274153e-43 
0.029999999 -0.0037939092 2.7903147 -0.24442738 -0.90944409 -4.5465636 1.5274153e-43 
0.039999999 -0.0043144124 2.8393312 -0.19623841 -0.90454739 -4.590064 1.6395192e-43 
0.050000001 -0.0047193947 2.8818207 -0.16037102 -0.90419245 -4.6483407 1.6395192e-43 
0.059999999 -0.0049824938 2.9136977 -0.13866581 -0.91024822 -4.7199435 1.7656361e-43 
0.07 -0.0051158564 2.9318001 -0.12930189 -0.92220682 -4.8018274 1.8777399e-43 
0.079999998 -0.0051472331 2.9339716 -0.12888828 -0.93823487 -4.8905773 1.8777399e-43 
0.090000004 -0.0051026572 2.9189396 -0.13409287 -0.95623553 -4.9831939 1.9898438e-43 
0.1 -0.0050005093 2.8861914 -0.14228706 -0.97440439 -5.0773287 2.1159607e-43 
0.11 -0.0048523671 2.8359151 -0.15158105 -0.99137813 -5.1712074 2.2280646e-43 
0.12 -0.004665765 2.7689793 -0.16066112 -1.006205 -5.263483 2.3541814e-43 
0.13 -0.0044465456 2.6868954 -0.16862795 -1.018276 -5.3531003 2.3541814e-43 
0.14 -0.0042002634 2.591749 -0.17488638 -1.0272657 -5.4392219 2.4662853e-43 
0.15000001 -0.0039327876 2.4860833 -0.1790798 -1.0330898 -5.5211802 2.5783892e-43 
0.16 -0.0036503628 2.3727474 -0.18105069 -1.0358721 -5.5984588 2.704506e-43 
0.17 -0.0033593939 2.2547264 -0.18081179 -1.0359133 -5.6706858 2.8166099e-43 
0.18000001 -0.0030661151 2.1349702 -0.17852035 -1.0336577 -5.7376256 2.9287138e-43 
0.19 -0.002776257 2.0162413 -0.17445137 -1.0296571 -5.7991743 3.0548307e-43 
0.2 -0.002494785 1.9009947 -0.16897035 -1.0245343 -5.8553462 3.1669345e-43 
0.20999999 -0.0022257303 1.7912953 -0.16250667 -1.0189463 -5.9062629 3.4051553e-43 
0.22 -0.0019721247 1.6887757 -0.15552948 -1.0135511 -5.9521317 3.5172591e-43 
0.23 -0.0017360225 1.5946298 -0.14852749 -1.0089816 -5.9932275 3.643376e-43 
0.23999999 -0.0015185949 1.5096351 -0.14199278 -1.005824 -6.0298743 3.7554799e-43 
0.25 -0.0013202685 1.4341946 -0.13640885 -1.0046039 -6.0624251 3.9937006e-43 
0.25999999 -0.0011408904 1.3683901 -0.13224161 -1.0057774 -6.0912471 4.1058045e-43 
0.27000001 -0.00097990187 1.3120387 -0.129932 -1.0097275 -6.1167054 4.3440252e-43 
0.28 -0.00083650876 1.2647451 -0.12988883 -1.0167613 -6.1391568 4.4561291e-43 
0.28999999 -0.00070984167 1.2259465 -0.13248032 -1.0271082 -6.158937 4.6943499e-43 
0.30000001 -0.00059910322 1.194947 -0.13802299 -1.0409155 -6.1763601 4.8204667e-43 
0.31 -0.00050369999 1.170938 -0.14676742 -1.0582387 -6.1917133 4.9325706e-43 
0.31999999 -0.00042336059 1.1530083 -0.15888028 -1.0790256 -6.205256 5.1707913e-43 
0.33000001 -0.00035824376 1.1401401 -0.17442282 -1.1030889 -6.2172194 5.2828952e-43 
0.34 -0.0003090481 1.1311945 -0.19332638 -1.1300664 -6.2278099 5.2828952e-43 
0.34999999 -0.00027714987 1.1248857 -0.21536501 -1.1593661 -6.2372088 5.3949991e-43 
0.36000001 -0.0002648097 1.1197398 -0.24012384 -1.1900841 -6.2455745 5.3949991e-43 
0.37 -0.00027547526 1.1140355 -0.26696151 -1.2208961 -6.2530451 5.5211159e-43 
0.38 -0.00031412218 1.105722 -0.29496381 -1.2499117 -6.2597427 5.5211159e-43 
0.38999999 -0.0003873418 1.0923282 -0.32289287 -1.2745087 -6.2657709 5.5211159e-43 
0.40000001 -0.00050251995 1.070913 -0.34915236 -1.2912102 -6.2712226 5.6332198e-43 
0.41 -0.00066523382 1.038162 -0.37181655 -1.295741 -6.2761779 5.6332198e-43 
0.41999999 -0.00087462639 0.99076879 -0.38879105 -1.2834631 -6.2807078 5.6332198e-43 
0.43000001 -0.0011185206 0.92615235 -0.39814439 -1.2503151 -6.284874 5.6332198e-43 
0.44 -0.0013721857 0.84333813 -0.39855269 -1.1940747 -6.2887282 5.6332198e-43 
0.44999999 -0.0016037815 0.74358845 -0.38967857 -1.1154054 -6.2923145 5.6332198e-43 
0.46000001 -0.0017845669 0.63038105 -0.3722885 -1.018068 -6.2956676 5.6332198e-43 
0.47 -0.0018976959 0.50868982 -0.34804267 -0.90811926 -6.2988186 5.6332198e-43 
0.47999999 -0.0019408743 0.38392046 -0.31907493 -0.79251254 -6.3017907 5.7593367e-43 
0.49000001 -0.001923245 0.26095846 -0.28755766 -0.67774385 -6.304606 5.7593367e-43 
0.5 -0.0018600052 0.14359744 -0.25538936 -0.56897706 -6.3072853 5.7593367e-43 
0.50999999 -0.0017677748 0.034359489 -0.22404107 -0.46971813 -6.3098502 5.7593367e-43 
0.51999998 -0.0016618544 -0.065418899 -0.19452728 -0.38189191 -6.312324 5.7593367e-43 
0.52999997 -0.0015551684 -0.15537728 -0.16744916 -0.30612439 -6.3147349 5.7593367e-43 
0.54000002 -0.0014581827 -0.2358927 -0.14306806 -0.24208868 -6.3171153 5.7593367e-43 
0.55000001 -0.0013790702 -0.30785385 -0.12138737 -0.18883885 -6.3195043 5.7593367e-43 
0.56 -0.0013235444 -0.37244922 -0.10223564 -0.14510582 -6.3219504 5.8714406e-43 
0.56999999 -0.0012941901 -0.43095893 -0.085350797 -0.10954413 -6.3245091 5.8714406e-43 
0.57999998 -0.0012897215 -0.48455447 -0.070459187 -0.080910735 -6.3272471 5.8714406e-43 
0.58999997 -0.0013049564 -0.53414237 -0.057334568 -0.058150887 -6.330236 5.8714406e-43 
0.60000002 -0.0013318521 -0.58029318 -0.045822915 -0.040390439 -6.3335533 5.8714406e-43 
0.61000001 -0.0013610914 -0.62326795 -0.035832334 -0.026873227 -6.3372746 5.8714406e-43 
0.62 -0.0013834239 -0.66311097 -0.027302481 -0.016898969 -6.3414721 5.8714406e-43 
0.63 -0.00139041 -0.69975942 -0.020172315 -0.0097961659 -6.3462067 5.8714406e-43 
0.63999999 -0.0013746964 -0.73313379 -0.014358552 -0.0049309651 -6.3515267 5.9835444e-43 
0.64999998 -0.0013300553 -0.76319468 -0.0097481264 -0.0017333636 -6.3574629 5.9835444e-43 
0.66000003 -0.0012513358 -0.78996831 -0.0062019858 0.00027857855 -6.3640299 5.9835444e-43 
0.67000002 -0.0011343812 -0.8135488 -0.0035652379 0.0014871631 -6.3712263 5.9835444e-43 
0.68000001 -0.00097593357 -0.83408803 -0.0016790959 0.0021775826 -6.3790374 5.9835444e-43 
0.69 -0.00077353517 -0.85177898 -0.00039148598 0.0025506124 -6.3874378 5.9835444e-43 
0.69999999 -0.00052543561 -0.86683911 0.00043522476 0.0027400441 -6.3963962 5.9835444e-43 
0.70999998 -0.00023050893 -0.8794955 0.00091971905 0.0028303894 -6.4058747 5.9835444e-43 
0.72000003 0.00011181778 -0.88997412 0.001160058 0.0028721981 -6.4158363 6.1096613e-43 
0.73000002 0.00050162501 -0.89849174 0.0012341479 0.0028939478 -6.42624 6.1096613e-43 
0.74000001 0.00093855307 -0.90525091 0.0012015995 0.0029105525 -6.4370489 6.1096613e-43 
0.75 0.0014218483 -0.91043746 0.0011063268 0.0029290519 -6.4482265 6.1096613e-43 
0.75999999 0.0019504051 -0.91421956 0.00097939349 0.0029521971 -6.4597383 6.1096613e-43 
0.76999998 0.0025228057 -0.91674781 0.00084176724 0.0029805857 -6.4715543 6.1096613e-43 
0.77999997 0.0031373594 -0.91815597 0.00070678443 0.0030138621 -6.4836445 6.1096613e-43 
0.79000002 0.0037921388 -0.918562 0.00058223109 0.0030513445 -6.4959846 6.2217652e-43 
0.80000001 0.0044850181 -0.91806984 0.00047201829 0.0030923255 -6.5085492 6.2217652e-43 
0.81 0.0052137091 -0.91677058 0.00037747648 0.0031361938 -6.5213184 6.2217652e-43 
0.81999999 0.0059757959 -0.91474408 0.00029831807 0.0031824678 -6.5342717 6.2217652e-43 
0.82999998 0.0067687687 -0.91206008 0.00023332646 0.0032307862 -6.5473933 6.2217652e-43 
0.83999997 0.0075900555 -0.90877986 0.00018082881 0.0032808883 -6.560667 6.2217652e-43 
0.85000002 0.0084370524 -0.90495682 0.0001390057 0.0033325902 -6.574079 6.2217652e-43 
0.86000001 0.0093071517 -0.90063816 0.0001060815 0.0033857634 -6.587616 6.2217652e-43 
0.87 0.010197762 -0.89586526 8.0430822e-05 0.0034403191 -6.6012669 6.3338691e-43 
0.88 0.01110634 -0.89067483 6.0628961e-05 0.0034961952 -6.6150208 6.3338691e-43 
0.88999999 0.012030398 -0.88509947 4.5465848e-05 0.0035533493 -6.6288695 6.3338691e-43 
0.89999998 0.01296753 -0.87916827 3.3938402e-05 0.0036117511 -6.6428041 6.3338691e-43 
0.91000003 0.013915418 -0.87290734 2.5231342e-05 0.0036713795 -6.656816 6.3338691e-43 
0.92000002 0.014871852 -0.86634034 1.869247e-05 0.0037322196 -6.6708984 6.3338691e-43 
0.93000001 0.015834728 -0.85948879 1.3807146e-05 0.0037942599 -6.6850457 6.3338691e-43 
0.94 0.016802067 -0.85237253 1.0173991e-05 0.0038574927 -6.6992507 6.4599859e-43 
0.94999999 0.017772006 -0.84500968 7.4830227e-06 0.003921913 -6.7135086 6.4599859e-43 
0.95999998 0.018742811 -0.83741742 5.4969928e-06 0.0039875163 -6.7278137 6.4599859e-43 
0.97000003 0.019712877 -0.82961148 4.035739e-06 0.004054301 -6.7421622 6.4599859e-43 
0.98000002 0.020680722 -0.82160693 2.9633809e-06 0.0041222651 -6.7565494 6.4599859e-43 
0.99000001 0.021644985 -0.81341809 2.1780693e-06 0.0041914084 -6.7709713 6.4599859e-43 
1 0.022604438 -0.80505842 1.6038853e-06 0.0042617312 -6.7854242 6.4599859e-43 
1.01 0.023557963 -0.79654098 1.1845295e-06 0.0043332349 -6.7999043 6.4599859e-43 
1.02 0.024504555 -0.78787822 8.7843904e-07 0.0044059199 -6.8144093 6.5720898e-43 
1.03 0.025443325 -0.77908218 6.5502326e-07 0.0044797901 -6.8289351 6.5720898e-43 
1.04 0.026373481 -0.77016455 4.9185252e-07 0.0045548468 -6.8434792 6.5720898e-43 
1.05 0.027294336 -0.76113659 3.7254895e-07 0.0046310932 -6.8580394 6.5720898e-43 
1.0599999 0.028205292 -0.75200909 2.851686e-07 0.0047085327 -6.872612 6.5720898e-43 
1.0700001 0.029105837 -0.74279273 2.2102329e-07 0.0047871689 -6.8871961 6.5720898e-43 
1.08 0.029995546 -0.73349786 1.7380485e-07 0.0048670056 -6.9017887 6.5720898e-43 
1.09 0.03087406 -0.72413439 1.3894214e-07 0.0049480465 -6.9163876 6.6982067e-43 
1.1 0.031741101 -0.7147119 1.1313054e-07 0.0050302967 -6.9309912 6.6982067e-43 
1.11 0.032596443 -0.70523989 9.3952337e-08 0.00511376 -6.9455981 6.6982067e-43 
1.12 0.033439934 -0.69572741 7.9672908e-08 0.005198441 -6.9602051 6.6982067e-43 
1.13 0.03427146 -0.68618321 6.9034279e-08 0.0052843448 -6.9748116 6.6982067e-43 
1.14 0.035090968 -0.67661589 6.1106483e-08 0.0053714765 -6.9894156 6.6982067e-43 
1.15 0.035898443 -0.66703361 5.523129e-08 0.0054598409 -7.0040159 6.6982067e-43 
1.16 0.036693905 -0.6574443 5.0927493e-08 0.0055494434 -7.0186105 6.8103105e-43 
1.17 0.037477423 -0.64785564 4.7824209e-08 0.0056402888 -7.0331988 6.8103105e-43 
1.1799999 0.038249083 -0.63827479 4.5655614e-08 0.0057323826 -7.0477791 6.8103105e-43 
1.1900001 0.039009009 -0.62870902 4.4247521e-08 0.00582573 -7.0623498 6.8103105e-43 
1.2 0.039757349 -0.61916488 4.3436543e-08 0.005920337 -7.07691 6.8103105e-43 
1.21 0.040494267 -0.609649 4.310052e-08 0.0060162088 -7.0914583 6.8103105e-43 
1.22 0.041219946 -0.60016745 4.3173376e-08 0.0061133509 -7.1059937 6.8103105e-43 
1.23 0.041934591 -0.59072608 4.3584052e-08 0.0062117688 -7.1205163 6.9224144e-43 
1.24 0.042638417 -0.58133048 4.4298744e-08 0.0063114683 -7.1350236 6.9224144e-43 
1.25 0.043331653 -0.57198602 4.5269058e-08 0.0064124544 -7.1495147 6.9224144e-43 
1.26 0.044014528 -0.56269765 4.6473701e-08 0.0065147337 -7.16399 6.9224144e-43 
1.27 0.04468729 -0.55347013 4.7903136e-08 0.0066183112 -7.1784477 6.9224144e-43 
1.28 0.045350183 -0.54430795 4.9521304e-08 0.0067231935 -7.1928864 6.9224144e-43 
1.29 0.046003465 -0.5352152 5.134752e-08 0.0068293852 -7.2073064 6.9224144e-43 
1.3 0.046647388 -0.526196 5.3357923e-08 0.0069368924 -7.2217069 7.0485313e-43 
1.3099999 0.047282211 -0.51725399 5.5521589e-08 0.0070457207 -7.2360864 7.0485313e-43 
1.3200001 0.047908194 -0.50839257 5.7844286e-08 0.0071558766 -7.2504444 7.0485313e-43 
1.33 0.048525594 -0.49961501 6.0332319e-08 0.0072673652 -7.2647805 7.0485313e-43 
1.34 0.049134664 -0.49092415 6.2992022e-08 0.0073801922 -7.2790937 7.0485313e-43 
1.35 0.049735662 -0.4823229 6.5830434e-08 0.0074943635 -7.2933846 7.0485313e-43 
1.36 0.05032884 -0.47381365 6.8805434e-08 0.0076098843 -7.307651 7.1606352e-43 
1.37 0.05091444 -0.46539876 7.1939276e-08 0.007726761 -7.3218927 7.1606352e-43 
1.38 0.051492721 -0.45708033 7.5282323e-08 0.0078449994 -7.3361096 7.1606352e-43 
1.39 0.052063912 -0.44886029 7.8795608e-08 0.0079646045 -7.3503017 7.1606352e-43 
1.4 0.052628253 -0.44074032 8.2480796e-08 0.0080855833 -7.3644671 7.1606352e-43 
1.41 0.053185977 -0.43272191 8.6338744e-08 0.0082079396 -7.3786073 7.1606352e-43 
1.42 0.053737313 -0.42480654 9.036998e-08 0.0083316807 -7.3927193 7.1606352e-43 
1.4299999 0.054282475 -0.41699529 9.4600601e-08 0.0084568113 -7.4068046 7.272739e-43 
1.4400001 0.054821689 -0.40928921 9.9035269e-08 0.0085833371 -7.4208622 7.272739e-43 
1.45 0.055355161 -0.40168917 1.0370618e-07 0.0087112645 -7.4348907 7.272739e-43 
1.46 0.055883095 -0.39419591 1.0862421e-07 0.0088405982 -7.4488916 7.272739e-43 
1.47 0.056405693 -0.38681003 1.1374717e-07 0.0089713447 -7.4628639 7.272739e-43 
1.48 0.056923151 -0.37953198 1.191052e-07 0.0091035087 -7.4768066 7.272739e-43 
1.49 0.057435654 -0.37236205 1.2470598e-07 0.0092370976 -7.4907198 7.3988559e-43 
1.5 0.057943393 -0.36530051 1.3053035e-07 0.0093721142 -7.5046029 7.3988559e-43 
1.51 0.058446534 -0.35834739 1.3663904e-07 0.009508566 -7.518456 7.3988559e-43 
1.52 0.058945261 -0.35150269 1.4304797e-07 0.0096464586 -7.5322785 7.3988559e-43 
1.53 0.05943973 -0.34476632 1.4971801e-07 0.0097857965 -7.5460711 7.3988559e-43 
1.54 0.059930112 -0.33813804 1.5668751e-07 0.0099265855 -7.5598316 7.3988559e-43 
1.55 0.060416561 -0.33161759 1.6400217e-07 0.010068832 -7.5735612 7.3988559e-43 
1.5599999 0.060899224 -0.32520458 1.7165776e-07 0.010212541 -7.5872598 7.5109598e-43 
1.5700001 0.061378252 -0.3188985 1.7964761e-07 0.010357717 -7.6009259 7.5109598e-43 
1.58 0.061853781 -0.31269887 1.8799248e-07 0.010504367 -7.6145606 7.5109598e-43 
1.59 0.062325951 -0.30660504 1.9668573e-07 0.010652494 -7.6281629 7.5109598e-43 
1.6 0.062794894 -0.30061638 2.0574917e-07 0.010802106 -7.6417327 7.5109598e-43 
1.61 0.063260734 -0.29473209 2.1523837e-07 0.010953208 -7.6552701 7.5109598e-43 
1.62 0.063723594 -0.28895146 2.2515815e-07 0.011105804 -7.6687746 7.6370766e-43 
1.63 0.0641836 -0.28327358 2.3551281e-07 0.011259899 -7.6822467 7.6370766e-43 
1.64 0.064640857 -0.27769765 2.4630597e-07 0.011415501 -7.6956854 7.6370766e-43 
1.65 0.065095477 -0.27222267 2.5754045e-07 0.011572614 -7.7090912 7.6370766e-43 
1.66 0.065547571 -0.26684767 2.6925014e-07 0.011731242 -7.7224627 7.6370766e-43 
1.67 0.065997235 -0.26157165 2.8147471e-07 0.011891391 -7.7358017 7.6370766e-43 
1.6799999 0.066444583 -0.25639358 2.9422864e-07 0.012053069 -7.7491064 7.7491805e-43 
1.6900001 0.066889681 -0.2513124 3.0756055e-07 0.012216276 -7.7623777 7.7491805e-43 
1.7 0.067332648 -0.24632698 3.2146178e-07 0.012381021 -7.7756152 7.7491805e-43 
1.71 0.067773558 -0.24143618 3.3592045e-07 0.012547309 -7.7888179 7.7491805e-43 
1.72 0.068212494 -0.23663892 3.5101931e-07 0.012715142 -7.8019872 7.7491805e-43 
1.73 0.068649553 -0.23193397 3.6675689e-07 0.012884529 -7.8151221 7.7491805e-43 
1.74 0.069084801 -0.22732015 3.831297e-07 0.013055474 -7.8282223 7.8612844e-43 
1.75 0.06951832 -0.22279629 4.0019867e-07 0.013227981 -7.8412886 7.8612844e-43 
1.76 0.069950178 -0.21836117 4.1796781e-07 0.013402056 -7.85432 7.8612844e-43 
1.77 0.070380449 -0.21401356 4.3650849e-07 0.013577704 -7.8673172 7.8612844e-43 
1.78 0.070809193 -0.20975223 4.558357e-07 0.013754929 -7.88028 7.8612844e-43 
1.79 0.071236491 -0.20557596 4.7596595e-07 0.013933737 -7.8932071 7.8612844e-43 
1.8 0.071662389 -0.20148347 4.9695075e-07 0.014114133 -7.9060998 7.9874012e-43 
1.8099999 0.07208696 -0.19747354 5.1878061e-07 0.014296122 -7.9189582 7.9874012e-43 
1.8200001 0.072510257 -0.19354492 5.4151144e-07 0.014479709 -7.9317813 7.9874012e-43 
1.83 0.072932348 -0.18969636 5.6517308e-07 0.014664897 -7.9445691 7.9874012e-43 
1.84 0.073353261 -0.1859266 5.8979901e-07 0.014851694 -7.9573226 7.9874012e-43 
1.85 0.073773071 -0.18223441 6.1542681e-07 0.015040102 -7.9700398 7.9874012e-43 
1.86 0.074191816 -0.17861855 6.4209905e-07 0.015230129 -7.9827232 8.0995051e-43 
1.87 0.074609555 -0.17507777 6.6986439e-07 0.015421777 -7.9953709 8.0995051e-43 
1.88 0.075026326 -0.17161083 6.9877854e-07 0.015615052 -8.0079832 8.0995051e-43 
1.89 0.075442173 -0.16821651 7.2886877e-07 0.015809959 -8.0205603 8.0995051e-43 
1.9 0.075857155 -0.1648936 7.6016511e-07 0.016006501 -8.033102 8.0995051e-43 
1.91 0.076271288 -0.16164088 7.9269972e-07 0.016204683 -8.0456085 8.0995051e-43 
1.92 0.076684639 -0.15845713 8.265086e-07 0.016404513 -8.0580797 8.211609e-43 
1.9299999 0.077097222 -0.15534119 8.6170616e-07 0.016605994 -8.0705156 8.211609e-43 
1.9400001 0.07750909 -0.15229185 8.9835163e-07 0.016809126 -8.0829163 8.211609e-43 
1.95 0.077920273 -0.14930794 9.3643723e-07 0.017013922 -8.0952816 8.211609e-43 
1.96 0.078330807 -0.14638832 9.7598706e-07 0.01722038 -8.1076117 8.211609e-43 
1.97 0.078740731 -0.1435318 1.0171027e-06 0.017428506 -8.1199055 8.3377259e-43 
1.98 0.079150073 -0.14073727 1.0598642e-06 0.017638307 -8.132165 8.3377259e-43 
1.99 0.079558857 -0.13800359 1.1042862e-06 0.017849786 -8.1443882 8.3377259e-43 
2 0.079967126 -0.13532966 1.15046e-06 0.018062945 -8.1565762 8.3377259e-43 
2.01 0.080374904 -0.13271438 1.1984513e-06 0.018277794 -8.1687279 8.3377259e-43 
2.02 0.080782212 -0.13015664 1.2482959e-06 0.018494332 -8.1808453 8.3377259e-43 
2.03 0.081189089 -0.1276554 1.3000708e-06 0.018712565 -8.1929264 8.4498297e-43 
2.04 0.081595547 -0.12520958 1.3538246e-06 0.018932499 -8.2049732 8.4498297e-43 
2.05 0.082001634 -0.12281814 1.4096497e-06 0.019154137 -8.2169838 8.4498297e-43 
2.0599999 0.08240734 -0.12048006 1.4676525e-06 0.019377483 -8.2289581 8.4498297e-43 
2.0699999 0.082812719 -0.1181943 1.5278752e-06 0.019602543 -8.2408981 8.4498297e-43 
2.0799999 0.083217785 -0.1159599 1.5903624e-06 0.01982932 -8.2528019 8.4498297e-43 
2.0899999 0.083622552 -0.11377583 1.6552432e-06 0.020057818 -8.2646704 8.5759466e-43 
2.0999999 0.084027044 -0.11164115 1.722585e-06 0.020288041 -8.2765036 8.5759466e-43 
2.1099999 0.084431291 -0.10955489 1.7925042e-06 0.020519996 -8.2883015 8.5759466e-43 
2.1199999 0.084835298 -0.1075161 1.8650924e-06 0.020753684 -8.3000631 8.5759466e-43 
2.1300001 0.085239105 -0.10552386 1.9404122e-06 0.020989109 -8.3117895 8.5759466e-43 
2.1400001 0.085642718 -0.10357726 2.0185728e-06 0.021226278 -8.3234816 8.6880505e-43 
2.1500001 0.086046144 -0.10167542 2.0996574e-06 0.02146519 -8.3351374 8.6880505e-43 
2.1600001 0.086449422 -0.099817425 2.1837993e-06 0.021705857 -8.3467579 8.6880505e-43 
2.1700001 0.086852551 -0.098002434 2.2710678e-06 0.021948276 -8.3583422 8.6880505e-43 
2.1800001 0.08725556 -0.096229583 2.361538e-06 0.022192452 -8.3698921 8.6880505e-43 
2.1900001 0.08765845 -0.094498031 2.4553772e-06 0.022438392 -8.3814058 8.8001544e-43 
2.2 0.088061258 -0.092806958 2.5526922e-06 0.022686098 -8.3928852 8.8001544e-43 
2.21 0.088463984 -0.091155559 2.6536031e-06 0.022935575 -8.4043283 8.8001544e-43 
2.22 0.088866651 -0.08954303 2.7582018e-06 0.023186825 -8.4157362 8.8001544e-43 
2.23 0.089269266 -0.087968595 2.86659e-06 0.023439856 -8.4271097 8.8001544e-43 
2.24 0.089671835 -0.086431488 2.9789667e-06 0.023694666 -8.438446 8.8001544e-43 
2.25 0.09007439 -0.084930956 3.0954741e-06 0.023951264 -8.449749 8.9262712e-43 
2.26 0.09047693 -0.083466269 3.2162291e-06 0.02420965 -8.4610157 8.9262712e-43 
2.27 0.09087947 -0.082036689 3.3413173e-06 0.024469828 -8.4722471 8.9262712e-43 
2.28 0.091282025 -0.080641516 3.4708753e-06 0.024731806 -8.4834433 8.9262712e-43 
2.29 0.091684617 -0.079280041 3.6051445e-06 0.024995582 -8.4946051 8.9262712e-43 
2.3 0.092087232 -0.077951595 3.744314e-06 0.025261164 -8.5057316 9.0383751e-43 
2.3099999 0.092489906 -0.076655485 3.888465e-06 0.025528554 -8.5168219 9.0383751e-43 
2.3199999 0.092892632 -0.075391077 4.0377267e-06 0.025797756 -8.5278778 9.0383751e-43 
2.3299999 0.093295433 -0.0741577 4.1922885e-06 0.026068771 -8.5388985 9.0383751e-43 
2.3399999 0.093698315 -0.072954744 4.3523632e-06 0.02634161 -8.5498838 9.0383751e-43 
2.3499999 0.094101287 -0.071781583 4.5181023e-06 0.026616266 -8.5608339 9.164492e-43 
2.3599999 0.094504356 -0.070637606 4.6896739e-06 0.026892751 -8.5717487 9.164492e-43 
2.3699999 0.094907537 -0.069522209 4.867311e-06 0.027171064 -8.5826302 9.164492e-43 
2.3800001 0.095310837 -0.068434827 5.0511871e-06 0.027451212 -8.5934744 9.164492e-43 
2.3900001 0.095714264 -0.06737487 5.2414948e-06 0.027733194 -8.6042852 9.164492e-43 
2.4000001 0.096117832 -0.066341788 5.4384491e-06 0.028017018 -8.6150599 9.2765958e-43 
2.4100001 0.096521541 -0.065335028 5.6422464e-06 0.028302683 -8.6258011 9.2765958e-43 
2.4200001 0.096925408 -0.064354055 5.853105e-06 0.028590199 -8.6365061 9.2765958e-43 
2.4300001 0.09732943 -0.063398339 6.071316e-06 0.028879561 -8.6471758 9.2765958e-43 
2.4400001 0.097733632 -0.062467366 6.2971189e-06 0.029170778 -8.6578121 9.2765958e-43 
2.45 0.098138005 -0.061560635 6.5306367e-06 0.02946385 -8.6684122 9.3886997e-43 
2.46 0.098542571 -0.06067764 6.7721458e-06 0.029758783 -8.678978 9.3886997e-43 
2.47 0.098947324 -0.05981791 7.0219544e-06 0.030055579 -8.6895094 9.3886997e-43 
2.48 0.099352285 -0.05898096 7.2803196e-06 0.030354241 -8.7000055 9.3886997e-43 
2.49 0.099757448 -0.058166336 7.5474777e-06 0.030654773 -8.7104664 9.3886997e-43 
2.5 0.10016283 -0.057373583 7.8237426e-06 0.030957177 -8.7208939 9.5148166e-43 
2.51 0.10056843 -0.056602251 8.1094195e-06 0.031261459 -8.7312851 9.5148166e-43 
2.52 0.10097426 -0.055851907 8.4047024e-06 0.031567618 -8.741643 9.5148166e-43 
2.53 0.10138033 -0.055122126 8.7099534e-06 0.031875663 -8.7519655 9.5148166e-43 
2.54 0.10178664 -0.054412492 9.0254798e-06 0.032185588 -8.7622538 9.5148166e-43 
2.55 0.10219318 -0.053722598 9.35158e-06 0.032497406 -8.7725077 9.6269204e-43 
2.5599999 0.1026 -0.053052045 9.6885342e-06 0.032811113 -8.7827253 9.6269204e-43 
2.5699999 0.10300708 -0.052400444 1.0036755e-05 0.033126712 -8.7929106 9.6269204e-43 
2.5799999 0.10341442 -0.051767416 1.0396608e-05 0.033444211 -8.8030596 9.6269204e-43 
2.5899999 0.10382203 -0.051152583 1.0768304e-05 0.03376361 -8.8131742 9.6269204e-43 
2.5999999 0.10422992 -0.050555583 1.1152268e-05 0.034084916 -8.8232555 9.7390243e-43 
2.6099999 0.10463811 -0.049976058 1.1548883e-05 0.034408122 -8.8333025 9.7390243e-43 
2.6199999 0.10504657 -0.049413662 1.1958576e-05 0.034733243 -8.8433132 9.7390243e-43 
2.6300001 0.10545533 -0.048868053 1.2381776e-05 0.035060268 -8.8532906 9.7390243e-43 
2.6400001 0.1058644 -0.048338898 1.2818814e-05 0.035389215 -8.8632336 9.7390243e-43 
2.6500001 0.10627378 -0.047825869 1.3270103e-05 0.035720076 -8.8731413 9.8651412e-43 
2.6600001 0.10668346 -0.047328647 1.3736109e-05 0.03605286 -8.8830166 9.8651412e-43 
2.6700001 0.10709346 -0.046846926 1.4217247e-05 0.03638757 -8.8928556 9.8651412e-43 
2.6800001 0.10750379 -0.046380397 1.471393e-05 0.036724199 -8.9026613 9.8651412e-43 
2.6900001 0.10791444 -0.045928761 1.5226669e-05 0.03706276 -8.9124327 9.8651412e-43 
2.7 0.10832542 -0.045491733 1.5755933e-05 0.037403252 -8.9221697 9.9772451e-43 
2.71 0.10873675 -0.045069024 1.6302143e-05 0.037745677 -8.9318724 9.9772451e-43 
2.72 0.10914842 -0.04466036 1.6865866e-05 0.038090043 -8.9415407 9.9772451e-43 
2.73 0.10956043 -0.04426546 1.7447634e-05 0.038436346 -8.9511757 9.9772451e-43 
2.74 0.1099728 -0.043884072 1.8047889e-05 0.038784593 -8.9607754 9.9772451e-43 
2.75 0.11038552 -0.043515928 1.8667217e-05 0.039134782 -8.9703407 1.0103362e-42 
2.76 0.11079861 -0.043160785 1.9306228e-05 0.039486919 -8.9798737 1.0103362e-42 
2.77 0.11121206 -0.042818382 1.9965444e-05 0.039841007 -8.9893713 1.0103362e-42 
2.78 0.11162588 -0.042488486 2.0645388e-05 0.040197045 -8.9988346 1.0103362e-42 
2.79 0.11204008 -0.042170856 2.1346692e-05 0.040555038 -9.0082645 1.0215466e-42 
2.8 0.11245466 -0.041865271 2.2070019e-05 0.040914994 -9.0176601 1.0215466e-42 
2.8099999 0.11286961 -0.041571494 2.2815986e-05 0.041276906 -9.0270224 1.0215466e-42 
2.8199999 0.11328497 -0.041289315 2.3585188e-05 0.041640781 -9.0363493 1.0215466e-42 
2.8299999 0.11370071 -0.041018512 2.4378272e-05 0.042006619 -9.0456429 1.0215466e-42 
2.8399999 0.11411685 -0.040758882 2.5196021e-05 0.042374428 -9.054903 1.032757e-42 
2.8499999 0.1145334 -0.040510215 2.6039088e-05 0.042744204 -9.0641289 1.032757e-42 
2.8599999 0.11495034 -0.040272314 2.6908203e-05 0.043115955 -9.0733204 1.032757e-42 
2.8699999 0.1153677 -0.040044982 2.7804062e-05 0.04348968 -9.0824785 1.032757e-42 
2.8800001 0.11578548 -0.039828029 2.8727391e-05 0.043865383 -9.0916033 1.0453687e-42 
2.8900001 0.11620366 -0.039621271 2.9678931e-05 0.044243064 -9.1006927 1.0453687e-42 
2.9000001 0.11662228 -0.039424524 3.0659514e-05 0.044622723 -9.1097498 1.0453687e-42 
2.9100001 0.11704131 -0.039237611 3.1670002e-05 0.045004372 -9.1187725 1.0453687e-42 
2.9200001 0.11746078 -0.039060362 3.2711199e-05 0.045388002 -9.1277609 1.0453687e-42 
2.9300001 0.11788068 -0.038892604 3.3783941e-05 0.045773625 -9.1367159 1.056579e-42 
2.9400001 0.11830102 -0.038734175 3.4889086e-05 0.046161238 -9.1456385 1.056579e-42 
2.95 0.11872181 -0.038584918 3.6027552e-05 0.046550844 -9.1545258 1.056579e-42 
2.96 0.11914303 -0.038444672 3.720028e-05 0.046942443 -9.1633797 1.056579e-42 
2.97 0.1195647 -0.038313281 3.8408169e-05 0.047336042 -9.1722002 1.0677894e-42 
2.98 0.11998683 -0.0381906 3.9652143e-05 0.047731638 -9.1809874 1.0677894e-42 
2.99 0.12040941 -0.038076483 4.0933293e-05 0.048129238 -9.1897402 1.0677894e-42 
3 0.12083247 -0.037970793 4.2252595e-05 0.048528843 -9.1984596 1.0677894e-42 
3.01 0.12125597 -0.03787338 4.3611031e-05 0.048930451 -9.2071457 1.0677894e-42 
3.02 0.12167995 -0.037784114 4.5009616e-05 0.049334072 -9.2157974 1.0804011e-42 
3.03 0.1221044 -0.037702866 4.6449481e-05 0.049739696 -9.2244167 1.0804011e-42 
3.04 0.12252933 -0.037629511 4.7931764e-05 0.050147336 -9.2330017 1.0804011e-42 
3.05 0.12295473 -0.037563916 4.945762e-05 0.050556995 -9.2415533 1.0804011e-42 
3.0599999 0.12338062 -0.037505958 5.102815e-05 0.050968669 -9.2500725 1.0916115e-42 
3.0699999 0.12380699 -0.037455529 5.2644504e-05 0.051382355 -9.2585564 1.0916115e-42 
3.0799999 0.12423386 -0.037412502 5.4307977e-05 0.051798068 -9.2670078 1.0916115e-42 
3.0899999 0.12466121 -0.037376769 5.601981e-05 0.052215803 -9.275425 1.0916115e-42 
3.0999999 0.12508906 -0.037348222 5.7781268e-05 0.052635562 -9.2838097 1.1042232e-42 
3.1099999 0.12551741 -0.037326749 5.959364e-05 0.053057343 -9.292161 1.1042232e-42 
3.1199999 0.12594628 -0.037312243 6.1458275e-05 0.053481158 -9.3004789 1.1042232e-42 
3.1300001 0.12637563 -0.03730461 6.3376581e-05 0.053907003 -9.3087626 1.1042232e-42 
3.1400001 0.12680551 -0.037303746 6.5349894e-05 0.054334879 -9.3170137 1.1042232e-42 
3.1500001 0.1272359 -0.037309553 6.7379668e-05 0.054764792 -9.3252306 1.1154336e-42 
3.1600001 0.1276668 -0.037321944 6.9467445e-05 0.05519674 -9.3334141 1.1154336e-42 
3.1700001 0.12809823 -0.03734082 7.1614675e-05 0.055630725 -9.3415651 1.1154336e-42 
3.1800001 0.12853019 -0.0373661 7.3822863e-05 0.056066751 -9.3496828 1.1154336e-42 
3.1900001 0.12896267 -0.037397686 7.6093595e-05 0.05650482 -9.3577671 1.126644e-42 
3.2 0.12939568 -0.037435498 7.8428515e-05 0.056944933 -9.365818 1.126644e-42 
3.21 0.12982923 -0.037479457 8.0829253e-05 0.057387091 -9.3738356 1.126644e-42 
3.22 0.13026331 -0.037529476 8.329744e-05 0.057831299 -9.3818197 1.126644e-42 
3.23 0.13069794 -0.037585486 8.5834836e-05 0.058277555 -9.3897705 1.1392557e-42 
3.24 0.13113309 -0.037647411 8.8443252e-05 0.05872586 -9.3976879 1.1392557e-42 
3.25 0.13156882 -0.037715171 9.1124428e-05 0.059176221 -9.4055738 1.1392557e-42 
3.26 0.13200508 -0.037788693 9.3880146e-05 0.059628632 -9.4134245 1.1392557e-42 
3.27 0.13244191 -0.037867911 9.6712327e-05 0.060083102 -9.4212427 1.150466e-42 
3.28 0.13287929 -0.037952762 9.9622885e-05 0.060539633 -9.4290276 1.150466e-42 
3.29 0.13331722 -0.038043171 0.00010261372 0.06099822 -9.436779 1.150466e-42 
3.3 0.13375573 -0.038139082 0.00010568694 0.061458874 -9.444499 1.150466e-42 
3.3099999 0.13419481 -0.038240425 0.00010884474 0.061921589 -9.4521847 1.1616764e-42 
3.3199999 0.13463444 -0.038347144 0.00011208907 0.062386367 -9.459836 1.1616764e-42 
3.3299999 0.13507468 -0.038459186 0.00011542203 0.062853217 -9.4674559 1.1616764e-42 
3.3399999 0.13551547 -0.038576484 0.0001188458 0.063322127 -9.4750423 1.1616764e-42 
3.3499999 0.13595682 -0.038698986 0.00012236259 0.063793115 -9.4825954 1.1742881e-42 
3.3599999 0.13639879 -0.038826641 0.00012597477 0.064266175 -9.4901152 1.1742881e-42 
3.3699999 0.13684133 -0.038959395 0.00012968465 0.064741306 -9.4976034 1.1742881e-42 
3.3800001 0.13728446 -0.039097197 0.00013349469 0.065218516 -9.5050573 1.1742881e-42 
3.3900001 0.1377282 -0.039240003 0.00013740733 0.065697797 -9.5124779 1.1854985e-42 
3.4000001 0.13817252 -0.039387759 0.00014142493 0.066179164 -9.519866 1.1854985e-42 
3.4100001 0.13861744 -0.039540421 0.00014555012 0.066662602 -9.5272198 1.1854985e-42 
3.4200001 0.13906297 -0.039697941 0.00014978545 0.067148127 -9.5345421 1.1854985e-42 
3.4300001 0.1395091 -0.03986029 0.0001541336 0.067635737 -9.541831 1.1981102e-42 
3.4400001 0.13995583 -0.04002741 0.00015859734 0.068125434 -9.5490875 1.1981102e-42 
3.45 0.1404032 -0.040199265 0.0001631794 0.068617217 -9.5563097 1.1981102e-42 
3.46 0.14085115 -0.040375825 0.00016788261 0.069111079 -9.5634995 1.1981102e-42 
3.47 0.14129974 -0.040557038 0.00017270986 0.069607042 -9.5706568 1.2093206e-42 
3.48 0.14174893 -0.040742878 0.00017766411 0.070105091 -9.5777807 1.2093206e-42 
3.49 0.14219877 -0.040933304 0.00018274836 0.070605233 -9.5848722 1.2093206e-42 
3.5 0.14264923 -0.041128285 0.00018796571 0.071107477 -9.5919304 1.2093206e-42 
3.51 0.14310032 -0.041327789 0.00019331924 0.071611807 -9.5989542 1.220531e-42 
3.52 0.14355204 -0.041531779 0.00019881209 0.072118238 -9.6059475 1.220531e-42 
3.53 0.14400439 -0.041740231 0.00020444767 0.072626762 -9.6129065 1.220531e-42 
3.54 0.14445738 -0.041953113 0.00021022932 0.073137403 -9.619833 1.220531e-42 
3.55 0.14491104 -0.042170394 0.00021616042 0.073650137 -9.6267271 1.2331426e-42 
3.5599999 0.14536533 -0.042392049 0.00022224436 0.074164964 -9.6335869 1.2331426e-42 
3.5699999 0.14582026 -0.042618055 0.00022848471 0.074681908 -9.6404142 1.2331426e-42 
3.5799999 0.14627585 -0.042848378 0.00023488511 0.075200953 -9.6472092 1.2331426e-42 
3.5899999 0.14673208 -0.043083005 0.00024144926 0.075722113 -9.6539707 1.244353e-42 
3.5999999 0.14718899 -0.043321904 0.00024818102 0.076245375 -9.6606998 1.244353e-42 
3.6099999 0.14764655 -0.043565057 0.00025508419 0.07677076 -9.6673965 1.244353e-42 
3.6199999 0.14810477 -0.043812439 0.00026216262 0.077298246 -9.6740589 1.2555634e-42 
3.6300001 0.14856367 -0.044064034 0.00026942042 0.077827841 -9.6806889 1.2555634e-42 
3.6400001 0.14902323 -0.04431982 0.00027686154 0.078359567 -9.6872873 1.2555634e-42 
3.6500001 0.14948346 -0.044579782 0.00028449015 0.078893408 -9.6938505 1.2555634e-42 
3.6600001 0.14994438 -0.044843897 0.00029231058 0.079429351 -9.7003832 1.2681751e-42 
3.6700001 0.15040597 -0.045112152 0.00030032697 0.079967424 -9.7068825 1.2681751e-42 
3.6800001 0.15086825 -0.045384526 0.00030854391 0.080507621 -9.7133484 1.2681751e-42 
3.6900001 0.15133122 -0.04566101 0.00031696586 0.081049941 -9.7197809 1.2681751e-42 
3.7 0.15179487 -0.045941584 0.00032559747 0.081594378 -9.726182 1.2793855e-42 
3.71 0.1522592 -0.046226241 0.00033444338 0.082140945 -9.7325487 1.2793855e-42 
3.72 0.15272424 -0.046514966 0.00034350835 0.082689635 -9.738883 1.2793855e-42 
3.73 0.15318996 -0.04680774 0.00035279716 0.083240457 -9.7451859 1.2793855e-42 
3.74 0.15365641 -0.047104564 0.00036231481 0.083793402 -9.7514534 1.2919972e-42 
3.75 0.15412354 -0.047405414 0.00037206634 0.084348485 -9.7576904 1.2919972e-42 
3.76 0.15459138 -0.047710288 0.00038205701 0.084905691 -9.7638931 1.2919972e-42 
3.77 0.15505993 -0.048019178 0.00039229196 0.085465044 -9.7700634 1.3032076e-42 
3.78 0.1555292 -0.048332069 0.00040277652 0.08602652 -9.7762003 1.3032076e-42 
3.79 0.15599918 -0.048648961 0.00041351619 0.086590141 -9.7823057 1.3032076e-42 
3.8 0.15646987 -0.048969842 0.00042451659 0.087155886 -9.7883778 1.3032076e-42 
3.8099999 0.15694129 -0.049294706 0.00043578324 0.087723777 -9.7944164 1.314418e-42 
3.8199999 0.15741344 -0.049623549 0.00044732192 0.088293821 -9.8004227 1.314418e-42 
3.8299999 0.15788631 -0.049956366 0.00045913857 0.088865988 -9.8063955 1.314418e-42 
3.8399999 0.15835992 -0.050293151 0.00047123918 0.089440309 -9.8123369 1.3270296e-42 
3.8499999 0.15883423 -0.050633896 0.00048362988 0.090016767 -9.818244 1.3270296e-42 
3.8599999 0.15930931 -0.050978605 0.00049631682 0.090595372 -9.8241196 1.3270296e-42 
3.8699999 0.15978512 -0.05132727 0.00050930638 0.091176137 -9.8299608 1.3270296e-42 
3.8800001 0.16026169 -0.051679894 0.00052260503 0.091759034 -9.8357697 1.33824e-42 
3.8900001 0.16073897 -0.052036468 0.0005362191 0.092344083 -9.841547 1.33824e-42 
3.9000001 0.16121702 -0.052396998 0.00055015541 0.092931286 -9.84729 1.33824e-42 
3.9100001 0.16169582 -0.052761476 0.00056442077 0.093520641 -9.8530006 1.3508517e-42 
3.9200001 0.16217537 -0.053129911 0.0005790221 0.09411215 -9.8586779 1.3508517e-42 
3.9300001 0.16265567 -0.053502299 0.00059396657 0.094705813 -9.8643236 1.3508517e-42 
3.9400001 0.16313674 -0.053878639 0.00060926122 0.095301628 -9.869935 1.3508517e-42 
3.95 0.16361858 -0.054258935 0.00062491343 0.095899612 -9.875515 1.3620621e-42 
3.96 0.16410117 -0.054643184 0.00064093072 0.096499741 -9.8810606 1.3620621e-42 
3.97 0.16458453 -0.055031396 0.0006573206 0.097102031 -9.8865738 1.3620621e-42 
3.98 0.16506869 -0.055423573 0.00067409076 0.097706489 -9.8920546 1.3732725e-42 
3.99 0.16555358 -0.055819713 0.00069124892 0.098313108 -9.8975019 1.3732725e-42 
4 0.16603927 -0.056219824 0.0007088033 0.098921888 -9.9029169 1.3732725e-42 
4.0100002 0.16652575 -0.05662391 0.00072676199 0.099532835 -9.9082985 1.3732725e-42 
4.02 0.16701302 -0.057031978 0.00074513321 0.10014595 -9.9136477 1.3858842e-42 
4.0300002 0.16750105 -0.057444029 0.00076392549 0.10076123 -9.9189634 1.3858842e-42 
4.04 0.16798988 -0.057860065 0.00078314735 0.10137868 -9.9242468 1.3858842e-42 
4.0500002 0.1684795 -0.058280107 0.00080280751 0.1019983 -9.9294968 1.3970946e-42 
4.0599999 0.16896993 -0.058704149 0.00082291482 0.10262009 -9.9347143 1.3970946e-42 
4.0700002 0.16946115 -0.059132196 0.00084347831 0.10324404 -9.9398994 1.3970946e-42 
4.0799999 0.16995317 -0.059564263 0.00086450716 0.10387019 -9.9450493 1.408305e-42 
4.0900002 0.17044599 -0.060000356 0.00088601082 0.10449849 -9.9501686 1.408305e-42 
4.0999999 0.17093962 -0.060440484 0.00090799888 0.10512898 -9.9552546 1.408305e-42 
4.1100001 0.17143406 -0.060884655 0.00093048078 0.10576165 -9.9603062 1.408305e-42 
4.1199999 0.17192931 -0.06133287 0.00095346646 0.10639649 -9.9653263 1.4209166e-42 
4.1300001 0.17242539 -0.061785154 0.00097696611 0.10703352 -9.9703131 1.4209166e-42 
4.1399999 0.17292228 -0.062241506 0.0010009897 0.10767273 -9.9752665 1.4209166e-42 
4.1500001 0.17341998 -0.062701941 0.0010255476 0.10831412 -9.9801865 1.432127e-42 
4.1599998 0.17391853 -0.063166454 0.0010506504 0.10895769 -9.985075 1.432127e-42 
4.1700001 0.1744179 -0.063635081 0.0010763088 0.10960344 -9.9899292 1.432127e-42 
4.1799998 0.1749181 -0.06410782 0.0011025335 0.11025139 -9.994751 1.4447387e-42 
4.1900001 0.17541912 -0.06458468 0.0011293358 0.11090152 -9.9995394 1.4447387e-42 
4.1999998 0.17592098 -0.065065674 0.001156727 0.11155383 -10.004295 1.4447387e-42 
4.21 0.1764237 -0.065550819 0.0011847186 0.11220834 -10.009018 1.4447387e-42 
4.2199998 0.17692724 -0.066040128 0.0012133219 0.11286505 -10.013707 1.4559491e-42 
4.23 0.17743164 -0.066533603 0.001242549 0.11352394 -10.018363 1.4559491e-42 
4.2399998 0.17793688 -0.067031272 0.0012724118 0.11418502 -10.022986 1.4559491e-42 
4.25 0.17844298 -0.067533135 0.0013029226 0.1148483 -10.027577 1.4671595e-42 
4.2600002 0.17894994 -0.068039224 0.0013340936 0.11551378 -10.032135 1.4671595e-42 
4.27 0.17945774 -0.068549529 0.0013659376 0.11618145 -10.036658 1.4671595e-42 
4.2800002 0.17996641 -0.069064081 0.0013984676 0.11685132 -10.041148 1.4797712e-42 
4.29 0.18047594 -0.069582894 0.0014316963 0.11752339 -10.045608 1.4797712e-42 
4.3000002 0.18098634 -0.070105985 0.0014656371 0.11819766 -10.050032 1.4797712e-42 
4.3099999 0.1814976 -0.070633359 0.0015003037 0.11887414 -10.054422 1.4909816e-42 
4.3200002 0.18200973 -0.071165033 0.0015357095 0.11955282 -10.058781 1.4909816e-42 
4.3299999 0.18252274 -0.071701027 0.0015718684 0.1202337 -10.063106 1.4909816e-42 
4.3400002 0.18303666 -0.072241358 0.0016087947 0.12091679 -10.067397 1.502192e-42 
4.3499999 0.18355142 -0.072786048 0.0016465026 0.12160208 -10.071656 1.502192e-42 
4.3600001 0.18406709 -0.073335104 0.0016850065 0.12228958 -10.075882 1.502192e-42 
4.3699999 0.18458362 -0.073888548 0.0017243215 0.1229793 -10.080074 1.502192e-42 
4.3800001 0.18510106 -0.074446388 0.0017644627 0.12367122 -10.084233 1.5148036e-42 
4.3899999 0.18561938 -0.075008653 0.0018054452 0.12436536 -10.088358 1.5148036e-42 
4.4000001 0.1861386 -0.075575367 0.0018472844 0.12506171 -10.092451 1.5148036e-42 
4.4099998 0.18665873 -0.076146528 0.0018899961 0.12576027 -10.09651 1.526014e-42 
4.4200001 0.18717976 -0.076722167 0.0019335964 0.12646104 -10.100535 1.526014e-42 
4.4299998 0.18770169 -0.077302307 0.0019781017 0.12716404 -10.104527 1.526014e-42 
4.4400001 0.18822451 -0.077886954 0.0020235281 0.12786925 -10.108486 1.5386257e-42 
4.4499998 0.18874826 -0.078476138 0.0020698928 0.12857668 -10.112412 1.5386257e-42 
4.46 0.18927293 -0.079069875 0.0021172126 0.12928632 -10.116305 1.5386257e-42 
4.4699998 0.18979849 -0.079668187 0.0021655045 0.12999819 -10.120163 1.5498361e-42 
4.48 0.19032499 -0.080271088 0.0022147864 0.13071229 -10.123988 1.5498361e-42 
4.4899998 0.1908524 -0.0808786 0.0022650762 0.1314286 -10.127781 1.5498361e-42 
4.5 0.19138074 -0.081490748 0.0023163913 0.13214715 -10.131539 1.5610465e-42 
4.5100002 0.19191003 -0.082107551 0.002368751 0.1328679 -10.135263 1.5610465e-42 
4.52 0.19244023 -0.082729027 0.002422173 0.13359091 -10.138955 1.5610465e-42 
4.5300002 0.19297135 -0.083355203 0.0024766768 0.13431613 -10.142613 1.5736582e-42 
4.54 0.19350342 -0.083986089 0.0025322817 0.13504358 -10.146238 1.5736582e-42 
4.5500002 0.19403644 -0.08462172 0.0025890067 0.13577327 -10.149829 1.5736582e-42 
4.5599999 0.19457039 -0.085262112 0.0026468718 0.13650517 -10.153387 1.5848686e-42 
4.5700002 0.1951053 -0.08590728 0.0027058967 0.13723932 -10.156911 1.5848686e-42 
4.5799999 0.19564115 -0.086557254 0.0027661023 0.13797571 -10.160401 1.5848686e-42 
4.5900002 0.19617794 -0.087212071 0.0028275091 0.13871433 -10.163857 1.596079e-42 
4.5999999 0.19671571 -0.087871723 0.0028901377 0.13945517 -10.167281 1.596079e-42 
4.6100001 0.19725442 -0.088536255 0.0029540095 0.14019828 -10.17067 1.596079e-42 
4.6199999 0.19779409 -0.089205682 0.0030191462 0.14094359 -10.174026 1.6086906e-42 
4.6300001 0.19833474 -0.089880042 0.0030855697 0.14169116 -10.177347 1.6086906e-42 
4.6399999 0.19887632 -0.090559334 0.0031533018 0.14244099 -10.180635 1.6086906e-42 
4.6500001 0.1994189 -0.091243595 0.0032223654 0.14319304 -10.183889 1.619901e-42 
4.6599998 0.19996245 -0.091932856 0.0032927834 0.14394733 -10.187111 1.619901e-42 
4.6700001 0.20050699 -0.09262713 0.0033645786 0.14470387 -10.190298 1.6325127e-42 
4.6799998 0.20105247 -0.093326442 0.0034377747 0.14546266 -10.193451 1.6325127e-42 
4.6900001 0.20159894 -0.094030827 0.0035123955 0.14622369 -10.19657 1.6325127e-42 
4.6999998 0.20214641 -0.094740294 0.0035884653 0.14698698 -10.199656 1.6437231e-42 
4.71 0.20269486 -0.095454887 0.0036660081 0.14775249 -10.202706 1.6437231e-42 
4.7199998 0.2032443 -0.09617462 0.0037450492 0.14852028 -10.205724 1.6437231e-42 
4.73 0.20379473 -0.096899517 0.003825614 0.14929031 -10.208709 1.6549335e-42 
4.7399998 0.20434617 -0.097629607 0.0039077275 0.15006261 -10.211658 1.6549335e-42 
4.75 0.2048986 -0.098364927 0.0039914157 0.15083712 -10.214573 1.6549335e-42 
4.7600002 0.20545202 -0.099105485 0.0040767053 0.15161394 -10.217455 1.6675452e-42 
4.77 0.20600645 -0.09985131 0.0041636224 0.15239297 -10.220304 1.6675452e-42 
4.7800002 0.20656189 -0.10060244 0.0042521944 0.15317428 -10.223117 1.6675452e-42 
4.79 0.20711835 -0.10135889 0.0043424484 0.15395784 -10.225896 1.6787556e-42 
4.8000002 0.2076758 -0.1021207 0.0044344123 0.15474366 -10.228642 1.6787556e-42 
4.8099999 0.2082343 -0.10288788 0.0045281141 0.15553173 -10.231353 1.6787556e-42 
4.8200002 0.20879379 -0.10366048 0.0046235821 0.15632208 -10.234031 1.6899659e-42 
4.8299999 0.2093543 -0.1044385 0.0047208453 0.15711467 -10.236673 1.6899659e-42 
4.8400002 0.20991585 -0.10522199 0.0048199333 0.15790956 -10.239282 1.7025776e-42 
4.8499999 0.21047841 -0.10601097 0.0049208752 0.15870668 -10.241857 1.7025776e-42 
4.8600001 0.21104203 -0.10680547 0.005023702 0.15950607 -10.244398 1.7025776e-42 
4.8699999 0.21160667 -0.10760551 0.0051284437 0.16030774 -10.246903 1.713788e-42 
4.8800001 0.21217233 -0.10841113 0.0052351304 0.16111167 -10.249375 1.713788e-42 
4.8899999 0.21273905 -0.10922235 0.0053437944 0.16191787 -10.251813 1.713788e-42 
4.9000001 0.2133068 -0.1100392 0.0054544667 0.16272633 -10.254216 1.7263997e-42 
4.9099998 0.21387561 -0.11086173 0.0055671795 0.16353707 -10.256585 1.7263997e-42 
4.9200001 0.21444546 -0.11168994 0.005681966 0.16435009 -10.258919 1.7263997e-42 
4.9299998 0.21501635 -0.11252387 0.0057988586 0.16516536 -10.261219 1.7376101e-42 
4.9400001 0.2155883 -0.11336356 0.0059178909 0.16598293 -10.263485 1.7376101e-42 
4.9499998 0.2161613 -0.11420902 0.0060390965 0.16680275 -10.265716 1.7488205e-42 
4.96 0.21673536 -0.11506028 0.0061625098 0.16762486 -10.267912 1.7488205e-42 
4.9699998 0.21731049 -0.11591739 0.0062881657 0.16844925 -10.270074 1.7488205e-42 
4.98 0.2178867 -0.11678038 0.0064160982 0.16927589 -10.272201 1.7614322e-42 
4.9899998 0.21846396 -0.11764926 0.0065463451 0.17010485 -10.274294 1.7614322e-42 
5 0.21904229 -0.11852407 0.0066789407 0.17093606 -10.276352 1.7614322e-42 
5.0100002 0.21962169 -0.11940485 0.0068139215 0.17176956 -10.278376 1.7726426e-42 
5.02 0.22020219 -0.12029162 0.0069513251 0.17260534 -10.280364 1.7726426e-42 
5.0300002 0.22078374 -0.12118442 0.0070911888 0.17344341 -10.282317 1.7852542e-42 
5.04 0.22136639 -0.12208328 0.0072335512 0.17428374 -10.284237 1.7852542e-42 
5.0500002 0.22195011 -0.12298822 0.0073784492 0.17512637 -10.286122 1.7852542e-42 
5.0599999 0.22253494 -0.12389928 0.0075259227 0.1759713 -10.287971 1.7964646e-42 
5.0700002 0.22312084 -0.12481649 0.0076760105 0.1768185 -10.289785 1.7964646e-42 
5.0799999 0.22370784 -0.12573989 0.0078287534 0.17766798 -10.291565 1.7964646e-42 
5.0900002 0.22429593 -0.1266695 0.0079841902 0.17851976 -10.29331 1.807675e-42 
5.0999999 0.22488514 -0.12760535 0.0081423633 0.17937382 -10.29502 1.807675e-42 
5.1100001 0.22547543 -0.1285475 0.0083033126 0.18023017 -10.296695 1.8202867e-42 
5.1199999 0.22606683 -0.12949596 0.0084670819 0.18108881 -10.298335 1.8202867e-42 
5.1300001 0.22665934 -0.13045076 0.0086337104 0.18194975 -10.29994 1.8202867e-42 
5.1399999 0.22725295 -0.13141194 0.0088032447 0.18281297 -10.30151 1.8314971e-42 
5.1500001 0.2278477 -0.13237952 0.0089757256 0.18367848 -10.303044 1.8314971e-42 
5.1599998 0.22844353 -0.13335356 0.009151197 0.18454629 -10.304543 1.8427075e-42 
5.1700001 0.2290405 -0.13433409 0.0093297046 0.1854164 -10.306008 1.8427075e-42 
5.1799998 0.22963859 -0.13532113 0.0095112929 0.1862888 -10.307437 1.8427075e-42 
5.1900001 0.2302378 -0.13631469 0.0096960077 0.1871635 -10.308831 1.8553192e-42 
5.1999998 0.23083813 -0.13731484 0.0098838946 0.18804049 -10.310189 1.8553192e-42 
5.21 0.23143959 -0.13832162 0.010074999 0.18891978 -10.311513 1.8665296e-42 
5.2199998 0.23204221 -0.13933504 0.010269371 0.18980137 -10.3128 1.8665296e-42 
5.23 0.23264594 -0.14035515 0.010467056 0.19068524 -10.314053 1.8665296e-42 
5.2399998 0.2332508 -0.14138198 0.010668102 0.19157143 -10.31527 1.8791412e-42 
5.25 0.23385681 -0.14241557 0.010872559 0.19245991 -10.316452 1.8791412e-42 
5.2600002 0.23446396 -0.14345592 0.011080475 0.19335069 -10.317597 1.8903516e-42 
5.27 0.23507226 -0.14450312 0.011291902 0.19424377 -10.318708 1.8903516e-42 
5.2800002 0.23568171 -0.14555715 0.01150689 0.19513917 -10.319783 1.8903516e-42 
5.29 0.23629229 -0.1466181 0.011725488 0.19603685 -10.320823 1.901562e-42 
5.3000002 0.23690404 -0.14768597 0.011947749 0.19693683 -10.321826 1.901562e-42 
5.3099999 0.23751695 -0.1487608 0.012173727 0.19783913 -10.322794 1.9141737e-42 
5.3200002 0.23813102 -0.14984263 0.012403472 0.19874372 -10.323727 1.9141737e-42 
5.3299999 0.23874624 -0.15093151 0.012637041 0.19965062 -10.324623 1.9141737e-42 
5.3400002 0.23936263 -0.15202746 0.012874483 0.20055982 -10.325484 1.9253841e-42 
5.3499999 0.23998016 -0.1531305 0.013115857 0.20147133 -10.326309 1.9253841e-42 
5.3600001 0.2405989 -0.1542407 0.013361217 0.20238514 -10.327098 1.9365945e-42 
5.3699999 0.24121879 -0.15535806 0.013610619 0.20330127 -10.327851 1.9365945e-42 
5.3800001 0.24183986 -0.15648267 0.013864119 0.20421968 -10.328568 1.9365945e-42 
5.3899999 0.2424621 -0.15761451 0.014121773 0.20514043 -10.329249 1.9492062e-42 
5.4000001 0.2430855 -0.15875366 0.014383641 0.20606345 -10.329895 1.9492062e-42 
5.4099998 0.24371012 -0.15990013 0.014649781 0.2069888 -10.330503 1.9604166e-42 
5.4200001 0.2443359 -0.16105396 0.014920252 0.20791644 -10.331076 1.9604166e-42 
5.4299998 0.24496287 -0.16221519 0.015195114 0.20884641 -10.331613 1.9604166e-42 
5.4400001 0.24559103 -0.16338386 0.015474426 0.20977868 -10.332114 1.9730282e-42 
5.4499998 0.24622038 -0.16456001 0.01575825 0.21071325 -10.332579 1.9730282e-42 
5.46 0.24685092 -0.16574368 0.016046647 0.21165013 -10.333006 1.9842386e-42 
5.4699998 0.24748266 -0.16693489 0.01633968 0.21258932 -10.333397 1.9842386e-42 
5.48 0.2481156 -0.16813371 0.016637413 0.21353082 -10.333753 1.995449e-42 
5.4899998 0.24874975 -0.16934015 0.016939906 0.21447462 -10.334072 1.995449e-42 
5.5 0.24938507 -0.17055425 0.017247228 0.21542074 -10.334355 1.995449e-42 
5.5100002 0.25002161 -0.17177606 0.017559441 0.21636915 -10.3346 2.0080607e-42 
5.52 0.25065938 -0.1730056 0.01787661 0.21731989 -10.33481 2.0080607e-42 
5.5300002 0.25129834 -0.17424291 0.018198805 0.21827292 -10.334984 2.0192711e-42 
5.54 0.25193852 -0.17548807 0.018526092 0.21922828 -10.33512 2.0192711e-42 
5.5500002 0.2525799 -0.17674108 0.018858537 0.22018592 -10.33522 2.0304815e-42 
5.5599999 0.2532225 -0.17800198 0.019196209 0.2211459 -10.335283 2.0304815e-42 
5.5700002 0.25386631 -0.1792708 0.019539177 0.22210816 -10.335309 2.0304815e-42 
5.5799999 0.25451136 -0.18054762 0.019887513 0.22307274 -10.335299 2.0430932e-42 
5.5900002 0.25515762 -0.18183245 0.020241285 0.22403961 -10.335252 2.0430932e-42 
5.5999999 0.25580513 -0.18312533 0.020600565 0.22500882 -10.335167 2.0543035e-42 
5.6100001 0.25645384 -0.18442629 0.020965427 0.22598031 -10.335046 2.0543035e-42 
5.6199999 0.25710377 -0.18573537 0.021335943 0.22695412 -10.334888 2.0669152e-42 
5.6300001 0.25775498 -0.18705265 0.021712184 0.22793022 -10.334694 2.0669152e-42 
5.6399999 0.25840738 -0.18837813 0.022094229 0.22890863 -10.334462 2.0781256e-42 
5.6500001 0.25906101 -0.18971184 0.022482147 0.22988935 -10.334192 2.0781256e-42 
5.6599998 0.25971591 -0.19105387 0.022876019 0.23087236 -10.333887 2.0781256e-42 
5.6700001 0.26037201 -0.1924042 0.023275921 0.2318577 -10.333543 2.089336e-42 
5.6799998 0.26102939 -0.1937629 0.023681927 0.23284532 -10.333162 2.089336e-42 
5.6900001 0.26168799 -0.19513002 0.024094118 0.23383525 -10.332746 2.1019477e-42 
5.6999998 0.26234785 -0.19650558 0.02451257 0.23482749 -10.33229 2.1019477e-42 
5.71 0.26300895 -0.19788963 0.024937367 0.23582202 -10.331798 2.1131581e-42 
5.7199998 0.26367131 -0.19928218 0.025368586 0.23681884 -10.331267 2.1131581e-42 
5.73 0.26433489 -0.20068334 0.02580631 0.23781797 -10.3307 2.1243685e-42 
5.7399998 0.26499975 -0.20209308 0.026250618 0.23881939 -10.330095 2.1243685e-42 
5.75 0.26566583 -0.20351148 0.026701596 0.2398231 -10.329453 2.1243685e-42 
5.7600002 0.26633322 -0.20493856 0.027159328 0.24082914 -10.328773 2.1369802e-42 
5.77 0.26700184 -0.20637438 0.027623894 0.24183746 -10.328054 2.1369802e-42 
5.7800002 0.2676717 -0.20781896 0.028095383 0.24284805 -10.3273 2.1481905e-42 
5.79 0.26834282 -0.20927234 0.028573878 0.24386096 -10.326507 2.1481905e-42 
5.8000002 0.26901522 -0.21073458 0.02905947 0.24487613 -10.325676 2.1608022e-42 
5.8099999 0.2696889 -0.21220571 0.029552242 0.24589361 -10.324807 2.1608022e-42 
5.8200002 0.27036384 -0.21368575 0.030052284 0.24691337 -10.323901 2.1720126e-42 
5.8299999 0.27103999 -0.21517476 0.030559687 0.24793543 -10.322956 2.1720126e-42 
5.8400002 0.27171749 -0.21667281 0.031074539 0.24895976 -10.321973 2.183223e-42 
5.8499999 0.27239621 -0.2181799 0.031596929 0.2499864 -10.320953 2.183223e-42 
5.8600001 0.27307621 -0.21969607 0.032126956 0.25101531 -10.319895 2.183223e-42 
5.8699999 0.27375749 -0.22122139 0.032664705 0.25204647 -10.318798 2.1958347e-42 
5.8800001 0.27444005 -0.22275586 0.03321027 0.25307992 -10.317663 2.1958347e-42 
5.8899999 0.27512386 -0.22429956 0.033763751 0.25411567 -10.31649 2.2070451e-42 
5.9000001 0.27580896 -0.22585252 0.034325238 0.25515369 -10.315279 2.2070451e-42 
5.9099998 0.27649534 -0.22741477 0.034894831 0.25619397 -10.314029 2.2196568e-42 
5.9200001 0.277183 -0.22898635 0.035472617 0.25723651 -10.312741 2.2196568e-42 
5.9299998 0.27787194 -0.23056732 0.036058709 0.25828135 -10.311415 2.2308672e-42 
5.9400001 0.27856216 -0.23215769 0.036653191 0.25932845 -10.31005 2.2308672e-42 
5.9499998 0.27925366 -0.23375754 0.03725617 0.26037779 -10.308646 2.2420775e-42 
5.96 0.27994642 -0.23536687 0.037867747 0.2614294 -10.307205 2.2420775e-42 
5.9699998 0.28064048 -0.23698574 0.038488019 0.26248327 -10.305724 2.2546892e-42 
5.98 0.28133583 -0.23861419 0.039117094 0.2635394 -10.304205 2.2546892e-42 
5.9899998 0.28203246 -0.24025226 0.039755065 0.2645978 -10.302647 2.2658996e-42 
6 0.28273037 -0.2419 0.040402047 0.26565844 -10.301051 2.2658996e-42 
6.0100002 0.28342959 -0.24355744 0.041058138 0.26672134 -10.299415 2.27711e-42 
6.02 0.28413007 -0.24522462 0.041723445 0.26778647 -10.297741 2.27711e-42 
6.0300002 0.28483185 -0.24690157 0.042398073 0.26885381 -10.296027 2.2897217e-42 
6.04 0.28553492 -0.24858837 0.043082133 0.26992345 -10.294275 2.2897217e-42 
6.0500002 0.2862393 -0.250285 0.043775734 0.27099532 -10.292483 2.3009321e-42 
6.0599999 0.28694493 -0.25199157 0.044478979 0.27206939 -10.290652 2.3009321e-42 
6.0700002 0.28765187 -0.25370803 0.045191985 0.27314571 -10.288784 2.3135438e-42 
6.0799999 0.28836012 -0.25543454 0.045914855 0.27422425 -10.286875 2.3135438e-42 
6.0900002 0.28906962 -0.25717103 0.046647709 0.27530503 -10.284926 2.3247542e-42 
6.0999999 0.28978044 -0.25891757 0.047390658 0.27638802 -10.282939 2.3247542e-42 
6.1100001 0.29049253 -0.26067424 0.048143812 0.27747321 -10.280912 2.3359645e-42 
6.1199999 0.29120591 -0.26244107 0.048907291 0.27856064 -10.278847 2.3359645e-42 
6.1300001 0.2919206 -0.26421806 0.049681205 0.27965027 -10.276741 2.3485762e-42 
6.1399999 0.29263657 -0.26600528 0.050465677 0.28074211 -10.274596 2.3485762e-42 
6.1500001 0.29335386 -0.26780277 0.051260818 0.28183612 -10.272411 2.3597866e-42 
6.1599998 0.29407242 -0.26961052 0.052066755 0.28293237 -10.270187 2.3597866e-42 
6.1700001 0.29479226 -0.27142864 0.052883599 0.2840308 -10.267923 2.370997e-42 
6.1799998 0.29551342 -0.27325717 0.053711474 0.28513142 -10.26562 2.370997e-42 
6.1900001 0.29623586 -0.27509609 0.054550499 0.2862342 -10.263277 2.3836087e-42 
6.1999998 0.29695955 -0.27694547 0.055400804 0.28733918 -10.260893 2.3836087e-42 
6.21 0.29768458 -0.27880535 0.056262504 0.28844634 -10.25847 2.3948191e-42 
6.2199998 0.29841089 -0.28067577 0.057135727 0.28955564 -10.256006 2.3948191e-42 
6.23 0.29913849 -0.28255674 0.058020599 0.29066715 -10.253504 2.4074308e-42 
6.2399998 0.29986736 -0.28444836 0.058917243 0.29178077 -10.25096 2.4074308e-42 
6.25 0.30059755 -0.28635058 0.059825789 0.29289657 -10.248378 2.4186411e-42 
6.2600002 0.30132902 -0.28826353 0.060746364 0.29401451 -10.245754 2.4186411e-42 
6.27 0.30206174 -0.29018718 0.061679095 0.29513463 -10.243091 2.4298515e-42 
6.2800002 0.3027958 -0.29212165 0.062624119 0.29625687 -10.240387 2.4298515e-42 
6.29 0.30353111 -0.29406688 0.063581556 0.29738122 -10.237643 2.4424632e-42 
6.3000002 0.3042677 -0.29602295 0.064551547 0.29850775 -10.234859 2.4424632e-42 
6.3099999 0.30500561 -0.2979899 0.065534219 0.29963633 -10.232033 2.4536736e-42 
6.3200002 0.30574477 -0.29996774 0.066529721 0.30076706 -10.229167 2.4536736e-42 
6.3299999 0.30648521 -0.30195656 0.067538172 0.30189991 -10.226262 2.464884e-42 
6.3400002 0.30722693 -0.30395639 0.068559706 0.30303484 -10.223315 2.464884e-42 
6.3499999 0.30796993 -0.30596718 0.069594473 0.30417189 -10.220328 2.4774957e-42 
6.3600001 0.30871421 -0.30798906 0.070642605 0.30531099 -10.217299 2.4774957e-42 
6.3699999 0.30945978 -0.31002206 0.071704239 0.30645224 -10.214231 2.4887061e-42 
6.3800001 0.31020656 -0.31206614 0.072779514 0.30759549 -10.211122 2.4887061e-42 
6.3899999 0.31095469 -0.31412143 0.07386858 0.30874085 -10.207972 2.5013178e-42 
6.4000001 0.31170407 -0.31618786 0.074971572 0.3098883 -10.204779 2.5013178e-42 
6.4099998 0.31245467 -0.31826559 0.07608863 0.31103778 -10.201547 2.5125281e-42 
6.4200001 0.31320655 -0.32035458 0.077219896 0.31218928 -10.198274 2.5237385e-42 
6.4299998 0.31395975 -0.32245487 0.078365535 0.31334284 -10.194959 2.5237385e-42 
6.4400001 0.31471416 -0.32456648 0.079525664 0.31449842 -10.191603 2.5363502e-42 
6.4499998 0.31546983 -0.32668945 0.08070045 0.31565604 -10.188207 2.5363502e-42 
6.46 0.31622678 -0.32882383 0.081890039 0.31681567 -10.184768 2.5475606e-42 
6.4699998 0.31698495 -0.33096966 0.083094582 0.31797728 -10.181289 2.5475606e-42 
6.48 0.3177444 -0.33312693 0.08431422 0.31914094 -10.177767 2.558771e-42 
6.4899998 0.31850511 -0.33529577 0.085549109 0.32030657 -10.174206 2.558771e-42 
6.5 0.31926706 -0.33747607 0.086799398 0.32147413 -10.170601 2.5713827e-42 
6.5100002 0.32003021 -0.33966798 0.088065237 0.32264373 -10.166955 2.5713827e-42 
6.52 0.32079467 -0.34187147 0.089346796 0.32381526 -10.163269 2.5825931e-42 
6.5300002 0.32156032 -0.34408659 0.090644218 0.32498875 -10.159539 2.5952048e-42 
6.54 0.3223272 -0.34631336 0.091957659 0.32616422 -10.155768 2.5952048e-42 
6.5500002 0.32309532 -0.34855181 0.093287282 0.32734159 -10.151957 2.6064151e-42 
6.5599999 0.32386467 -0.350802 0.094633229 0.32852086 -10.148102 2.6064151e-42 
6.5700002 0.32463527 -0.35306394 0.095995679 0.32970208 -10.144206 2.6176255e-42 
6.5799999 0.32540703 -0.35533765 0.097374789 0.3308852 -10.140267 2.6176255e-42 
6.5900002 0.32618007 -0.35762313 0.098770708 0.3320702 -10.136288 2.6302372e-42 
6.5999999 0.32695428 -0.3599205 0.10018361 0.33325708 -10.132265 2.6302372e-42 
6.6100001 0.32772973 -0.36222968 0.10161366 0.33444586 -10.128201 2.6414476e-42 
6.6199999 0.32850635 -0.36455077 0.10306101 0.33563647 -10.124096 2.6540593e-42 
6.6300001 0.32928422 -0.36688375 0.10452583 0.33682895 -10.119946 2.6540593e-42 
6.6399999 0.33006322 -0.36922869 0.1060083 0.33802325 -10.115756 2.6652697e-42 
6.6500001 0.33084348 -0.37158558 0.10750858 0.33921939 -10.111522 2.6652697e-42 
6.6599998 0.3316249 -0.37395447 0.10902682 0.34041736 -10.107246 2.6764801e-42 
6.6700001 0.33240747 -0.37633535 0.1105632 0.34161708 -10.102927 2.6764801e-42 
6.6799998 0.33319128 -0.3787283 0.1121179 0.34281865 -10.098567 2.6890918e-42 
6.6900001 0.33397621 -0.38113329 0.11369109 0.34402198 -10.094163 2.7003021e-42 
6.6999998 0.33476233 -0.38355038 0.11528293 0.34522706 -10.089717 2.7003021e-42 
6.71 0.33554962 -0.38597956 0.11689361 0.34643391 -10.085229 2.7115125e-42 
6.7199998 0.33633804 -0.38842088 0.11852328 0.34764245 -10.080697 2.7115125e-42 
6.73 0.33712766 -0.39087436 0.12017215 0.34885275 -10.076123 2.7241242e-42 
6.7399998 0.33791837 -0.39333996 0.12184037 0.35006478 -10.071506 2.7241242e-42 
6.75 0.33871025 -0.39581779 0.12352812 0.35127848 -10.066845 2.7353346e-42 
6.7600002 0.33950329 -0.39830783 0.12523559 0.35249388 -10.062142 2.7479463e-42 
6.77 0.34029743 -0.40081009 0.12696294 0.35371098 -10.057396 2.7479463e-42 
6.7800002 0.34109271 -0.40332457 0.12871039 0.35492969 -10.052607 2.7591567e-42 
6.79 0.34188908 -0.40585133 0.13047807 0.35615003 -10.047774 2.7591567e-42 
6.8000002 0.34268656 -0.4083904 0.13226619 0.35737202 -10.042898 2.7703671e-42 
6.8099999 0.34348518 -0.41094172 0.13407494 0.35859561 -10.037979 2.7703671e-42 
6.8200002 0.34428486 -0.41350538 0.13590449 0.35982081 -10.033017 2.7829788e-42 
6.8299999 0.34508568 -0.41608137 0.13775501 0.36104757 -10.028011 2.7941891e-42 
6.8400002 0.34588754 -0.41866967 0.13962673 0.36227587 -10.022963 2.7941891e-42 
6.8499999 0.34669051 -0.42127037 0.14151981 0.36350572 -10.01787 2.8053995e-42 
6.8600001 0.34749451 -0.42388338 0.14343444 0.36473712 -10.012733 2.8053995e-42 
6.8699999 0.34829959 -0.42650881 0.14537081 0.36597002 -10.007553 2.8180112e-42 
6.8800001 0.34910572 -0.42914662 0.14732911 0.36720443 -10.002331 2.8292216e-42 
6.8899999 0.34991291 -0.43179685 0.14930952 0.3684403 -9.9970636 2.8292216e-42 
6.9000001 0.35072112 -0.43445945 0.15131225 0.36967763 -9.9917526 2.8418333e-42 
6.9099998 0.35153037 -0.43713444 0.15333749 0.37091637 -9.9863987 2.8418333e-42 
6.9200001 0.35234064 -0.43982193 0.15538543 0.37215659 -9.980999 2.8530437e-42 
6.9299998 0.35315195 -0.44252178 0.15745628 0.37339815 -9.9755564 2.8642541e-42 
6.9400001 0.35396421 -0.44523412 0.1595502 0.37464115 -9.9700699 2.8642541e-42 
6.9499998 0.35477751 -0.44795889 0.16166742 0.37588546 -9.9645395 2.8768657e-42 
6.96 0.3555918 -0.45069611 0.16380814 0.37713113 -9.9589643 2.8880761e-42 
6.9699998 0.35640705 -0.45344576 0.16597253 0.37837815 -9.9533463 2.8880761e-42 
6.98 0.35722327 -0.45620787 0.1681608 0.37962648 -9.9476833 2.8992865e-42 
6.9899998 0.35804045 -0.45898244 0.17037317 0.38087606 -9.9419765 2.8992865e-42 
7 0.35885862 -0.46176946 0.17260981 0.38212693 -9.9362249 2.9118982e-42 
7.0100002 0.35967767 -0.46456894 0.17487095 0.38337898 -9.9304285 2.9231086e-42 
7.02 0.36049765 -0.46738085 0.17715678 0.38463229 -9.9245892 2.9231086e-42 
7.0300002 0.36131859 -0.47020525 0.17946748 0.38588685 -9.918704 2.9357203e-42 
7.04 0.36214045 -0.47304207 0.18180332 0.38714254 -9.912775 2.9357203e-42 
7.0500002 0.36296317 -0.47589135 0.18416445 0.38839936 -9.9068003 2.9469307e-42 
7.0599999 0.36378679 -0.47875306 0.18655108 0.38965735 -9.9007826 2.9581411e-42 
7.0700002 0.3646113 -0.48162723 0.18896346 0.39091641 -9.8947191 2.9581411e-42 
7.0799999 0.36543667 -0.48451376 0.19140175 0.39217654 -9.8886118 2.9707527e-42 
7.0900002 0.36626288 -0.48741275 0.19386618 0.39343774 -9.8824587 2.9819631e-42 
7.0999999 0.36708996 -0.49032411 0.19635697 0.39470002 -9.8762617 2.9819631e-42 
7.1100001 0.36791787 -0.4932479 0.19887429 0.39596328 -9.870019 2.9931735e-42 
7.1199999 0.36874658 -0.49618405 0.2014184 0.39722756 -9.8637323 3.0057852e-42 
7.1300001 0.3695761 -0.4991326 0.20398951 0.39849272 -9.8573999 3.0057852e-42 
7.1399999 0.37040642 -0.50209349 0.20658779 0.39975888 -9.8510227 3.0169956e-42 
7.1500001 0.37123755 -0.50506669 0.2092135 0.40102592 -9.8446007 3.0169956e-42 
7.1599998 0.37206942 -0.50805223 0.2118668 0.40229383 -9.8381319 3.0296073e-42 
7.1700001 0.37290204 -0.51105011 0.21454798 0.40356264 -9.8316202 3.0408177e-42 
7.1799998 0.37373543 -0.51406026 0.2172572 0.40483224 -9.8250618 3.0408177e-42 
7.1900001 0.37456954 -0.51708263 0.21999471 0.40610263 -9.8184595 3.0520281e-42 
7.1999998 0.37540436 -0.52011728 0.22276069 0.40737379 -9.8118105 3.0646397e-42 
7.21 0.3762399 -0.52316415 0.22555539 0.40864572 -9.8051176 3.0646397e-42 
7.2199998 0.37707612 -0.52622318 0.22837903 0.40991834 -9.798378 3.0758501e-42 
7.23 0.37791303 -0.52929443 0.23123182 0.41119167 -9.7915926 3.0884618e-42 
7.2399998 0.37875056 -0.53237778 0.23411396 0.41246566 -9.7847633 3.0884618e-42 
7.25 0.37958875 -0.53547323 0.23702572 0.41374025 -9.7778873 3.0996722e-42 
7.2600002 0.38042763 -0.53858083 0.23996727 0.41501543 -9.7709656 3.1108826e-42 
7.27 0.38126707 -0.54170042 0.24293889 0.41629118 -9.7639999 3.1108826e-42 
7.2800002 0.38210711 -0.54483211 0.24594074 0.41756746 -9.7569866 3.1234943e-42 
7.29 0.38294774 -0.54797572 0.2489731 0.41884425 -9.7499285 3.1347047e-42 
7.3000002 0.38378891 -0.55113131 0.25203615 0.42012146 -9.7428246 3.1347047e-42 
7.3099999 0.38463068 -0.55429876 0.25513014 0.42139918 -9.7356749 3.1459151e-42 
7.3200002 0.38547295 -0.55747813 0.2582553 0.42267728 -9.7284784 3.1585267e-42 
7.3299999 0.38631579 -0.5606693 0.26141188 0.42395571 -9.7212372 3.1585267e-42 
7.3400002 0.38715911 -0.56387234 0.26460004 0.4252345 -9.7139502 3.1697371e-42 
7.3499999 0.38800287 -0.56708705 0.26782006 0.42651355 -9.7066164 3.1823488e-42 
7.3600001 0.38884714 -0.57031345 0.27107212 0.42779291 -9.6992378 3.1823488e-42 
7.3699999 0.38969186 -0.5735516 0.27435648 0.4290725 -9.6918116 3.1935592e-42 
7.3800001 0.39053702 -0.57680124 0.27767342 0.43035224 -9.6843405 3.2047696e-42 
7.3899999 0.39138255 -0.58006251 0.28102309 0.43163219 -9.6768227 3.2047696e-42 
7.4000001 0.39222851 -0.58333528 0.28440577 0.43291223 -9.6692591 3.2173813e-42 
7.4099998 0.39307481 -0.5866195 0.28782165 0.43419236 -9.6616497 3.2285917e-42 
7.4200001 0.39392152 -0.58991516 0.291271 0.43547252 -9.6539927 3.2285917e-42 
7.4299998 0.39476854 -0.59322208 0.29475403 0.43675268 -9.6462898 3.239802e-42 
7.4400001 0.39561588 -0.59654039 0.29827097 0.43803284 -9.6385412 3.2524137e-42 
7.4499998 0.39646354 -0.59986979 0.30182207 0.43931291 -9.6307459 3.2636241e-42 
7.46 0.39731145 -0.60321051 0.30540755 0.44059283 -9.6229048 3.2636241e-42 
7.4699998 0.39815962 -0.6065622 0.30902764 0.44187266 -9.615016 3.2762358e-42 
7.48 0.39900804 -0.60992491 0.31268257 0.44315225 -9.6070814 3.2874462e-42 
7.4899998 0.39985666 -0.61329871 0.3163726 0.44443163 -9.5991011 3.2874462e-42 
7.5 0.40070549 -0.61668324 0.32009798 0.44571072 -9.591073 3.2986566e-42 
7.5100002 0.4015545 -0.62007874 0.32385889 0.44698951 -9.5830002 3.3112683e-42 
7.52 0.40240365 -0.62348491 0.32765558 0.44826791 -9.5748787 3.3112683e-42 
7.5300002 0.40325293 -0.62690175 0.33148831 0.44954589 -9.5667124 3.3224787e-42 
7.54 0.4041023 -0.63032919 0.33535728 0.45082346 -9.5584984 3.333689e-42 
7.5500002 0.40495175 -0.63376719 0.33926278 0.45210052 -9.5502377 3.3463007e-42 
7.5599999 0.40580127 -0.63721561 0.343205 0.45337704 -9.5419312 3.3463007e-42 
7.5700002 0.40665087 -0.64067429 0.34718418 0.45465297 -9.533577 3.3575111e-42 
7.5799999 0.40750042 -0.64414334 0.35120055 0.45592827 -9.525177 3.3701228e-42 
7.5900002 0.40835002 -0.64762253 0.35525441 0.45720285 -9.5167303 3.3701228e-42 
7.5999999 0.40919954 -0.65111184 0.35934591 0.45847678 -9.508235 3.3813332e-42 
7.6100001 0.41004899 -0.65461105 0.36347535 0.45974988 -9.4996948 3.3925436e-42 
7.6199999 0.41089842 -0.65812021 0.36764291 0.46102217 -9.491107 3.4051553e-42 
7.6300001 0.41174772 -0.66163927 0.37184888 0.4622936 -9.4824724 3.4051553e-42 
7.6399999 0.41259682 -0.66516787 0.37609351 0.46356407 -9.4737911 3.4163657e-42 
7.6500001 0.41344583 -0.66870618 0.38037696 0.46483362 -9.4650631 3.427576e-42 
7.6599998 0.41429463 -0.67225403 0.38469952 0.46610209 -9.4562874 3.427576e-42 
7.6700001 0.41514322 -0.67581117 0.38906142 0.46736953 -9.4474649 3.4401877e-42 
7.6799998 0.41599157 -0.67937762 0.39346296 0.46863583 -9.4385958 3.4513981e-42 
7.6900001 0.41683966 -0.6829533 0.39790425 0.46990094 -9.4296799 3.4640098e-42 
7.6999998 0.41768745 -0.68653798 0.40238559 0.47116482 -9.4207172 3.4640098e-42 
7.71 0.4185349 -0.6901316 0.40690723 0.4724274 -9.4117069 3.4752202e-42 
7.7199998 0.41938204 -0.69373405 0.4114694 0.47368863 -9.4026499 3.4864306e-42 
7.73 0.42022875 -0.69734526 0.41607234 0.47494847 -9.3935461 3.4990423e-42 
7.7399998 0.42107511 -0.70096505 0.42071626 0.47620687 -9.3843956 3.4990423e-42 
7.75 0.42192096 -0.70459324 0.42540142 0.47746375 -9.3751965 3.5102527e-42 
7.7600002 0.42276642 -0.70822984 0.43012807 0.47871906 -9.3659515 3.5228643e-42 
7.77 0.42361131 -0.71187466 0.43489641 0.47997275 -9.3566589 3.5340747e-42 
7.7800002 0.42445573 -0.71552747 0.43970665 0.48122475 -9.3473206 3.5340747e-42 
7.79 0.42529953 -0.71918821 0.44455913 0.48247498 -9.3379335 3.5452851e-42 
7.8000002 0.42614278 -0.72285682 0.44945398 0.48372343 -9.3285007 3.5578968e-42 
7.8099999 0.42698541 -0.72653306 0.45439148 0.48497 -9.3190203 3.5691072e-42 
7.8200002 0.42782739 -0.7302168 0.45937186 0.48621467 -9.3094912 3.5691072e-42 
7.8299999 0.42866868 -0.73390788 0.46439534 0.48745736 -9.2999172 3.5803176e-42 
7.8400002 0.42950925 -0.73760623 0.46946219 0.48869795 -9.2902946 3.5929293e-42 
7.8499999 0.43034908 -0.74131161 0.4745726 0.48993647 -9.2806263 3.6041397e-42 
7.8600001 0.43118808 -0.74502391 0.47972685 0.49117276 -9.2709103 3.6041397e-42 
7.8699999 0.4320263 -0.748743 0.48492509 0.49240682 -9.2611475 3.6167513e-42 
7.8800001 0.43286365 -0.75246865 0.49016765 0.4936386 -9.2513371 3.6279617e-42 
7.8899999 0.43370014 -0.75620073 0.49545467 0.49486798 -9.2414799 3.6391721e-42 
7.9000001 0.43453571 -0.75993901 0.50078642 0.49609491 -9.231576 3.6517838e-42 
7.9099998 0.4353703 -0.7636835 0.50616312 0.49731934 -9.2216234 3.6517838e-42 
7.9200001 0.4362039 -0.76743382 0.51158506 0.49854118 -9.2116261 3.6629942e-42 
7.9299998 0.43703648 -0.77118987 0.51705235 0.49976039 -9.20158 3.6742046e-42 
7.9400001 0.437868 -0.77495158 0.52256531 0.50097686 -9.1914873 3.6868163e-42 
7.9499998 0.43869841 -0.77871865 0.52812415 0.50219053 -9.1813478 3.6868163e-42 
7.96 0.43952769 -0.78249085 0.53372902 0.5034014 -9.1711617 3.6980266e-42 
7.9699998 0.44035581 -0.78626812 0.53938025 0.50460929 -9.1609278 3.7106383e-42 
7.98 0.4411827 -0.79005027 0.54507798 0.50581414 -9.1506472 3.7218487e-42 
7.9899998 0.44200832 -0.79383695 0.5508225 0.507016 -9.1403189 3.7330591e-42 
8 0.44283265 -0.7976281 0.55661398 0.50821465 -9.1299448 3.7330591e-42 
8.0100002 0.4436557 -0.80142355 0.56245267 0.50941008 -9.119523 3.7456708e-42 
8.0200005 0.44447735 -0.80522293 0.56833875 0.51060218 -9.1090546 3.7568812e-42 
8.0299997 0.44529757 -0.80902618 0.57427245 0.51179093 -9.0985394 3.7680916e-42 
8.04 0.44611636 -0.81283307 0.58025402 0.51297617 -9.0879774 3.7807033e-42 
8.0500002 0.44693363 -0.8166433 0.58628368 0.51415789 -9.0773687 3.7807033e-42 
8.0600004 0.44774938 -0.82045668 0.59236157 0.51533604 -9.0667124 3.7919136e-42 
8.0699997 0.44856358 -0.82427311 0.59848791 0.51651043 -9.0560102 3.8045253e-42 
8.0799999 0.44937617 -0.82809228 0.60466301 0.51768106 -9.0452604 3.8157357e-42 
8.0900002 0.45018706 -0.83191389 0.61088705 0.51884782 -9.0344648 3.8269461e-42 
8.1000004 0.45099628 -0.83573782 0.61716014 0.52001065 -9.0236225 3.8269461e-42 
8.1099997 0.45180371 -0.83956385 0.62348258 0.52116948 -9.0127335 3.8395578e-42 
8.1199999 0.45260939 -0.8433916 0.62985456 0.52232414 -9.0017967 3.8507682e-42 
8.1300001 0.45341322 -0.84722096 0.63627625 0.52347463 -8.9908142 3.8619786e-42 
8.1400003 0.4542152 -0.85105163 0.64274782 0.52462083 -8.9797859 3.8745903e-42 
8.1499996 0.45501521 -0.85488343 0.64926958 0.52576274 -8.9687099 3.8858006e-42 
8.1599998 0.45581329 -0.85871601 0.65584171 0.52690005 -8.9575882 3.8858006e-42 
8.1700001 0.45660934 -0.86254913 0.66246432 0.5280329 -8.9464207 3.8984123e-42 
8.1800003 0.4574033 -0.8663826 0.6691376 0.52916116 -8.9352045 3.9096227e-42 
8.1899996 0.45819518 -0.87021607 0.67586184 0.53028458 -8.9239435 3.9208331e-42 
8.1999998 0.45898491 -0.87404937 0.68263721 0.53140324 -8.9126368 3.9334448e-42 
8.21 0.45977241 -0.87788218 0.68946385 0.53251696 -8.9012833 3.9446552e-42 
8.2200003 0.46055764 -0.88171422 0.69634193 0.53362578 -8.889884 3.9446552e-42 
8.2299995 0.46134061 -0.88554513 0.70327169 0.53472942 -8.878438 3.9572669e-42 
8.2399998 0.46212122 -0.88937485 0.71025336 0.53582788 -8.8669462 3.9684773e-42 
8.25 0.46289942 -0.8932029 0.717287 0.53692102 -8.8554077 3.9796876e-42 
8.2600002 0.46367517 -0.89702904 0.72437286 0.53800887 -8.8438253 3.9922993e-42 
8.2700005 0.46444839 -0.90085298 0.73151106 0.53909117 -8.8321953 4.0035097e-42 
8.2799997 0.46521908 -0.90467441 0.73870188 0.54016793 -8.8205204 4.0147201e-42 
8.29 0.46598715 -0.90849304 0.74594539 0.54123896 -8.8087988 4.0147201e-42 
8.3000002 0.46675259 -0.91230863 0.75324178 0.54230422 -8.7970324 4.0273318e-42 
8.3100004 0.46751529 -0.91612077 0.76059127 0.54336363 -8.7852211 4.0385422e-42 
8.3199997 0.46827525 -0.91992921 0.76799399 0.54441708 -8.7733631 4.0511539e-42 
8.3299999 0.46903238 -0.92373359 0.77545005 0.5454644 -8.7614594 4.0623642e-42 
8.3400002 0.46978664 -0.92753357 0.78295964 0.54650557 -8.7495117 4.0735746e-42 
8.3500004 0.47053799 -0.93132889 0.79052299 0.54754043 -8.7375183 4.0861863e-42 
8.3599997 0.47128633 -0.93511921 0.79814023 0.5485689 -8.7254782 4.0861863e-42 
8.3699999 0.47203162 -0.93890417 0.80581135 0.54959095 -8.7133942 4.0973967e-42 
8.3800001 0.47277385 -0.94268346 0.8135367 0.55060625 -8.7012653 4.1086071e-42 
8.3900003 0.47351292 -0.94645667 0.82131636 0.55161488 -8.6890907 4.1212188e-42 
8.3999996 0.47424877 -0.95022345 0.82915044 0.55261666 -8.6768732 4.1324292e-42 
8.4099998 0.47498137 -0.95398355 0.83703911 0.55361158 -8.664609 4.1450409e-42 
8.4200001 0.47571063 -0.95773655 0.84498245 0.55459934 -8.6523008 4.1562512e-42 
8.4300003 0.47643653 -0.96148211 0.85298061 0.55558008 -8.6399479 4.1674616e-42 
8.4399996 0.47715899 -0.9652198 0.8610338 0.55655342 -8.6275511 4.1674616e-42 
8.4499998 0.47787797 -0.96894938 0.86914206 0.55751938 -8.6151094 4.1800733e-42 
8.46 0.47859338 -0.97267032 0.87730551 0.55847788 -8.602623 4.1912837e-42 
8.4700003 0.47930515 -0.97638237 0.88552439 0.55942875 -8.5900927 4.2024941e-42 
8.4799995 0.48001325 -0.98008502 0.89379859 0.56037182 -8.5775185 4.2151058e-42 
8.4899998 0.4807176 -0.98377806 0.90212846 0.56130713 -8.5649004 4.2263162e-42 
8.5 0.48141816 -0.98746097 0.91051388 0.5622344 -8.5522385 4.2389279e-42 
8.5100002 0.48211482 -0.99113339 0.91895521 0.56315356 -8.5395336 4.2501382e-42 
8.5200005 0.48280758 -0.99479491 0.92745227 0.5640645 -8.5267839 4.2613486e-42 
8.5299997 0.48349634 -0.99844509 0.93600541 0.56496716 -8.5139914 4.2739603e-42 
8.54 0.48418105 -1.0020837 0.94461453 0.56586134 -8.5011549 4.2739603e-42 
8.5500002 0.48486161 -1.00571 0.95327985 0.56674689 -8.4882755 4.2851707e-42 
8.5600004 0.48553801 -1.0093238 0.96200138 0.56762373 -8.4753532 4.2963811e-42 
8.5699997 0.48621017 -1.0129247 0.97077918 0.56849176 -8.462388 4.3089928e-42 
8.5799999 0.48687798 -1.0165122 0.97961342 0.56935078 -8.4493799 4.3202032e-42 
8.5900002 0.48754141 -1.0200858 0.98850405 0.57020074 -8.4363289 4.3328149e-42 
8.6000004 0.4882004 -1.0236453 0.99745131 0.57104146 -8.4232359 4.3440252e-42 
8.6099997 0.48885483 -1.02719 1.0064551 0.57187277 -8.4101 4.3552356e-42 
8.6199999 0.48950472 -1.0307194 1.0155156 0.5726946 -8.3969221 4.3678473e-42 
8.6300001 0.49014995 -1.0342333 1.0246327 0.57350689 -8.3837013 4.3790577e-42 
8.6400003 0.49079043 -1.0377312 1.0338066 0.57430941 -8.3704386 4.3916694e-42 
8.6499996 0.49142611 -1.0412126 1.0430372 0.57510203 -8.3571348 4.4028798e-42 
8.6599998 0.49205694 -1.0446769 1.0523245 0.57588452 -8.3437891 4.4140902e-42 
8.6700001 0.49268281 -1.0481237 1.061669 0.576657 -8.3304014 4.4267018e-42 
8.6800003 0.49330372 -1.0515527 1.0710702 0.57741904 -8.3169727 4.4267018e-42 
8.6899996 0.49391955 -1.0549632 1.0805284 0.57817078 -8.303503 4.4379122e-42 
8.6999998 0.49453017 -1.0583549 1.0900433 0.57891184 -8.2899923 4.4491226e-42 
8.71 0.49513558 -1.061727 1.0996155 0.57964224 -8.2764406 4.4617343e-42 
8.7200003 0.49573573 -1.0650795 1.1092443 0.58036172 -8.2628479 4.4729447e-42 
8.7299995 0.49633047 -1.0684114 1.1189302 0.58107024 -8.2492151 4.4855564e-42 
8.7399998 0.49691978 -1.0717224 1.128673 0.58176756 -8.2355413 4.4967668e-42 
8.75 0.49750358 -1.0750121 1.1384728 0.58245361 -8.2218285 4.5079772e-42 
8.7600002 0.49808177 -1.0782799 1.1483295 0.58312821 -8.2080746 4.5205888e-42 
8.7700005 0.49865431 -1.0815251 1.1582431 0.58379126 -8.1942806 4.5317992e-42 
8.7799997 0.49922106 -1.0847474 1.1682136 0.58444256 -8.1804476 4.5430096e-42 
8.79 0.499782 -1.0879463 1.1782409 0.58508193 -8.1665754 4.5556213e-42 
8.8000002 0.500337 -1.0911212 1.188325 0.58570933 -8.1526642 4.5668317e-42 
8.8100004 0.50088608 -1.0942713 1.1984659 0.58632451 -8.1387129 4.5794434e-42 
8.8199997 0.50142908 -1.0973965 1.2086635 0.58692735 -8.1247234 4.5906538e-42 
8.8299999 0.50196594 -1.1004959 1.2189177 0.58751768 -8.1106958 4.6018642e-42 
8.8400002 0.5024966 -1.1035693 1.2292285 0.58809537 -8.0966291 4.6144758e-42 
8.8500004 0.50302088 -1.1066158 1.2395959 0.58866024 -8.0825243 4.6256862e-42 
8.8599997 0.50353885 -1.109635 1.2500196 0.58921212 -8.0683813 4.6368966e-42 
8.8699999 0.50405037 -1.1126262 1.2604997 0.58975095 -8.0542002 4.6495083e-42 
8.8800001 0.50455534 -1.1155889 1.271036 0.59027642 -8.0399818 4.6607187e-42 
8.8900003 0.5050537 -1.1185226 1.2816286 0.59078848 -8.0257273 4.6733304e-42 
8.8999996 0.50554532 -1.1214267 1.2922772 0.59128702 -8.0114346 4.6845408e-42 
8.9099998 0.50603014 -1.1243006 1.3029817 0.59177166 -7.9971051 4.6957512e-42 
8.9200001 0.50650811 -1.1271436 1.313742 0.59224248 -7.982739 4.7083628e-42 
8.9300003 0.50697917 -1.1299552 1.324558 0.59269917 -7.9683361 4.7195732e-42 
8.9399996 0.50744313 -1.1327347 1.3354297 0.59314162 -7.9538975 4.7307836e-42 
8.9499998 0.50789994 -1.1354816 1.3463567 0.59356964 -7.9394231 4.7433953e-42 
8.96 0.5083496 -1.1381952 1.357339 0.59398305 -7.9249125 4.7546057e-42 
8.9700003 0.50879192 -1.140875 1.3683764 0.59438169 -7.910367 4.7672174e-42 
8.9799995 0.50922686 -1.1435201 1.3794688 0.59476542 -7.8957863 4.7784278e-42 
8.9899998 0.50965434 -1.1461303 1.3906159 0.59513402 -7.8811703 4.7896382e-42 
9 0.51007426 -1.1487048 1.4018177 0.59548736 -7.8665199 4.8022498e-42 
9.0100002 0.51048654 -1.1512426 1.4130737 0.59582525 -7.8518353 4.8134602e-42 
9.0200005 0.51089108 -1.1537436 1.424384 0.59614754 -7.8371162 4.8260719e-42 
9.0299997 0.51128781 -1.1562068 1.4357483 0.59645402 -7.8223629 4.8372823e-42 
9.04 0.51167661 -1.1586316 1.4471664 0.59674454 -7.8075767 4.8484927e-42 
9.0500002 0.51205742 -1.1610174 1.4586381 0.5970189 -7.792757 4.8611044e-42 
9.0600004 0.51243013 -1.1633636 1.4701631 0.59727699 -7.777904 4.8723148e-42 
9.0699997 0.51279461 -1.1656694 1.4817411 0.5975185 -7.7630191 4.8835251e-42 
9.0799999 0.51315087 -1.1679343 1.493372 0.59774333 -7.7481012 4.8961368e-42 
9.0900002 0.51349878 -1.1701574 1.5050555 0.59795129 -7.733151 4.9073472e-42 
9.1000004 0.51383817 -1.1723381 1.5167912 0.59814221 -7.7181692 4.9199589e-42 
9.1099997 0.51416904 -1.1744758 1.5285791 0.59831589 -7.703156 4.9311693e-42 
9.1199999 0.51449126 -1.1765697 1.5404185 0.59847218 -7.6881113 4.9423797e-42 
9.1300001 0.51480472 -1.1786193 1.5523095 0.59861082 -7.6730356 4.9549914e-42 
9.1400003 0.51510942 -1.1806235 1.5642517 0.59873176 -7.6579294 4.9662018e-42 
9.1499996 0.51540512 -1.1825819 1.5762445 0.59883463 -7.6427932 4.9900238e-42 
9.1599998 0.51569182 -1.1844938 1.5882879 0.59891939 -7.6276264 5.0012342e-42 
9.1700001 0.5159694 -1.1863585 1.6003815 0.59898579 -7.6124306 5.0138459e-42 
9.1800003 0.5162378 -1.188175 1.6125249 0.59903365 -7.5972052 5.0250563e-42 
9.1899996 0.51649684 -1.1899428 1.6247176 0.59906274 -7.5819507 5.0362667e-42 
9.1999998 0.51674646 -1.1916611 1.6369596 0.59907293 -7.5666676 5.0488784e-42 
9.21 0.51698661 -1.1933293 1.6492501 0.59906393 -7.5513563 5.0600888e-42 
9.2200003 0.51721722 -1.1949464 1.6615889 0.59903568 -7.5360169 5.0712991e-42 
9.2299995 0.51743805 -1.1965121 1.6739757 0.59898788 -7.5206504 5.0839108e-42 
9.2399998 0.51764911 -1.1980252 1.68641 0.5989204 -7.5052562 5.0951212e-42 
9.25 0.51785028 -1.1994851 1.6988913 0.59883302 -7.4898353 5.1077329e-42 
9.2600002 0.51804149 -1.2008911 1.7114193 0.5987255 -7.4743876 5.1189433e-42 
9.2700005 0.51822257 -1.2022424 1.7239935 0.59859771 -7.4589143 5.1301537e-42 
9.2799997 0.51839346 -1.2035381 1.7366134 0.59844941 -7.4434147 5.1539758e-42 
9.29 0.51855409 -1.2047777 1.7492785 0.59828043 -7.4278898 5.1651861e-42 
9.3000002 0.51870424 -1.2059603 1.7619884 0.59809053 -7.4123402 5.1777978e-42 
9.3100004 0.51884401 -1.2070851 1.7747427 0.59787947 -7.3967652 5.1890082e-42 
9.3199997 0.51897311 -1.2081513 1.7875408 0.59764719 -7.3811665 5.2016199e-42 
9.3299999 0.51909155 -1.2091583 1.800382 0.59739333 -7.3655434 5.2128303e-42 
9.3400002 0.51919919 -1.2101049 1.813266 0.59711778 -7.3498974 5.2240407e-42 
9.3500004 0.51929593 -1.2109908 1.8261923 0.59682029 -7.334228 5.2366524e-42 
9.3599997 0.5193817 -1.2118148 1.8391602 0.59650069 -7.3185363 5.2478627e-42 
9.3699999 0.51945633 -1.2125764 1.8521692 0.59615868 -7.3028221 5.2716848e-42 
9.3800001 0.51951975 -1.2132746 1.8652185 0.5957942 -7.2870855 5.2828952e-42 
9.3900003 0.51957184 -1.2139086 1.8783079 0.59540695 -7.2713284 5.2955069e-42 
9.3999996 0.51961261 -1.2144778 1.8914367 0.59499669 -7.2555494 5.3067173e-42 
9.4099998 0.51964176 -1.2149811 1.9046041 0.59456331 -7.2397509 5.3179277e-42 
9.4200001 0.51965934 -1.2154179 1.9178095 0.59410644 -7.2239318 5.3305394e-42 
9.4300003 0.51966518 -1.2157872 1.9310522 0.59362602 -7.2080922 5.3417497e-42 
9.4399996 0.51965922 -1.2160883 1.9443318 0.59312177 -7.192234 5.3543614e-42 
9.4499998 0.51964128 -1.2163203 1.9576472 0.59259349 -7.1763573 5.3767822e-42 
9.46 0.51961136 -1.2164824 1.9709983 0.59204096 -7.1604614 5.3893939e-42 
9.4700003 0.51956928 -1.2165738 1.9843839 0.59146398 -7.1445479 5.4006043e-42 
9.4799995 0.51951492 -1.2165937 1.9978036 0.59086227 -7.1286173 5.4118147e-42 
9.4899998 0.51944822 -1.2165412 2.0112562 0.59023577 -7.1126695 5.4244264e-42 
9.5 0.51936907 -1.2164154 2.0247416 0.58958405 -7.096705 5.4356367e-42 
9.5100002 0.51927733 -1.2162154 2.0382586 0.58890706 -7.0807242 5.4482484e-42 
9.5200005 0.51917297 -1.2159406 2.0518064 0.58820444 -7.0647283 5.4706692e-42 
9.5299997 0.51905578 -1.2155899 2.0653846 0.58747619 -7.048717 5.4832809e-42 
9.54 0.51892573 -1.2151625 2.0789919 0.58672184 -7.0326915 5.4944913e-42 
9.5500002 0.51878268 -1.2146578 2.0926278 0.58594131 -7.0166512 5.5057017e-42 
9.5600004 0.51862657 -1.2140745 2.1062915 0.58513427 -7.000598 5.5183134e-42 
9.5699997 0.51845717 -1.213412 2.119982 0.58430064 -6.9845309 5.5421354e-42 
9.5799999 0.51827449 -1.2126696 2.1336982 0.58344012 -6.968452 5.5533458e-42 
9.5900002 0.51807845 -1.2118461 2.1474397 0.58255255 -6.9523602 5.5645562e-42 
9.6000004 0.51786882 -1.2109408 2.1612053 0.58163762 -6.9362574 5.5771679e-42 
9.6099997 0.5176456 -1.2099528 2.1749942 0.58069503 -6.9201431 5.5883783e-42 
9.6199999 0.51740861 -1.2088813 2.1888053 0.57972479 -6.9040184 5.5995887e-42 
9.6300001 0.51715779 -1.2077253 2.2026377 0.57872659 -6.8878837 5.6234107e-42 
9.6400003 0.51689297 -1.2064838 2.2164905 0.57770008 -6.8717394 5.6360224e-42 
9.6499996 0.51661414 -1.2051564 2.2303629 0.57664514 -6.8555865 5.6472328e-42 
9.6599998 0.51632112 -1.2037419 2.2442534 0.57556152 -6.8394251 5.6584432e-42 
9.6700001 0.5160138 -1.2022393 2.2581615 0.574449 -6.8232555 5.6710549e-42 
9.6800003 0.51569217 -1.2006481 2.2720861 0.57330734 -6.8070788 5.694877e-42 
9.6899996 0.51535594 -1.198967 2.2860255 0.57213628 -6.790895 5.7060873e-42 
9.6999998 0.51500523 -1.1971953 2.2999794 0.57093573 -6.7747054 5.7172977e-42 
9.71 0.51463974 -1.1953324 2.3139465 0.56970531 -6.7585101 5.7299094e-42 
9.7200003 0.51425946 -1.193377 2.3279254 0.56844485 -6.7423096 5.7523302e-42 
9.7299995 0.51386428 -1.1913284 2.3419151 0.56715417 -6.7261052 5.7649419e-42 
9.7399998 0.51345402 -1.1891856 2.3559148 0.56583291 -6.7098956 5.7761523e-42 
9.75 0.51302868 -1.1869479 2.3699229 0.56448102 -6.6936841 5.788764e-42 
9.7600002 0.51258808 -1.1846144 2.3839383 0.56309807 -6.6774693 5.7999743e-42 
9.7700005 0.51213211 -1.1821841 2.3979599 0.56168407 -6.661252 5.8237964e-42 
9.7799997 0.5116607 -1.1796563 2.4119866 0.56023848 -6.6450338 5.8350068e-42 
9.79 0.51117378 -1.1770298 2.4260166 0.55876136 -6.6288147 5.8462172e-42 
9.8000002 0.5106712 -1.174304 2.4400494 0.55725241 -6.6125951 5.8588289e-42 
9.8100004 0.51015276 -1.1714779 2.4540832 0.55571127 -6.5963755 5.882651e-42 
9.8199997 0.50961858 -1.1685507 2.4681168 0.55413783 -6.5801568 5.8938613e-42 
9.8299999 0.50906831 -1.1655216 2.4821489 0.55253178 -6.56394 5.9050717e-42 
9.8400002 0.50850201 -1.1623895 2.4961784 0.55089295 -6.5477262 5.9176834e-42 
9.8500004 0.50791949 -1.1591536 2.5102036 0.54922116 -6.5315137 5.9401042e-42 
9.8599997 0.5073207 -1.1558132 2.5242231 0.54751605 -6.5153055 5.9527159e-42 
9.8699999 0.50670552 -1.1523671 2.5382357 0.54577756 -6.4991012 5.9639263e-42 
9.8800001 0.50607383 -1.1488148 2.5522397 0.54400527 -6.4829021 5.9877483e-42 
9.8900003 0.50542557 -1.1451552 2.5662341 0.54219913 -6.4667077 5.9989587e-42 
9.8999996 0.50476062 -1.1413875 2.5802171 0.54035872 -6.45052 6.0115704e-42 
9.9099998 0.50407881 -1.1375109 2.5941873 0.53848404 -6.4343386 6.0227808e-42 
9.9200001 0.50338012 -1.1335244 2.6081431 0.53657466 -6.4181647 6.0466029e-42 
9.9300003 0.50266439 -1.1294273 2.6220832 0.53463048 -6.401999 6.0578133e-42 
9.9399996 0.50193161 -1.1252187 2.6360054 0.53265119 -6.3858423 6.0704249e-42 
9.9499998 0.5011816 -1.1208978 2.649909 0.53063661 -6.3696952 6.0928457e-42 
9.96 0.50041425 -1.1164635 2.6637917 0.52858645 -6.3535576 6.1054574e-42 
9.9700003 0.49962959 -1.1119152 2.6776524 0.52650064 -6.337431 6.1166678e-42 
9.9799995 0.49882734 -1.107252 2.6914892 0.52437878 -6.3213162 6.1292795e-42 
9.9899998 0.49800754 -1.1024731 2.7053003 0.52222079 -6.305213 6.1517003e-42 
10 0.49717 -1.0975778 2.719084 0.52002633 -6.2891231 6.1643119e-42 
10.01 0.49631467 -1.0925651 2.7328391 0.51779521 -6.2730474 6.1755223e-42 
10.02 0.4954415 -1.0874341 2.7465634 0.51552725 -6.2569857 6.1993444e-42 
10.03 0.49455029 -1.0821841 2.7602551 0.51322216 -6.2409391 6.2105548e-42 
10.04 0.49364102 -1.0768144 2.7739124 0.51087981 -6.2249079 6.2231665e-42 
10.05 0.4927136 -1.0713239 2.787534 0.50849986 -6.2088938 6.2455873e-42 
10.06 0.49176791 -1.0657121 2.8011172 0.50608224 -6.1928964 6.2581989e-42 
10.07 0.49080384 -1.0599782 2.8146608 0.50362659 -6.1769176 6.2694093e-42 
10.08 0.48982134 -1.0541213 2.8281627 0.50113273 -6.1609569 6.2932314e-42 
10.09 0.48882031 -1.0481406 2.8416209 0.49860051 -6.1450167 6.3044418e-42 
10.1 0.48780066 -1.0420355 2.8550339 0.49602968 -6.129096 6.3170535e-42 
10.11 0.48676226 -1.035805 2.8683991 0.49342 -6.1131968 6.3394743e-42 
10.12 0.48570511 -1.0294485 2.8817148 0.49077126 -6.0973191 6.3520859e-42 
10.13 0.48462906 -1.0229652 2.8949792 0.48808324 -6.0814638 6.3632963e-42 
10.14 0.48353401 -1.0163543 2.9081898 0.48535579 -6.0656323 6.3871184e-42 
10.15 0.48241994 -1.0096153 2.9213448 0.48258862 -6.0498247 6.3983288e-42 
10.16 0.48128673 -1.0027473 2.9344423 0.47978163 -6.0340419 6.4109405e-42 
10.17 0.48013428 -0.99574947 2.9474797 0.47693449 -6.0182843 6.4333612e-42 
10.18 0.47896254 -0.98862135 2.9604554 0.47404703 -6.0025535 6.4459729e-42 
10.19 0.4777714 -0.98136216 2.9733665 0.47111911 -5.9868503 6.4683937e-42 
10.2 0.47656086 -0.97397119 2.9862118 0.46815047 -5.9711752 6.4810054e-42 
10.21 0.47533074 -0.96644771 2.9989882 0.46514091 -5.9555283 6.4922158e-42 
10.22 0.47408104 -0.9587912 3.0116937 0.46209025 -5.9399118 6.5160379e-42 
10.23 0.47281164 -0.95100081 3.0243263 0.45899829 -5.9243255 6.5272482e-42 
10.24 0.47152248 -0.94307607 3.0368831 0.45586485 -5.9087706 6.5398599e-42 
10.25 0.4702135 -0.93501621 3.0493624 0.45268968 -5.8932476 6.563682e-42 
10.26 0.46888462 -0.92682076 3.0617616 0.44947264 -5.8777571 6.5748924e-42 
10.27 0.46753579 -0.91848898 3.0740781 0.44621351 -5.8623013 6.5987145e-42 
10.28 0.46616691 -0.91002029 3.0863097 0.44291213 -5.8468795 6.6099249e-42 
10.29 0.46477795 -0.90141422 3.0984538 0.43956831 -5.8314934 6.6337469e-42 
10.3 0.4633688 -0.89267004 3.110508 0.43618181 -5.816143 6.6449573e-42 
10.31 0.46193945 -0.88378721 3.1224699 0.43275255 -5.8008299 6.657569e-42 
10.32 0.46048981 -0.87476528 3.1343367 0.42928025 -5.7855549 6.6799898e-42 
10.33 0.45901984 -0.86560374 3.146106 0.42576483 -5.770319 6.6926015e-42 
10.34 0.45752946 -0.85630196 3.1577752 0.42220598 -5.7551217 6.7150222e-42 
10.35 0.45601863 -0.8468594 3.1693416 0.41860369 -5.7399659 6.7276339e-42 
10.36 0.45448729 -0.83727568 3.1808028 0.41495767 -5.7248511 6.7388443e-42 
10.37 0.45293537 -0.82755029 3.1921556 0.41126782 -5.7097788 6.7626664e-42 
10.38 0.45136288 -0.81768274 3.2033978 0.40753394 -5.6947489 6.7738768e-42 
10.39 0.44976974 -0.80767268 3.2145262 0.4037559 -5.6797633 6.7976989e-42 
10.4 0.44815585 -0.79751956 3.2255383 0.39993349 -5.6648226 6.8089092e-42 
10.41 0.44652125 -0.78722304 3.2364311 0.39606661 -5.6499276 6.8327313e-42 
10.42 0.44486588 -0.77678269 3.2472019 0.39215508 -5.6350784 6.845343e-42 
10.43 0.44318962 -0.76619816 3.257848 0.38819873 -5.6202779 6.8677638e-42 
10.44 0.44149259 -0.75546914 3.2683661 0.38419741 -5.6055245 6.8803755e-42 
10.45 0.4397746 -0.74459517 3.2787535 0.38015109 -5.5908217 6.9027962e-42 
10.46 0.4380357 -0.73357606 3.2890069 0.37605947 -5.5761681 6.9154079e-42 
10.47 0.43627584 -0.72241133 3.299124 0.37192249 -5.5615654 6.9266183e-42 
10.48 0.434495 -0.71110088 3.3091011 0.36774004 -5.5470152 6.9504404e-42 
10.49 0.43269315 -0.69964439 3.3189356 0.36351192 -5.532517 6.9616508e-42 
10.5 0.43087026 -0.68804157 3.3286238 0.35923809 -5.5180726 6.9854728e-42 
10.51 0.42902634 -0.67629218 3.3381631 0.35491836 -5.5036831 6.9980845e-42 
10.52 0.42716134 -0.66439611 3.3475502 0.35055262 -5.4893494 7.0205053e-42 
10.53 0.42527524 -0.65235305 3.3567817 0.34614083 -5.4750719 7.033117e-42 
10.54 0.42336804 -0.64016294 3.3658545 0.34168276 -5.4608517 7.0555378e-42 
10.55 0.42143974 -0.62782568 3.3747654 0.33717838 -5.4466891 7.0681495e-42 
10.56 0.41949037 -0.61534101 3.3835111 0.33262753 -5.4325862 7.0919715e-42 
10.57 0.41751984 -0.602709 3.3920882 0.32803023 -5.4185433 7.1031819e-42 
10.58 0.41552821 -0.58992934 3.4004934 0.32338625 -5.404561 7.127004e-42 
10.59 0.41351548 -0.57700223 3.4087231 0.31869557 -5.3906412 7.1382144e-42 
10.6 0.41148159 -0.56392765 3.416774 0.31395808 -5.3767834 7.1620365e-42 
10.61 0.40942666 -0.55070537 3.4246428 0.30917373 -5.3629899 7.1858585e-42 
10.62 0.40735063 -0.53733563 3.4323256 0.30434242 -5.3492608 7.1970689e-42 
10.63 0.40525353 -0.52381837 3.4398191 0.29946408 -5.335597 7.220891e-42 
10.64 0.40313536 -0.51015377 3.4471197 0.29453865 -5.322 7.2321014e-42 
10.65 0.40099621 -0.49634179 3.4542239 0.28956607 -5.3084702 7.2559234e-42 
10.66 0.39883602 -0.48238271 3.4611278 0.28454629 -5.2950087 7.2671338e-42 
10.67 0.39665484 -0.46827665 3.4678278 0.27947924 -5.2816167 7.2909559e-42 
10.68 0.39445275 -0.45402375 3.4743204 0.27436489 -5.2682943 7.3021663e-42 
10.69 0.39222974 -0.43962422 3.4806018 0.26920322 -5.2550435 7.3259884e-42 
10.7 0.38998586 -0.42507839 3.4866676 0.26399416 -5.2418647 7.3371988e-42 
10.71 0.38772115 -0.4103865 3.4925146 0.25873768 -5.2287583 7.3610208e-42 
10.72 0.3854357 -0.39554882 3.4981391 0.25343379 -5.2157264 7.3848429e-42 
10.73 0.38312954 -0.38056567 3.5035367 0.24808247 -5.2027688 7.3960533e-42 
10.74 0.38080269 -0.36543748 3.5087037 0.24268369 -5.189887 7.4198754e-42 
10.75 0.37845525 -0.35016459 3.5136361 0.23723747 -5.1770821 7.4324871e-42 
10.76 0.37608725 -0.33474749 3.5183299 0.23174377 -5.1643538 7.4549078e-42 
10.77 0.3736988 -0.3191866 3.5227809 0.22620265 -5.1517048 7.4675195e-42 
10.78 0.37128991 -0.30348238 3.5269852 0.22061409 -5.1391354 7.4899403e-42 
10.79 0.36886075 -0.28763542 3.5309386 0.21497813 -5.1266456 7.5137624e-42 
10.8 0.36641133 -0.27164623 3.534637 0.2092948 -5.1142373 7.5263741e-42 
10.81 0.36394176 -0.25551543 3.5380762 0.20356412 -5.1019111 7.5487948e-42 
10.82 0.36145213 -0.23924364 3.5412517 0.19778615 -5.0896683 7.5614065e-42 
10.83 0.35894254 -0.22283152 3.5441597 0.19196095 -5.0775084 7.5838273e-42 
10.84 0.35641304 -0.20627975 3.5467956 0.18608856 -5.065434 7.6076494e-42 
10.85 0.35386384 -0.18958908 3.5491552 0.18016905 -5.0534458 7.620261e-42 
10.86 0.35129496 -0.17276029 3.5512338 0.17420247 -5.041544 7.6426818e-42 
10.87 0.34870657 -0.15579417 3.5530274 0.16818894 -5.0297294 7.6665039e-42 
10.88 0.34609878 -0.13869157 3.5545313 0.16212855 -5.0180035 7.6777143e-42 
10.89 0.34347168 -0.12145337 3.5557411 0.15602137 -5.0063667 7.7015364e-42 
10.9 0.34082544 -0.1040805 3.5566521 0.1498675 -4.9948201 7.7253584e-42 
10.91 0.33816019 -0.086573891 3.5572598 0.14366712 -4.9833651 7.7365688e-42 
10.92 0.33547607 -0.068934567 3.55756 0.13742028 -4.972002 7.7603909e-42 
10.93 0.33277321 -0.051163558 3.5575471 0.13112713 -4.960731 7.7716013e-42 
10.94 0.33005181 -0.033261936 3.5572176 0.12478785 -4.9495549 7.7954234e-42 
10.95 0.32731199 -0.015230828 3.5565658 0.11840255 -4.9384727 7.8192454e-42 
10.96 0.32455397 0.0029286155 3.5555873 0.1119714 -4.9274869 7.8304558e-42 
10.97 0.32177782 0.021215191 3.5542774 0.10549457 -4.9165964 7.8542779e-42 
10.98 0.31898379 0.039627653 3.5526311 0.098972254 -4.9058037 7.8781e-42 
10.99 0.31617212 0.058164719 3.5506439 0.092404619 -4.8951087 7.8893104e-42 
11 0.3133429 0.07682506 3.5483105 0.085791878 -4.8845134 7.9131324e-42 
11.01 0.31049636 0.095607311 3.5456257 0.079134226 -4.8740168 7.9369545e-42 
11.02 0.30763274 0.11451004 3.5425851 0.072431907 -4.8636217 7.9607766e-42 
11.03 0.30475223 0.13353181 3.5391836 0.065685123 -4.8533278 7.971987e-42 
11.04 0.30185503 0.1526711 3.5354156 0.058894146 -4.8431358 7.995809e-42 
11.05 0.2989414 0.17192636 3.5312767 0.052059203 -4.8330469 8.0182298e-42 
11.06 0.29601154 0.19129601 3.5267613 0.045180578 -4.8230619 8.0308415e-42 
11.07 0.29306573 0.2107784 3.5218642 0.038258534 -4.8131814 8.0546636e-42 
11.08 0.29010418 0.23037183 3.5165803 0.031293359 -4.8034072 8.0770843e-42 
11.09 0.28712717 0.2500746 3.5109048 0.024285357 -4.7937384 8.1009064e-42 
11.1 0.28413498 0.26988491 3.5048318 0.017234838 -4.7841763 8.1121168e-42 
11.11 0.28112784 0.28980091 3.4983563 0.010142126 -4.7747226 8.1359389e-42 
11.12 0.27810603 0.3098208 3.4914727 0.0030075561 -4.7653775 8.159761e-42 
11.13 0.27506989 0.32994255 3.4841762 -0.0041685198 -4.7561412 8.1709713e-42 
11.14 0.27201968 0.35016426 3.4764605 -0.011385741 -4.747015 8.1947934e-42 
11.15 0.26895574 0.37048391 3.4683208 -0.018643729 -4.7379994 8.2186155e-42 
11.16 0.26587832 0.39089939 3.4597516 -0.025942098 -4.7290955 8.2424376e-42 
11.17 0.26278779 0.4114086 3.450747 -0.033280443 -4.7203035 8.253648e-42 
11.18 0.25968447 0.4320094 3.4413018 -0.040658344 -4.7116246 8.27747e-42 
11.19 0.2565687 0.45269951 3.4314108 -0.04807537 -4.7030587 8.3012921e-42 
11.2 0.25344086 0.47347674 3.4210672 -0.055531073 -4.6946073 8.3237129e-42 
11.21 0.25030124 0.49433872 3.4102664 -0.063024998 -4.6862707 8.347535e-42 
11.22 0.24715027 0.51528305 3.3990028 -0.070556663 -4.6780496 8.3587453e-42 
11.23 0.24398832 0.53630739 3.38727 -0.078125574 -4.6699443 8.3825674e-42 
11.24 0.24081576 0.55740929 3.3750627 -0.085731223 -4.6619558 8.4063895e-42 
11.25 0.23763302 0.57858604 3.362375 -0.093373097 -4.6540847 8.4302116e-42 
11.26 0.23444048 0.59983528 3.3492017 -0.10105064 -4.6463313 8.4414219e-42 
11.27 0.23123854 0.62115431 3.3355362 -0.10876328 -4.6386962 8.465244e-42 
11.28 0.22802769 0.64254045 3.3213735 -0.11651049 -4.6311803 8.4890661e-42 
11.29 0.22480835 0.66399103 3.3067071 -0.12429163 -4.6237841 8.5114869e-42 
11.3 0.22158097 0.68550313 3.291532 -0.13210613 -4.616508 8.5353089e-42 
11.31 0.21834603 0.70707405 3.2758415 -0.13995332 -4.6093521 8.5465193e-42 
11.32 0.21510397 0.72870088 3.2596304 -0.14783257 -4.6023178 8.5703414e-42 
11.33 0.21185531 0.75038069 3.2428925 -0.15574323 -4.5954046 8.5941635e-42 
11.34 0.20860054 0.77211058 3.2256222 -0.16368459 -4.5886135 8.6179856e-42 
11.35 0.20534018 0.79388732 3.2078133 -0.17165598 -4.5819445 8.6404063e-42 
11.36 0.20207475 0.81570804 3.18946 -0.17965664 -4.5753984 8.6642284e-42 
11.37 0.1988048 0.83756953 3.1705573 -0.18768585 -4.5689759 8.6880505e-42 
11.38 0.19553086 0.85946858 3.1510983 -0.19574282 -4.5626769 8.6992609e-42 
11.39 0.19225352 0.88140202 3.1310775 -0.20382677 -4.5565014 8.7230829e-42 
11.4 0.18897334 0.90336657 3.1104891 -0.21193692 -4.5504503 8.746905e-42 
11.41 0.18569091 0.92535889 3.0893278 -0.2200724 -4.5445242 8.7707271e-42 
11.42 0.18240686 0.9473756 3.0675871 -0.2282324 -4.5387225 8.7931479e-42 
11.43 0.17912181 0.96941328 3.0452621 -0.236416 -4.5330462 8.8169699e-42 
11.44 0.17583635 0.99146855 3.0223467 -0.24462231 -4.5274954 8.840792e-42 
11.45 0.17255118 1.0135378 2.9988351 -0.25285044 -4.5220695 8.8520024e-42 
11.46 0.16926695 1.0356175 2.9747217 -0.2610994 -4.5167699 8.8758245e-42 
11.47 0.16598433 1.057704 2.9500012 -0.26936823 -4.5115957 8.8996465e-42 
11.48 0.16270404 1.0797938 2.9246686 -0.27765593 -4.5065479 8.9234686e-42 
11.49 0.15942676 1.1018833 2.8987179 -0.28596148 -4.5016265 8.9458894e-42 
11.5 0.15615326 1.1239686 2.8721437 -0.29428384 -4.4968309 8.9697115e-42 
11.51 0.15288424 1.1460459 2.8449416 -0.3026219 -4.4921613 8.9935335e-42 
11.52 0.1496205 1.1681116 2.8171058 -0.31097457 -4.4876184 9.0173556e-42 
11.53 0.1463628 1.1901618 2.7886319 -0.31934074 -4.483202 9.0397764e-42 
11.54 0.14311194 1.2121925 2.7595146 -0.32771921 -4.4789109 9.0635985e-42 
11.55 0.13986875 1.2342001 2.7297494 -0.33610877 -4.4747467 9.0874205e-42 
11.56 0.13663404 1.2561805 2.699332 -0.34450826 -4.4707088 9.0986309e-42 
11.57 0.13340867 1.2781298 2.6682577 -0.35291639 -4.4667959 9.122453e-42 
11.58 0.13019353 1.3000439 2.6365228 -0.36133179 -4.4630089 9.1462751e-42 
11.59 0.12698948 1.3219191 2.6041234 -0.3697533 -4.4593482 9.1700972e-42 
11.6 0.12379746 1.3437512 2.5710554 -0.37817943 -4.455812 9.1925179e-42 
11.61 0.12061837 1.3655361 2.5373154 -0.38660887 -4.4524007 9.21634e-42 
11.62 0.11745318 1.3872699 2.5029006 -0.39504015 -4.4491138 9.2401621e-42 
11.63 0.11430284 1.4089484 2.4678082 -0.40347183 -4.4459519 9.2639841e-42 
11.64 0.11116837 1.4305677 2.4320354 -0.4119024 -4.4429131 9.2864049e-42 
11.65 0.10805076 1.4521238 2.3955803 -0.42033035 -4.4399981 9.310227e-42 
11.66 0.10495106 1.4736124 2.3584411 -0.42875409 -4.4372058 9.3340491e-42 
11.67 0.10187031 1.4950296 2.3206162 -0.437172 -4.434536 9.3578711e-42 
11.68 0.0988096 1.5163715 2.2821047 -0.44558245 -4.4319878 9.3802919e-42 
11.69 0.095770016 1.5376337 2.2429068 -0.45398369 -4.4295607 9.404114e-42 
11.7 0.092752695 1.5588126 2.2030222 -0.46237406 -4.4272542 9.4279361e-42 
11.71 0.089758784 1.5799038 2.162452 -0.47075173 -4.4250674 9.4517581e-42 
11.72 0.086789437 1.6009037 2.1211972 -0.47911483 -4.4229994 9.4741789e-42 
11.73 0.083845861 1.6218084 2.0792603 -0.48746157 -4.4210496 9.498001e-42 
11.74 0.080929264 1.642614 2.0366437 -0.49578997 -4.4192176 9.5218231e-42 
11.75 0.078040905 1.6633165 1.9933513 -0.50409806 -4.417501 9.5456451e-42 
11.76 0.075182028 1.6839123 1.9493876 -0.51238388 -4.4159002 9.5680659e-42 
11.77 0.072353929 1.7043977 1.9047579 -0.52064526 -4.4144139 9.591888e-42 
11.78 0.069557935 1.724769 1.8594686 -0.52888012 -4.4130411 9.6157101e-42 
11.79 0.066795364 1.745023 1.8135272 -0.53708625 -4.4117794 9.6395321e-42 
11.8 0.064067595 1.7651561 1.7669425 -0.54526144 -4.4106293 9.6619529e-42 
11.81 0.06137602 1.7851653 1.7197242 -0.55340332 -4.4095883 9.6983867e-42 
11.82 0.058722038 1.805047 1.6718836 -0.56150961 -4.4086556 9.7208074e-42 
11.83 0.0561071 1.8247986 1.6234335 -0.56957793 -4.4078298 9.7446295e-42 
11.84 0.053532664 1.8444171 1.5743879 -0.57760566 -4.4071097 9.7684516e-42 
11.85 0.051000219 1.8638997 1.5247626 -0.5855903 -4.4064927 9.7922737e-42 
11.86 0.048511282 1.8832442 1.4745753 -0.59352928 -4.4059787 9.8146944e-42 
11.87 0.046067383 1.9024483 1.4238453 -0.60141987 -4.4055653 9.8385165e-42 
11.88 0.043670088 1.92151 1.3725941 -0.60925931 -4.4052501 9.8623386e-42 
11.89 0.04132098 1.9404274 1.3208451 -0.61704475 -4.4050317 9.8861607e-42 
11.9 0.039021667 1.9591992 1.2686241 -0.62477338 -4.4049087 9.9085814e-42 
11.91 0.036773778 1.9778244 1.2159587 -0.63244218 -4.4048791 9.9324035e-42 
11.92 0.034578964 1.9963021 1.1628796 -0.64004809 -4.4049397 9.967436e-42 
11.93 0.032438908 2.0146322 1.1094193 -0.64758801 -4.4050903 9.9912581e-42 
11.94 0.030355297 2.0328147 1.0556138 -0.65505886 -4.4053268 1.001508e-41 
11.95 0.028329855 2.0508504 1.0015002 -0.66245735 -4.4056478 1.0038902e-41 
11.96 0.026364313 2.0687406 0.94711965 -0.66978014 -4.4060516 1.0061323e-41 
11.97 0.024460433 2.0864871 0.89251477 -0.67702407 -4.4065342 1.0085145e-41 
11.98 0.022619994 2.1040928 0.83773106 -0.68418568 -4.4070945 1.0108967e-41 
11.99 0.020844787 2.1215611 0.78281558 -0.69126189 -4.4077291 1.0144e-41 
12 0.019136637 2.1388969 0.72781742 -0.69824928 -4.4084353 1.0167822e-41 
12.01 0.017497383 2.1561058 0.67278612 -0.70514482 -4.4092107 1.0190242e-41 
12.02 0.015928891 2.1731951 0.61777139 -0.71194559 -4.4100523 1.0214065e-41 
12.03 0.01443305 2.1901736 0.56282127 -0.71864915 -4.4109569 1.0237887e-41 
12.04 0.013011781 2.2070522 0.50798047 -0.72525334 -4.4119225 1.0261709e-41 
12.05 0.01166704 2.2238441 0.45328709 -0.73175693 -4.4129448 1.0296741e-41 
12.06 0.010400817 2.2405658 0.39876911 -0.73815989 -4.4140215 1.0320563e-41 
12.07 0.0092151463 2.2572362 0.34443867 -0.74446398 -4.4151487 1.0342984e-41 
12.08 0.0081121018 2.2738807 0.29028463 -0.75067329 -4.4163251 1.0366806e-41 
12.09 0.0070937858 2.2905283 0.23626167 -0.75679606 -4.4175458 1.0390628e-41 
12.1 0.0061622928 2.3072176 0.18227598 -0.76284617 -4.4188099 1.0425661e-41 
12.11 0.0053196168 2.3239956 0.12816513 -0.76884645 -4.4201145 1.0449483e-41 
12.12 0.0045674448 2.3409226 0.073671609 -0.77483308 -4.4214573 1.0473305e-41 
12.13 0.003906698 2.3580761 0.018409792 -0.78086323 -4.4228377 1.0495725e-41 
12.14 0.0033365423 2.3755577 -0.038169775 -0.78702664 -4.4242563 1.0530758e-41 
12.15 0.0028522448 2.3934996 -0.096801437 -0.793464 -4.4257174 1.055458e-41 
12.16 0.002440566 2.4120772 -0.15835686 -0.80039442 -4.4272285 1.0578402e-41 
12.17 0.0020700546 2.4315188 -0.2235765 -0.80815333 -4.4288073 1.0602224e-41 
12.18 0.0016726475 2.4521134 -0.29220068 -0.81722957 -4.4304838 1.0637257e-41 
12.19 0.0011221451 2.4741986 -0.3608155 -0.82825536 -4.4323196 1.0661079e-41 
12.2 0.00027738544 2.4981284 -0.41960356 -0.84184659 -4.4344234 1.0683499e-41 
12.21 -0.00076177396 2.5243161 -0.45371038 -0.85815036 -4.4369864 1.0718532e-41 
12.22 -0.0015674647 2.5534751 -0.45547485 -0.87589478 -4.4403205 1.0754966e-41 
12.23 -0.0019832146 2.5867379 -0.4322398 -0.89218217 -4.4449821 1.081382e-41 
12.24 -0.0022890288 2.6251988 -0.39495245 -0.90394646 -4.4520068 1.096516e-41 
