0 10.042872 0 10.042872 0.83096099 0.16730167 0.043334 
0.0099999998 10.018391 -0.024503708 10.042894 0.79845273 0.16931042 0.070169427 
0.02 9.9939442 -0.049012661 10.042957 0.76716077 0.1726293 0.10441759 
0.029999999 9.9695139 -0.073542118 10.043056 0.7370863 0.17787653 0.13892186 
0.039999999 9.9451361 -0.098074913 10.043211 0.70818871 0.18552358 0.17224136 
0.050000001 9.9207964 -0.12262154 10.043418 0.68042326 0.19560844 0.20421839 
0.059999999 9.8964977 -0.14719868 10.043696 0.65374607 0.20768848 0.23487513 
0.07 9.8722496 -0.17179394 10.044044 0.62811482 0.22106473 0.26425943 
0.079999998 9.8480644 -0.19640923 10.044474 0.6034885 0.23504788 0.29242221 
0.090000004 9.8239241 -0.22105455 10.044979 0.57982796 0.24909797 0.3194136 
0.1 9.7998304 -0.24573994 10.04557 0.55709529 0.26284295 0.34528193 
0.11 9.7758055 -0.2704339 10.04624 0.53525418 0.27604383 0.37007377 
0.12 9.7518253 -0.29516554 10.046991 0.51426971 0.28855294 0.39383367 
0.13 9.7279148 -0.31991005 10.047825 0.49410841 0.30028251 0.4166044 
0.14 9.7040815 -0.34467316 10.048755 0.474738 0.31118441 0.43842679 
0.15000001 9.6803083 -0.36945629 10.049765 0.45612758 0.32123789 0.45933995 
0.16 9.6565876 -0.39426565 10.050854 0.43824741 0.33044264 0.47938114 
0.17 9.6329651 -0.41907406 10.052039 0.42106897 0.33881411 0.49858585 
0.18000001 9.6094131 -0.44389772 10.05331 0.40456486 0.3463802 0.5169875 
0.19 9.5859566 -0.46871471 10.054671 0.3887088 0.35317874 0.53461754 
0.2 9.5625944 -0.49353933 10.056133 0.37347555 0.35925493 0.55150491 
0.20999999 9.5393362 -0.51834917 10.057686 0.35884091 0.36465913 0.56767541 
0.22 9.5161724 -0.54315472 10.059327 0.3447817 0.36944485 0.58315063 
0.23 9.4931393 -0.56794167 10.061081 0.33127567 0.37366679 0.59794629 
0.23999999 9.4702282 -0.59270811 10.062937 0.31830156 0.37737936 0.61206913 
0.25 9.4474478 -0.61744118 10.064889 0.30583903 0.38063523 0.62551242 
0.25999999 9.4248047 -0.64214993 10.066955 0.29386869 0.38348445 0.63824916 
0.27000001 9.4023275 -0.66682816 10.069156 0.28237215 0.38597363 0.650222 
0.28 9.3799973 -0.69145775 10.071455 0.27133203 0.3881456 0.66133183 
0.28999999 9.3578644 -0.71602678 10.073891 0.26073205 0.39003918 0.67142808 
0.30000001 9.3358946 -0.74056435 10.076459 0.25055727 0.39168906 0.6803115 
0.31 9.3141451 -0.7650342 10.07918 0.24079432 0.39312613 0.68776339 
0.31999999 9.2925978 -0.78944254 10.082041 0.2314318 0.39437741 0.69361025 
0.33000001 9.2712622 -0.81379128 10.085053 0.222461 0.39546654 0.69780248 
0.34 9.2501802 -0.83805656 10.088237 0.21387675 0.39641398 0.70045465 
0.34999999 9.2293186 -0.86225462 10.091574 0.20567878 0.39723745 0.70181435 
0.36000001 9.2087269 -0.88636875 10.095096 0.19787337 0.39795208 0.70218277 
0.37 9.1883888 -0.91040325 10.098792 0.19047554 0.39857095 0.70184189 
0.38 9.1683254 -0.93435287 10.102678 0.18351135 0.39910525 0.70101732 
0.38999999 9.14855 -0.95820808 10.106758 0.1770198 0.39956456 0.69987291 
0.40000001 9.1290445 -0.98198652 10.111031 0.17105322 0.39995718 0.69852084 
0.41 9.1098633 -1.0056577 10.11552 0.16567406 0.4002904 0.69703561 
0.41999999 9.0909834 -1.0292368 10.12022 0.16094661 0.40057051 0.69546545 
0.43000001 9.0724163 -1.0527148 10.125132 0.15692306 0.40080324 0.69384164 
0.44 9.0541878 -1.076087 10.130275 0.15362799 0.40099362 0.69218433 
0.44999999 9.0362797 -1.0993576 10.135637 0.15104793 0.4011462 0.6905064 
0.46000001 9.0187416 -1.1225057 10.141247 0.14913173 0.40126503 0.68881631 
0.47 9.0015373 -1.1455507 10.147088 0.14780155 0.40135357 0.68711942 
0.47999999 8.9846954 -1.1684799 10.153175 0.14696831 0.40141493 0.68541932 
0.49000001 8.9682455 -1.1912804 10.159526 0.14654525 0.40145162 0.68371838 
0.5 8.9521704 -1.2139678 10.166138 0.1464566 0.40146589 0.68201822 
0.50999999 8.9364624 -1.2365355 10.172998 0.14664172 0.40145952 0.68031985 
0.51999998 8.9211559 -1.2589726 10.180128 0.14705627 0.401434 0.67862415 
0.52999997 8.9062567 -1.2812886 10.187546 0.14767222 0.40139052 0.6769315 
0.54000002 8.8917599 -1.3034668 10.195227 0.14847721 0.40132985 0.67524242 
0.55000001 8.8776779 -1.3255281 10.203206 0.14947405 0.40125227 0.6735571 
0.56 8.8640337 -1.3474398 10.211473 0.15068021 0.40115735 0.67187566 
0.56999999 8.8508091 -1.3692193 10.220028 0.15212697 0.40104398 0.67019826 
0.57999998 8.8380098 -1.3908706 10.22888 0.15385833 0.40091011 0.66852498 
0.58999997 8.8256521 -1.4123874 10.238039 0.15592881 0.40075296 0.66685581 
0.60000002 8.813735 -1.4337654 10.2475 0.15839991 0.4005692 0.66519082 
0.61000001 8.8022842 -1.4549971 10.257281 0.16133556 0.40035519 0.66352993 
0.62 8.7912912 -1.4760747 10.267366 0.16479628 0.40010744 0.66187316 
0.63 8.7807398 -1.4970155 10.277756 0.16883337 0.39982295 0.66022056 
0.63999999 8.770689 -1.5177946 10.288484 0.17348403 0.39949948 0.65857208 
0.64999998 8.761075 -1.5384254 10.2995 0.17876793 0.39913574 0.6569277 
0.66000003 8.751955 -1.5588927 10.310848 0.18468627 0.3987315 0.65528744 
0.67000002 8.7433071 -1.5792036 10.322511 0.19122262 0.39828742 0.65365124 
0.68000001 8.7351542 -1.599339 10.334494 0.1983456 0.39780495 0.6520192 
0.69 8.7274704 -1.6193171 10.346787 0.20601234 0.39728618 0.65039116 
0.69999999 8.7202959 -1.6391144 10.35941 0.21417215 0.39673355 0.64876723 
0.70999998 8.7136078 -1.6587172 10.372325 0.22277014 0.39614981 0.6471473 
0.72000003 8.7074242 -1.6781526 10.385576 0.23174991 0.3955377 0.64553148 
0.73000002 8.7017269 -1.6973929 10.39912 0.24105595 0.39489996 0.64391965 
0.74000001 8.6965523 -1.7164383 10.412991 0.25063515 0.39423928 0.64231187 
0.75 8.6918869 -1.7352867 10.427174 0.26043782 0.39355811 0.64070809 
0.75999999 8.6877232 -1.7539301 10.441653 0.27041826 0.39285877 0.63910836 
0.76999998 8.684082 -1.7723641 10.456446 0.28053492 0.3921434 0.63751256 
0.77999997 8.6809483 -1.7906008 10.471549 0.29075056 0.39141393 0.63592076 
0.79000002 8.6783276 -1.8086138 10.486941 0.30103195 0.39067209 0.63433295 
0.80000001 8.67624 -1.8264098 10.502649 0.3113496 0.38991946 0.63274908 
0.81 8.6746759 -1.8439746 10.51865 0.32167763 0.38915744 0.6311692 
0.81999999 8.6736231 -1.8613153 10.534939 0.33199328 0.38838729 0.62959325 
0.82999998 8.6731052 -1.8784318 10.551537 0.34227675 0.3876102 0.62802124 
0.83999997 8.6731167 -1.8952994 10.568417 0.35251078 0.38682714 0.62645316 
0.85000002 8.673646 -1.9119482 10.585594 0.36268038 0.38603902 0.62488896 
0.86000001 8.6747103 -1.9283428 10.603053 0.37277263 0.38524666 0.62332869 
0.87 8.6763096 -1.9444923 10.620802 0.38277647 0.38445082 0.62177229 
0.88 8.6784325 -1.9603953 10.638828 0.39268234 0.38365215 0.62021983 
0.88999999 8.6811008 -1.9760385 10.657139 0.40248218 0.38285121 0.61867124 
0.89999998 8.6843023 -1.9914336 10.675735 0.4121691 0.38204861 0.61712646 
0.91000003 8.6880245 -2.006588 10.694613 0.42173734 0.38124475 0.61558557 
0.92000002 8.6922836 -2.0214705 10.713755 0.43118215 0.38044012 0.61404854 
0.93000001 8.6970816 -2.0360837 10.733166 0.44049954 0.3796351 0.61251533 
0.94 8.7024374 -2.0504303 10.752868 0.44968635 0.37883005 0.61098593 
0.94999999 8.7082853 -2.0645428 10.772828 0.45874003 0.37802529 0.60946041 
0.95999998 8.7146959 -2.0783567 10.793053 0.46765861 0.37722111 0.60793865 
0.97000003 8.7216377 -2.0919061 10.813543 0.47644064 0.37641782 0.6064207 
0.98000002 8.7291002 -2.1052003 10.834301 0.48508516 0.3756156 0.60490656 
0.99000001 8.7371254 -2.1182075 10.855333 0.49359155 0.37481472 0.60339618 
1 8.7456808 -2.1309347 10.876616 0.50195956 0.37401539 0.60188955 
1.01 8.754756 -2.1434073 10.898163 0.51018924 0.37321776 0.60038674 
1.02 8.7643671 -2.1556029 10.91997 0.51828086 0.37242201 0.59888762 
1.03 8.7745161 -2.1675162 10.942032 0.52623504 0.37162834 0.59739226 
1.04 8.785202 -2.1791511 10.964354 0.53405261 0.37083685 0.59590065 
1.05 8.7964182 -2.190505 10.986923 0.54173434 0.37004766 0.59441274 
1.0599999 8.8081579 -2.201591 11.009748 0.54928148 0.36926094 0.59292859 
1.0700001 8.8204374 -2.2123837 11.032822 0.55669522 0.36847675 0.59144813 
1.08 8.83323 -2.222908 11.056138 0.56397688 0.36769524 0.58997136 
1.09 8.8465652 -2.2331548 11.07972 0.57112795 0.36691648 0.58849823 
1.1 8.860424 -2.2431111 11.103535 0.57814997 0.36614054 0.58702886 
1.11 8.8748016 -2.2528052 11.127607 0.58504462 0.3653675 0.58556312 
1.12 8.8897076 -2.2622223 11.15193 0.5918135 0.36459747 0.58410102 
1.13 8.9051371 -2.2713313 11.176468 0.59845835 0.36383048 0.58264261 
1.14 8.9210911 -2.28018 11.201271 0.60498101 0.36306661 0.58118784 
1.15 8.9375534 -2.2887616 11.226315 0.61138326 0.36230591 0.57973665 
1.16 8.954545 -2.2970529 11.251598 0.61766702 0.36154839 0.57828915 
1.17 8.9720478 -2.3050675 11.277115 0.62383401 0.36079416 0.57684523 
1.1799999 8.9900532 -2.3128133 11.302866 0.62988627 0.36004323 0.57540488 
1.1900001 9.0085897 -2.3202677 11.328857 0.63582563 0.35929564 0.57396817 
1.2 9.0276232 -2.3274727 11.355096 0.64165395 0.35855141 0.57253504 
1.21 9.0471649 -2.3343925 11.381557 0.6473732 0.35781059 0.57110554 
1.22 9.0672188 -2.3410263 11.408245 0.65298527 0.35707322 0.56967956 
1.23 9.0877695 -2.3473945 11.435163 0.65849209 0.35633928 0.56825709 
1.24 9.1088219 -2.3534942 11.462317 0.66389543 0.35560882 0.56683826 
1.25 9.1303816 -2.3593311 11.489713 0.66919726 0.35488185 0.56542289 
1.26 9.1524401 -2.3648853 11.517325 0.6743995 0.3541584 0.5640111 
1.27 9.1749868 -2.3701825 11.54517 0.67950386 0.3534385 0.56260288 
1.28 9.1980305 -2.3752003 11.573231 0.68451226 0.35272211 0.56119812 
1.29 9.2215509 -2.3799644 11.601515 0.68942654 0.35200927 0.55979687 
1.3 9.2455654 -2.3844628 11.630028 0.69424844 0.35129997 0.55839914 
1.3099999 9.270072 -2.3886862 11.658758 0.69897979 0.35059422 0.55700487 
1.3200001 9.2950535 -2.3926659 11.687719 0.70362228 0.34989208 0.55561411 
1.33 9.3205242 -2.3963614 11.716886 0.70817763 0.34919345 0.55422682 
1.34 9.3464651 -2.3998184 11.746284 0.71264762 0.34849843 0.55284297 
1.35 9.3728724 -2.4030123 11.775885 0.71703392 0.34780696 0.55146259 
1.36 9.3997612 -2.4059496 11.805711 0.72133809 0.34711906 0.55008566 
1.37 9.4271145 -2.4086328 11.835747 0.72556192 0.34643471 0.54871213 
1.38 9.4549284 -2.4110713 11.865999 0.72970688 0.34575391 0.54734206 
1.39 9.4832106 -2.4132457 11.896456 0.73377454 0.34507668 0.54597545 
1.4 9.5119534 -2.4151735 11.927127 0.73776656 0.344403 0.54461223 
1.41 9.541153 -2.4168415 11.957994 0.74168444 0.34373283 0.54325235 
1.42 9.5708141 -2.4182711 11.989085 0.74552959 0.34306622 0.54189593 
1.4299999 9.6009121 -2.4194646 12.020376 0.74930358 0.34240311 0.5405429 
1.4400001 9.6314526 -2.4204144 12.051867 0.75300783 0.34174353 0.53919321 
1.45 9.6624575 -2.4211097 12.083567 0.75664371 0.34108743 0.53784692 
1.46 9.693902 -2.4215741 12.115477 0.7602126 0.34043485 0.53650397 
1.47 9.7257719 -2.4218073 12.147579 0.76371598 0.33978572 0.53516442 
1.48 9.7580767 -2.421792 12.179869 0.76715511 0.33914006 0.53382814 
1.49 9.790823 -2.4215398 12.212362 0.7705313 0.33849785 0.53249526 
1.5 9.8239975 -2.421061 12.245058 0.77384585 0.33785906 0.53116566 
1.51 9.8575945 -2.4203467 12.277941 0.77710003 0.33722371 0.5298394 
1.52 9.8916063 -2.4194126 12.311019 0.78029513 0.33659175 0.52851647 
1.53 9.9260435 -2.4182334 12.344276 0.78343225 0.33596319 0.52719682 
1.54 9.9608889 -2.4168406 12.377729 0.78651261 0.335338 0.52588052 
1.55 9.9961576 -2.415215 12.411373 0.78953743 0.33471617 0.52456743 
1.5599999 10.031833 -2.4133759 12.445209 0.79250783 0.33409768 0.52325767 
1.5700001 10.067913 -2.411315 12.479228 0.79542488 0.3334825 0.52195114 
1.58 10.104395 -2.4090309 12.513426 0.79828972 0.33287066 0.52064788 
1.59 10.141261 -2.4065399 12.547801 0.80110341 0.3322621 0.51934791 
1.6 10.178541 -2.4038258 12.582367 0.80386698 0.33165681 0.51805115 
1.61 10.216202 -2.4008994 12.617102 0.8065815 0.33105478 0.51675767 
1.62 10.254251 -2.3977656 12.652018 0.80924791 0.33045596 0.51546735 
1.63 10.292689 -2.3944159 12.687105 0.81186724 0.32986039 0.5141803 
1.64 10.331503 -2.3908691 12.722372 0.81444043 0.32926798 0.51289648 
1.65 10.370695 -2.3871107 12.757806 0.81696844 0.32867879 0.51161581 
1.66 10.410266 -2.3831406 12.793406 0.81945223 0.32809272 0.51033837 
1.67 10.450197 -2.3789873 12.829185 0.82189256 0.32750982 0.50906414 
1.6799999 10.490507 -2.3746157 12.865123 0.82429045 0.32693005 0.50779307 
1.6900001 10.531168 -2.3700514 12.901219 0.82664669 0.32635337 0.50652516 
1.7 10.572191 -2.365304 12.937495 0.82896221 0.32577977 0.50526041 
1.71 10.613564 -2.3603644 12.973928 0.83123767 0.32520923 0.50399888 
1.72 10.655293 -2.355216 13.010509 0.83347404 0.32464173 0.50274044 
1.73 10.697369 -2.3498912 13.04726 0.83567208 0.32407728 0.50148517 
1.74 10.739792 -2.3443627 13.084154 0.83783251 0.32351583 0.50023299 
1.75 10.782554 -2.338654 13.121208 0.8399561 0.32295734 0.49898398 
1.76 10.825658 -2.3327651 13.158422 0.84204358 0.32240185 0.49773809 
1.77 10.869085 -2.3267021 13.195787 0.84409571 0.32184929 0.49649528 
1.78 10.912846 -2.3204522 13.233297 0.8461132 0.32129964 0.49525559 
1.79 10.956938 -2.3140197 13.270958 0.84809667 0.32075292 0.494019 
1.8 11.001345 -2.307415 13.30876 0.85004687 0.32020909 0.49278551 
1.8099999 11.046078 -2.3006353 13.346713 0.85196447 0.31966811 0.49155506 
1.8200001 11.091117 -2.2936807 13.384798 0.85385007 0.31913 0.49032772 
1.83 11.136466 -2.2865672 13.423033 0.85570431 0.31859469 0.48910344 
1.84 11.18213 -2.2792716 13.461401 0.85752779 0.31806222 0.4878822 
1.85 11.228096 -2.2718163 13.499912 0.85932118 0.31753254 0.48666403 
1.86 11.274357 -2.2642069 13.538564 0.86108506 0.3170056 0.4854489 
1.87 11.320917 -2.2564158 13.577333 0.86281997 0.31648144 0.48423678 
1.88 11.367768 -2.2484732 13.616241 0.86452645 0.31595999 0.4830277 
1.89 11.414905 -2.2403803 13.655285 0.86620516 0.31544128 0.48182163 
1.9 11.462326 -2.2321286 13.694454 0.86785656 0.31492525 0.4806186 
1.91 11.510034 -2.2237201 13.733753 0.86948115 0.31441188 0.47941855 
1.92 11.558013 -2.2151556 13.773169 0.87107956 0.31390119 0.47822151 
1.9299999 11.60626 -2.2064371 13.812697 0.87265223 0.31339315 0.47702745 
1.9400001 11.654786 -2.197577 13.852364 0.87419963 0.3128877 0.47583637 
1.95 11.703583 -2.1885681 13.892151 0.87572235 0.31238484 0.47464824 
1.96 11.752633 -2.1794181 13.932051 0.87722075 0.31188458 0.47346312 
1.97 11.801946 -2.1701226 13.972069 0.87869531 0.31138688 0.47228092 
1.98 11.851507 -2.1606913 14.012198 0.88014656 0.31089175 0.4711017 
1.99 11.901321 -2.1511164 14.052438 0.88157487 0.31039912 0.46992543 
2 11.951385 -2.141396 14.092781 0.88298076 0.30990899 0.46875209 
2.01 12.001688 -2.1315556 14.133244 0.88436455 0.30942136 0.46758166 
2.02 12.052237 -2.1215782 14.173815 0.88572675 0.30893621 0.46641415 
2.03 12.103023 -2.111465 14.214487 0.88706768 0.30845353 0.4652496 
2.04 12.15404 -2.1012244 14.255264 0.8883878 0.30797327 0.4640879 
2.05 12.205269 -2.090868 14.296137 0.88968748 0.30749542 0.46292916 
2.0599999 12.256741 -2.0803766 14.337117 0.89096713 0.30701998 0.46177328 
2.0699999 12.308434 -2.0697575 14.378191 0.89222711 0.30654693 0.46062028 
2.0799999 12.360334 -2.0590286 14.419363 0.89346778 0.30607623 0.45947015 
2.0899999 12.412457 -2.0481648 14.460623 0.89468944 0.30560791 0.45832291 
2.0999999 12.464786 -2.0371947 14.50198 0.89589256 0.3051419 0.45717856 
2.1099999 12.517316 -2.026113 14.543428 0.89707738 0.30467823 0.45603704 
2.1199999 12.570051 -2.0149164 14.584968 0.89824432 0.30421683 0.45489836 
2.1300001 12.622999 -2.0035992 14.626598 0.89939368 0.30375773 0.45376253 
2.1400001 12.676129 -1.9921651 14.668295 0.90052575 0.30330092 0.45262954 
2.1500001 12.729455 -1.9806437 14.710098 0.90164083 0.30284631 0.4514994 
2.1600001 12.782974 -1.9690037 14.751978 0.90273929 0.30239397 0.45037204 
2.1700001 12.83667 -1.9572525 14.793922 0.90382141 0.30194384 0.44924754 
2.1800001 12.890547 -1.9454107 14.835958 0.90488744 0.30149594 0.44812581 
2.1900001 12.944609 -1.933466 14.878075 0.90593773 0.30105019 0.44700688 
2.2 12.998835 -1.921423 14.920258 0.90697259 0.30060664 0.44589078 
2.21 13.053232 -1.909277 14.962509 0.90799218 0.30016521 0.44477743 
2.22 13.107808 -1.8970389 15.004847 0.90899688 0.29972595 0.44366688 
2.23 13.162532 -1.8847156 15.047247 0.90998697 0.29928881 0.44255909 
2.24 13.21742 -1.8722997 15.08972 0.91096258 0.29885378 0.44145408 
2.25 13.272467 -1.8597803 15.132247 0.91192406 0.29842082 0.44035184 
2.26 13.327662 -1.8471851 15.174847 0.91287172 0.29798996 0.43925232 
2.27 13.383015 -1.8345079 15.217523 0.91380566 0.29756117 0.43815556 
2.28 13.438504 -1.8217263 15.260231 0.9147262 0.29713443 0.43706155 
2.29 13.494146 -1.8088799 15.303026 0.91563362 0.29670972 0.43597025 
2.3 13.549907 -1.7959485 15.345856 0.91652805 0.29628703 0.43488169 
2.3099999 13.605817 -1.7829356 15.388752 0.91740978 0.29586634 0.43379584 
2.3199999 13.661862 -1.7698398 15.431702 0.91827899 0.29544765 0.4327127 
2.3299999 13.718032 -1.7566791 15.47471 0.91913593 0.29503095 0.43163228 
2.3399999 13.774324 -1.7434444 15.517769 0.91998082 0.29461619 0.43055454 
2.3499999 13.830733 -1.7301469 15.560881 0.92081386 0.2942034 0.42947951 
2.3599999 13.88727 -1.7167597 15.60403 0.92163521 0.29379255 0.42840716 
2.3699999 13.943923 -1.7033067 15.64723 0.92244518 0.2933836 0.42733747 
2.3800001 14.000673 -1.6897917 15.690465 0.92324382 0.29297659 0.42627046 
2.3900001 14.057547 -1.676218 15.733765 0.92403144 0.29257146 0.42520612 
2.4000001 14.11452 -1.6625581 15.777079 0.92480814 0.2921682 0.42414445 
2.4100001 14.171582 -1.6488671 15.82045 0.92557418 0.29176682 0.42308539 
2.4200001 14.228764 -1.6350937 15.863857 0.92632967 0.29136729 0.42202902 
2.4300001 14.286025 -1.621285 15.90731 0.92707485 0.29096961 0.42097524 
2.4400001 14.343382 -1.6073799 15.950762 0.92780989 0.29057375 0.41992414 
2.45 14.400832 -1.5934587 15.994291 0.92853492 0.29017973 0.41887563 
2.46 14.458365 -1.5794673 16.037832 0.92925012 0.2897875 0.41782975 
2.47 14.515985 -1.5654254 16.081409 0.92995566 0.28939706 0.41678649 
2.48 14.573676 -1.5513225 16.124998 0.93065166 0.28900841 0.41574582 
2.49 14.631435 -1.5371952 16.168631 0.93133837 0.28862152 0.41470775 
2.5 14.689286 -1.5229993 16.212286 0.9320159 0.28823638 0.41367227 
2.51 14.747186 -1.5087743 16.25596 0.93268436 0.287853 0.41263938 
2.52 14.805168 -1.4944811 16.299648 0.93334395 0.28747132 0.41160908 
2.53 14.863208 -1.4801688 16.343376 0.93399483 0.28709137 0.41058135 
2.54 14.921309 -1.4658184 16.387127 0.93463707 0.28671315 0.40955618 
2.55 14.979472 -1.4514079 16.43088 0.93527085 0.28633663 0.40853357 
2.5599999 15.037679 -1.436975 16.474653 0.93589634 0.28596178 0.4075135 
2.5699999 15.095936 -1.4225025 16.518438 0.9365136 0.28558859 0.40649599 
2.5799999 15.154221 -1.4080114 16.562233 0.93712282 0.28521705 0.40548101 
2.5899999 15.21259 -1.3934503 16.606041 0.93772411 0.2848472 0.4044686 
2.5999999 15.270984 -1.3788857 16.64987 0.9383176 0.28447896 0.40345868 
2.6099999 15.329417 -1.3642783 16.693695 0.93890339 0.28411233 0.40245131 
2.6199999 15.38789 -1.349658 16.737549 0.93948168 0.28374735 0.40144643 
2.6300001 15.446384 -1.3350029 16.781387 0.94005251 0.28338397 0.40044406 
2.6400001 15.504913 -1.3203173 16.82523 0.94061607 0.2830222 0.39944419 
2.6500001 15.563485 -1.3056064 16.869091 0.94117242 0.28266197 0.39844683 
2.6600001 15.62206 -1.2908893 16.912949 0.94172162 0.28230333 0.39745197 
2.6700001 15.680661 -1.2761369 16.956799 0.9422639 0.28194627 0.39645958 
2.6800001 15.739284 -1.2613587 17.000643 0.94279933 0.28159076 0.39546967 
2.6900001 15.797925 -1.2465749 17.0445 0.94332796 0.28123677 0.39448223 
2.7 15.856583 -1.23176 17.088343 0.94384998 0.28088433 0.39349726 
2.71 15.915224 -1.2169542 17.132179 0.94436544 0.2805334 0.39251474 
2.72 15.973904 -1.2021208 17.176025 0.94487447 0.28018397 0.39153469 
2.73 16.032576 -1.1872616 17.219837 0.94537717 0.27983606 0.39055708 
2.74 16.091242 -1.1724024 17.263645 0.94587362 0.27948964 0.38958189 
2.75 16.14991 -1.1575394 17.307449 0.94636387 0.2791447 0.38860917 
2.76 16.20857 -1.1426706 17.351242 0.94684809 0.27880123 0.38763887 
2.77 16.267244 -1.1277866 17.395031 0.94732636 0.27845922 0.38667098 
2.78 16.325893 -1.1128941 17.438787 0.94779873 0.27811864 0.3857055 
2.79 16.384539 -1.098011 17.48255 0.94826531 0.27777952 0.38474244 
2.8 16.443165 -1.0830975 17.526262 0.94872624 0.27744183 0.38378179 
2.8099999 16.501778 -1.0681944 17.569973 0.94918156 0.27710557 0.38282353 
2.8199999 16.560358 -1.0533009 17.613659 0.94963133 0.27677074 0.38186768 
2.8299999 16.618942 -1.0383911 17.657333 0.95007569 0.27643728 0.38091418 
2.8399999 16.677477 -1.0234947 17.700972 0.95051461 0.27610523 0.3799631 
2.8499999 16.735987 -1.008604 17.744591 0.95094836 0.27577457 0.37901437 
2.8599999 16.794464 -0.99372005 17.788185 0.95137686 0.27544528 0.37806803 
2.8699999 16.852926 -0.97882748 17.831753 0.95180023 0.27511737 0.37712404 
2.8800001 16.911331 -0.9639492 17.87528 0.95221853 0.27479079 0.37618241 
2.8900001 16.969723 -0.94908714 17.91881 0.95263189 0.27446559 0.37524313 
2.9000001 17.02807 -0.93422318 17.962294 0.95304036 0.27414173 0.3743062 
2.9100001 17.086359 -0.91938114 18.005741 0.95344394 0.27381921 0.3733716 
2.9200001 17.144611 -0.90454006 18.049152 0.95384282 0.273498 0.37243932 
2.9300001 17.202826 -0.88970661 18.092533 0.95423704 0.2731781 0.3715094 
2.9400001 17.260963 -0.87491703 18.13588 0.95462662 0.27285951 0.37058178 
2.95 17.319078 -0.86011791 18.179195 0.95501161 0.27254221 0.3696565 
2.96 17.377127 -0.84534073 18.222467 0.95539218 0.27222621 0.3687335 
2.97 17.435129 -0.83057022 18.265699 0.95576829 0.2719115 0.36781281 
2.98 17.493074 -0.8158226 18.308897 0.95614004 0.27159807 0.36689445 
2.99 17.550957 -0.80110359 18.35206 0.9565075 0.27128592 0.36597836 
3 17.608761 -0.78639603 18.395157 0.95687073 0.27097499 0.36506456 
3.01 17.666513 -0.77171898 18.438232 0.95722979 0.27066535 0.36415303 
3.02 17.724186 -0.75706959 18.481255 0.9575848 0.27035692 0.36324379 
3.03 17.781811 -0.74241447 18.524225 0.95793569 0.27004972 0.36233681 
3.04 17.839342 -0.72781658 18.567158 0.95828259 0.26974377 0.36143211 
3.05 17.896801 -0.71324348 18.610044 0.95862556 0.26943904 0.36052966 
3.0599999 17.954191 -0.69868946 18.652882 0.95896465 0.2691355 0.35962945 
3.0699999 18.011496 -0.68417645 18.695671 0.95929992 0.26883319 0.35873151 
3.0799999 18.068737 -0.66966534 18.738403 0.95963138 0.26853207 0.3578358 
3.0899999 18.125868 -0.65521908 18.781086 0.95995921 0.26823214 0.35694233 
3.0999999 18.182941 -0.6407671 18.823708 0.96028328 0.26793337 0.35605109 
3.1099999 18.239933 -0.62635326 18.866287 0.96060377 0.26763579 0.35516208 
3.1199999 18.296799 -0.61201191 18.90881 0.96092069 0.26733938 0.35427529 
3.1300001 18.353598 -0.59766483 18.951263 0.96123409 0.26704413 0.35339069 
3.1400001 18.410316 -0.58336449 18.993681 0.96154404 0.26675004 0.35250834 
3.1500001 18.466913 -0.56910229 19.036015 0.96185052 0.26645708 0.35162815 
3.1600001 18.523434 -0.554883 19.078316 0.96215367 0.26616529 0.35075018 
3.1700001 18.579855 -0.54069233 19.120548 0.96245348 0.26587459 0.34987441 
3.1800001 18.636179 -0.52654934 19.162727 0.96275002 0.26558504 0.34900081 
3.1900001 18.692385 -0.51244164 19.204826 0.96304327 0.26529661 0.34812939 
3.2 18.748482 -0.49838448 19.246866 0.96333337 0.26500925 0.34726018 
3.21 18.804485 -0.48435593 19.288841 0.96362031 0.26472303 0.34639311 
3.22 18.860382 -0.47037601 19.330757 0.96390414 0.26443791 0.34552822 
3.23 18.916164 -0.45642853 19.372593 0.96418494 0.26415387 0.34466547 
3.24 18.97184 -0.44254112 19.414381 0.9644627 0.26387092 0.3438049 
3.25 19.027418 -0.428689 19.456108 0.96473747 0.26358905 0.34294644 
3.26 19.082842 -0.41489697 19.497738 0.96500927 0.26330826 0.34209016 
3.27 19.138172 -0.4011507 19.539322 0.96527821 0.26302853 0.341236 
3.28 19.193373 -0.3874445 19.580818 0.96554428 0.26274985 0.34038398 
3.29 19.248486 -0.37378216 19.622269 0.9658075 0.26247221 0.33953407 
3.3 19.303453 -0.36016178 19.663616 0.96606791 0.26219565 0.33868632 
3.3099999 19.358292 -0.34661865 19.70491 0.96632564 0.26192009 0.33784065 
3.3199999 19.413008 -0.33311081 19.746119 0.96658057 0.26164559 0.33699709 
3.3299999 19.467606 -0.31965923 19.787266 0.96683288 0.26137212 0.33615565 
3.3399999 19.522064 -0.30626297 19.828327 0.9670825 0.26109964 0.33531633 
3.3499999 19.576406 -0.29291248 19.86932 0.96732956 0.2608282 0.33447909 
3.3599999 19.630594 -0.27961445 19.91021 0.967574 0.26055777 0.33364394 
3.3699999 19.684671 -0.26638031 19.951052 0.96781594 0.26028833 0.33281088 
3.3800001 19.738611 -0.25319004 19.991802 0.96805537 0.2600199 0.33197987 
3.3900001 19.792404 -0.24007702 20.032482 0.9682923 0.25975245 0.33115098 
3.4000001 19.846062 -0.22701931 20.073082 0.96852678 0.25948599 0.33032414 
3.4100001 19.899588 -0.21399307 20.113581 0.96875882 0.25922054 0.32949936 
3.4200001 19.952967 -0.20105171 20.154018 0.96898854 0.25895602 0.32867664 
3.4300001 20.006197 -0.18815231 20.194349 0.96921587 0.25869247 0.32785597 
3.4400001 20.059298 -0.17531872 20.234615 0.96944088 0.25842991 0.32703736 
3.45 20.112236 -0.16255856 20.274796 0.96966362 0.25816831 0.32622078 
3.46 20.16506 -0.14983082 20.314892 0.96988404 0.25790763 0.32540625 
3.47 20.217703 -0.13718987 20.354893 0.97010231 0.2576479 0.32459375 
3.48 20.270212 -0.12460804 20.394821 0.97031832 0.25738913 0.32378328 
3.49 20.322561 -0.11208916 20.43465 0.97053212 0.25713131 0.32297486 
3.5 20.37476 -0.099634171 20.474394 0.97074383 0.25687438 0.32216841 
3.51 20.426815 -0.087235451 20.51405 0.9709534 0.25661838 0.32136402 
3.52 20.478703 -0.074908257 20.553612 0.97116089 0.25636333 0.32056162 
3.53 20.530447 -0.062639236 20.593086 0.97136629 0.25610918 0.31976122 
3.54 20.582016 -0.050459862 20.632477 0.97156966 0.25585592 0.31896281 
3.55 20.633453 -0.038322449 20.671776 0.97177094 0.25560358 0.3181664 
3.5599999 20.684727 -0.0262537 20.710979 0.97197032 0.25535214 0.31737196 
3.5699999 20.735823 -0.014257431 20.75008 0.97216767 0.25510159 0.31657955 
3.5799999 20.786757 -0.0023326874 20.789089 0.97236311 0.25485191 0.31578907 
3.5899999 20.837538 0.0095129013 20.828026 0.97255659 0.25460312 0.31500059 
3.5999999 20.888145 0.021298409 20.866848 0.97274822 0.25435522 0.31421408 
3.6099999 20.938595 0.033023834 20.905571 0.97293794 0.25410819 0.31342953 
3.6199999 20.988882 0.044668198 20.944214 0.97312582 0.25386202 0.31264693 
3.6300001 21.038988 0.056237221 20.98275 0.9733119 0.25361672 0.31186628 
3.6400001 21.088928 0.067737579 21.021191 0.97349614 0.25337228 0.31108761 
3.6500001 21.138721 0.079174042 21.059547 0.97367859 0.25312871 0.31031087 
3.6600001 21.188309 0.090533257 21.097775 0.97385931 0.25288597 0.30953607 
3.6700001 21.23774 0.10180759 21.135933 0.97403824 0.25264406 0.30876318 
3.6800001 21.287006 0.11301804 21.173988 0.97421551 0.25240302 0.30799225 
3.6900001 21.336079 0.12415504 21.211924 0.97439104 0.25216278 0.30722323 
3.7 21.385 0.1352129 21.249786 0.97456485 0.25192341 0.30645615 
3.71 21.433712 0.14621067 21.287502 0.97473705 0.25168484 0.30569094 
3.72 21.482271 0.15711403 21.325157 0.97490764 0.25144708 0.30492768 
3.73 21.530645 0.16795063 21.362694 0.97507656 0.25121015 0.30416632 
3.74 21.578844 0.17869949 21.400145 0.97524387 0.25097406 0.30340686 
3.75 21.626867 0.18939972 21.437468 0.97540963 0.25073874 0.30264929 
3.76 21.674694 0.19999695 21.474697 0.97557384 0.25050423 0.30189362 
3.77 21.722345 0.21052074 21.511826 0.9757365 0.25027052 0.30113983 
3.78 21.769808 0.22097206 21.548836 0.97589761 0.25003761 0.30038792 
3.79 21.817097 0.23134518 21.585751 0.97605717 0.24980548 0.29963788 
3.8 21.864195 0.24163055 21.622564 0.9762153 0.24957414 0.29888973 
3.8099999 21.911114 0.25184822 21.659266 0.97637194 0.24934359 0.29814345 
3.8199999 21.957851 0.2619791 21.695873 0.97652715 0.24911381 0.29739901 
3.8299999 22.004396 0.27202511 21.732372 0.97668087 0.2488848 0.29665646 
3.8399999 22.050737 0.28200817 21.76873 0.97683322 0.24865656 0.29591575 
3.8499999 22.09691 0.2919035 21.805008 0.97698414 0.24842909 0.29517689 
3.8599999 22.142868 0.30169678 21.841171 0.97713363 0.24820237 0.29443988 
3.8699999 22.188667 0.31145191 21.877216 0.97728181 0.24797641 0.29370469 
3.8800001 22.234259 0.32108402 21.913174 0.97742856 0.24775121 0.29297134 
3.8900001 22.279657 0.33065891 21.948997 0.97757405 0.24752675 0.29223984 
3.9000001 22.324873 0.34015179 21.984722 0.97771811 0.24730302 0.29151016 
3.9100001 22.369877 0.3495388 22.020338 0.97786093 0.24708006 0.2907823 
3.9200001 22.414717 0.35887623 22.05584 0.97800243 0.24685782 0.29005626 
3.9300001 22.45933 0.36810303 22.091227 0.97814268 0.24663632 0.28933203 
3.9400001 22.503765 0.37726307 22.126503 0.97828162 0.24641553 0.28860959 
3.95 22.547998 0.38633919 22.161659 0.97841936 0.24619548 0.28788897 
3.96 22.59202 0.39530945 22.196711 0.9785558 0.24597615 0.28717017 
3.97 22.635868 0.40421963 22.231647 0.97869104 0.24575752 0.28645313 
3.98 22.679525 0.41304207 22.266483 0.97882503 0.24553962 0.2857379 
3.99 22.722956 0.4217701 22.301186 0.97895789 0.24532242 0.28502446 
4 22.766211 0.43043137 22.335779 0.9790895 0.24510594 0.28431278 
4.0100002 22.809258 0.43899345 22.370264 0.97921997 0.24489015 0.28360289 
4.02 22.852095 0.4474678 22.404627 0.97934926 0.24467506 0.28289479 
4.0300002 22.894747 0.45586777 22.438879 0.97947741 0.24446067 0.28218842 
4.04 22.937187 0.46419048 22.472996 0.97960442 0.24424696 0.28148383 
4.0500002 22.979424 0.47239876 22.507025 0.97973037 0.24403395 0.28078103 
4.0599999 23.021481 0.48054218 22.540939 0.97985512 0.24382161 0.28007993 
4.0700002 23.063311 0.48859882 22.574711 0.97997886 0.24360996 0.27938062 
4.0799999 23.104927 0.49656105 22.608366 0.98010147 0.24339898 0.27868304 
4.0900002 23.146357 0.50444126 22.641914 0.980223 0.24318868 0.27798721 
4.0999999 23.187592 0.51224327 22.675348 0.98034346 0.24297905 0.27729312 
4.1100001 23.228615 0.5199461 22.708668 0.98046285 0.24277008 0.27660075 
4.1199999 23.269413 0.52755833 22.741856 0.98058122 0.24256177 0.27591014 
4.1300001 23.310034 0.53509808 22.774937 0.98069859 0.24235412 0.27522123 
4.1399999 23.350447 0.54255486 22.807892 0.98081493 0.24214713 0.27453402 
4.1500001 23.390615 0.54989815 22.840717 0.98093027 0.2419408 0.27384856 
4.1599998 23.43062 0.55718422 22.873436 0.98104459 0.24173512 0.27316478 
4.1700001 23.470387 0.56435394 22.906033 0.98115796 0.24153006 0.27248272 
4.1799998 23.509975 0.57146263 22.938513 0.98127037 0.24132566 0.2718024 
4.1900001 23.549339 0.57847404 22.970865 0.98138177 0.2411219 0.27112374 
4.1999998 23.58848 0.58538246 23.003098 0.98149222 0.24091879 0.27044678 
4.21 23.627455 0.59223557 23.035219 0.98160172 0.24071629 0.26977152 
4.2199998 23.666172 0.59897518 23.067196 0.98171031 0.24051443 0.26909792 
4.23 23.704697 0.60562801 23.099068 0.98181796 0.24031319 0.26842603 
4.2399998 23.743025 0.61220741 23.130817 0.98192471 0.24011257 0.26775581 
4.25 23.781143 0.61868286 23.16246 0.98203057 0.23991258 0.26708725 
4.2600002 23.81904 0.62508965 23.193951 0.98213553 0.23971321 0.26642036 
4.27 23.85671 0.63138008 23.22533 0.9822396 0.23951444 0.26575518 
4.2800002 23.894203 0.63760662 23.256596 0.98234278 0.23931628 0.2650916 
4.29 23.931458 0.64373589 23.287722 0.98244506 0.23911874 0.26442972 
4.3000002 23.968523 0.64978409 23.318739 0.98254657 0.23892181 0.26376948 
4.3099999 24.005352 0.65572166 23.34963 0.98264718 0.23872547 0.26311088 
4.3200002 24.041986 0.66159344 23.380394 0.98274696 0.23852973 0.26245394 
4.3299999 24.078415 0.66737175 23.411043 0.98284584 0.2383346 0.26179862 
4.3400002 24.11462 0.67306614 23.441555 0.98294401 0.23814005 0.26114494 
4.3499999 24.150627 0.67866898 23.471958 0.98304129 0.23794608 0.26049289 
4.3600001 24.18639 0.68417931 23.502211 0.98313779 0.23775271 0.25984249 
4.3699999 24.221973 0.68960285 23.532372 0.98323345 0.23755991 0.25919369 
4.3800001 24.257322 0.69493294 23.562389 0.9833284 0.2373677 0.25854653 
4.3899999 24.292458 0.70018673 23.59227 0.98342252 0.23717608 0.25790098 
4.4000001 24.327381 0.70533848 23.622044 0.98351586 0.23698503 0.25725704 
4.4099998 24.36211 0.71041012 23.651699 0.98360842 0.23679455 0.25661471 
4.4200001 24.396624 0.7154026 23.681221 0.98370022 0.23660463 0.25597396 
4.4299998 24.430897 0.72027874 23.710617 0.98379129 0.23641528 0.25533485 
4.4400001 24.464973 0.72509575 23.739878 0.98388165 0.2362265 0.25469732 
4.4499998 24.498817 0.72981071 23.769007 0.98397124 0.23603828 0.25406137 
4.46 24.532467 0.73444271 23.798023 0.98406011 0.23585063 0.25342703 
4.4699998 24.565916 0.73898029 23.826935 0.9841482 0.23566352 0.25279424 
4.48 24.599119 0.74342632 23.855694 0.98423564 0.23547697 0.25216305 
4.4899998 24.632103 0.74778557 23.884317 0.98432237 0.23529097 0.25153345 
4.5 24.66494 0.7520895 23.912849 0.98440838 0.23510551 0.25090539 
4.5100002 24.697479 0.75626945 23.94121 0.98449367 0.23492062 0.25027892 
4.52 24.729845 0.76037025 23.969475 0.98457831 0.23473625 0.24965402 
4.5300002 24.762012 0.76439762 23.997616 0.98466229 0.23455243 0.24903066 
4.54 24.793932 0.76831245 24.02562 0.98474556 0.23436914 0.24840888 
4.5500002 24.825653 0.77216148 24.053492 0.98482817 0.2341864 0.24778864 
4.5599999 24.857141 0.77590561 24.081236 0.98491013 0.23400417 0.24716994 
4.5700002 24.888435 0.77958965 24.108845 0.98499143 0.23382248 0.2465528 
4.5799999 24.919521 0.78316689 24.136354 0.98507208 0.23364133 0.2459372 
4.5900002 24.95039 0.78666401 24.163727 0.98515207 0.23346069 0.24532314 
4.5999999 24.981047 0.79007816 24.190968 0.98523146 0.23328057 0.24471059 
4.6100001 25.011461 0.79338646 24.218075 0.9853102 0.23310098 0.24409959 
4.6199999 25.041685 0.79662991 24.245056 0.98538834 0.2329219 0.24349011 
4.6300001 25.071709 0.79977608 24.271933 0.98546582 0.23274334 0.24288215 
4.6399999 25.101482 0.80283642 24.298645 0.98554271 0.2325653 0.24227571 
4.6500001 25.131052 0.80580235 24.325249 0.98561901 0.23238775 0.24167079 
4.6599998 25.160414 0.80869389 24.351719 0.98569465 0.23221073 0.24106738 
4.6700001 25.189566 0.81150341 24.378063 0.98576975 0.23203421 0.24046546 
4.6799998 25.218481 0.81421089 24.40427 0.98584425 0.23185818 0.23986506 
4.6900001 25.247179 0.81683731 24.430342 0.98591816 0.23168266 0.23926616 
4.6999998 25.275707 0.81939793 24.45631 0.98599154 0.23150764 0.23866874 
4.71 25.303984 0.82184887 24.482136 0.98606426 0.23133311 0.23807283 
4.7199998 25.332077 0.82423401 24.507843 0.9861365 0.23115908 0.23747839 
4.73 25.359934 0.82651997 24.533413 0.98620814 0.23098554 0.23688544 
4.7399998 25.387579 0.82873154 24.558847 0.98627919 0.23081249 0.23629399 
4.75 25.415012 0.83084965 24.584164 0.98634976 0.23063992 0.23570399 
4.7600002 25.442257 0.83289051 24.609367 0.98641974 0.23046784 0.23511548 
4.77 25.469244 0.8348341 24.634411 0.98648918 0.23029624 0.23452844 
4.7800002 25.496048 0.83670521 24.659344 0.98655808 0.23012513 0.23394285 
4.79 25.52265 0.83850479 24.684145 0.98662645 0.22995448 0.23335873 
4.8000002 25.549004 0.84019852 24.708805 0.98669428 0.22978432 0.23277608 
4.8099999 25.57518 0.84182453 24.733356 0.98676163 0.22961463 0.23219487 
4.8200002 25.60113 0.84336758 24.757763 0.98682845 0.22944541 0.23161511 
4.8299999 25.626867 0.84482002 24.782047 0.98689473 0.22927667 0.23103681 
4.8400002 25.652422 0.84620285 24.806219 0.98696053 0.22910838 0.23045994 
4.8499999 25.677729 0.84750175 24.830227 0.9870258 0.22894056 0.22988452 
4.8600001 25.702833 0.84870529 24.854128 0.98709059 0.22877322 0.22931054 
4.8699999 25.727707 0.84982491 24.877882 0.9871549 0.22860633 0.228738 
4.8800001 25.752399 0.85087585 24.901524 0.98721868 0.22843988 0.22816686 
4.8899999 25.776894 0.85184765 24.925045 0.98728198 0.22827391 0.22759718 
4.9000001 25.801147 0.85272503 24.948421 0.98734486 0.22810839 0.22702891 
4.9099998 25.825169 0.85351372 24.971655 0.98740721 0.22794332 0.22646205 
4.9200001 25.849041 0.85425091 24.994789 0.98746908 0.2277787 0.22589661 
4.9299998 25.872692 0.85490513 25.017788 0.98753053 0.22761452 0.22533257 
4.9400001 25.896091 0.85545444 25.040638 0.98759145 0.2274508 0.22476996 
4.9499998 25.919313 0.85594177 25.063372 0.98765194 0.22728752 0.22420874 
4.96 25.942318 0.8563385 25.085979 0.98771203 0.22712469 0.22364894 
4.9699998 25.96513 0.85665607 25.108475 0.98777157 0.22696228 0.22309051 
4.98 25.987719 0.85691738 25.130802 0.98783076 0.22680034 0.22253351 
4.9899998 26.01008 0.85705948 25.153021 0.98788941 0.22663881 0.22197787 
5 26.032265 0.85716915 25.175095 0.9879477 0.22647773 0.22142363 
5.0100002 26.054232 0.85717106 25.19706 0.98800552 0.22631706 0.22087078 
5.02 26.075979 0.85708618 25.218893 0.98806292 0.22615685 0.2203193 
5.0300002 26.097548 0.85694313 25.240604 0.98811984 0.22599705 0.21976919 
5.04 26.118881 0.85671806 25.262163 0.98817641 0.22583769 0.21922047 
5.0500002 26.140011 0.85641384 25.283596 0.98823249 0.22567874 0.21867311 
5.0599999 26.160938 0.85603619 25.304901 0.98828816 0.22552022 0.21812713 
5.0700002 26.181675 0.85559082 25.326084 0.98834348 0.22536214 0.21758249 
5.0799999 26.202217 0.85506535 25.347153 0.98839831 0.22520445 0.21703923 
5.0900002 26.222532 0.85445213 25.36808 0.98845279 0.2250472 0.21649732 
5.0999999 26.242628 0.85376453 25.388863 0.98850685 0.22489035 0.21595676 
5.1100001 26.26255 0.85301876 25.409531 0.9885605 0.22473392 0.21541756 
5.1199999 26.282253 0.8521843 25.430069 0.98861378 0.2245779 0.21487971 
5.1300001 26.30176 0.85129261 25.450466 0.98866659 0.22442231 0.21434318 
5.1399999 26.321033 0.85029125 25.470741 0.98871911 0.2242671 0.213808 
5.1500001 26.340149 0.84924412 25.490906 0.9887712 0.22411232 0.21327417 
5.1599998 26.359026 0.84810066 25.510925 0.98882288 0.22395793 0.21274166 
5.1700001 26.377712 0.84690189 25.530811 0.9888742 0.22380395 0.21221048 
5.1799998 26.396236 0.84564686 25.550591 0.98892516 0.22365037 0.21168062 
5.1900001 26.414513 0.8442955 25.570217 0.9889757 0.22349718 0.21115209 
5.1999998 26.432575 0.84285736 25.589718 0.98902589 0.2233444 0.21062489 
5.21 26.450468 0.84139061 25.609077 0.98907572 0.22319202 0.210099 
5.2199998 26.468147 0.83980751 25.62834 0.98912519 0.22304003 0.20957442 
5.23 26.485638 0.83819866 25.647438 0.98917431 0.22288844 0.20905115 
5.2399998 26.502956 0.83648682 25.66647 0.98922306 0.22273724 0.20852919 
5.25 26.520042 0.83471584 25.685326 0.98927146 0.22258642 0.20800853 
5.2600002 26.536928 0.83286572 25.704063 0.98931944 0.222436 0.20748916 
5.27 26.553596 0.8309288 25.722668 0.98936713 0.22228596 0.20697109 
5.2800002 26.570108 0.828969 25.741138 0.98941445 0.2221363 0.20645434 
5.29 26.586395 0.82691002 25.759485 0.98946148 0.22198702 0.20593885 
5.3000002 26.602501 0.82478714 25.777714 0.98950809 0.22183813 0.20542467 
5.3099999 26.618399 0.8225956 25.795803 0.98955441 0.22168963 0.20491175 
5.3200002 26.634102 0.82033539 25.813766 0.98960036 0.22154149 0.20440012 
5.3299999 26.64963 0.81801224 25.831617 0.98964602 0.22139375 0.20388977 
5.3400002 26.664936 0.81561947 25.849316 0.98969132 0.22124636 0.2033807 
5.3499999 26.680063 0.81317234 25.86689 0.98973632 0.22109936 0.2028729 
5.3600001 26.694973 0.81062794 25.884346 0.98978096 0.22095272 0.20236637 
5.3699999 26.709721 0.8080492 25.901672 0.98982525 0.22080646 0.2018611 
5.3800001 26.724249 0.80539131 25.918858 0.98986924 0.22066057 0.20135708 
5.3899999 26.738585 0.8026495 25.935936 0.98991293 0.22051504 0.20085433 
5.4000001 26.752748 0.79987526 25.952873 0.98995632 0.22036989 0.20035283 
5.4099998 26.766718 0.79703808 25.969681 0.98999935 0.2202251 0.1998526 
5.4200001 26.780485 0.79411507 25.98637 0.99004209 0.22008066 0.19935361 
5.4299998 26.794039 0.79112339 26.002914 0.99008453 0.21993659 0.19885585 
5.4400001 26.807419 0.78806114 26.019358 0.99012667 0.21979289 0.19835936 
5.4499998 26.820652 0.78498268 26.035669 0.99016851 0.21964952 0.19786409 
5.46 26.833647 0.78179359 26.051853 0.99021 0.21950653 0.19737005 
5.4699998 26.846458 0.77855396 26.067905 0.99025124 0.2193639 0.19687726 
5.48 26.85907 0.77527714 26.083794 0.99029213 0.21922161 0.1963857 
5.4899998 26.871504 0.77190971 26.099594 0.99033278 0.21907967 0.19589536 
5.5 26.883751 0.76848412 26.115267 0.99037308 0.2189381 0.19540624 
5.5100002 26.89583 0.76503563 26.130795 0.99041313 0.21879686 0.19491836 
5.52 26.907698 0.76147652 26.146221 0.99045289 0.21865599 0.19443169 
5.5300002 26.919405 0.75789261 26.161512 0.99049234 0.21851546 0.19394623 
5.54 26.930904 0.75422287 26.176682 0.99053156 0.21837527 0.19346198 
5.5500002 26.942217 0.75051022 26.191708 0.99057049 0.21823542 0.19297895 
5.5599999 26.953341 0.74672413 26.206615 0.99060911 0.21809591 0.19249712 
5.5700002 26.964304 0.7429142 26.22139 0.99064744 0.21795675 0.1920165 
5.5799999 26.975056 0.73902035 26.236034 0.99068552 0.21781793 0.19153707 
5.5900002 26.985641 0.73507881 26.250563 0.99072331 0.21767944 0.19105884 
5.5999999 26.996021 0.73105526 26.264965 0.9907608 0.21754129 0.1905818 
5.6100001 27.006237 0.72700214 26.279236 0.99079806 0.21740349 0.19010596 
5.6199999 27.016277 0.72288609 26.293392 0.99083507 0.21726601 0.1896313 
5.6300001 27.026106 0.71870327 26.307404 0.99087179 0.21712887 0.18915783 
5.6399999 27.035793 0.71448135 26.321312 0.99090821 0.21699207 0.18868555 
5.6500001 27.045259 0.71020031 26.33506 0.99094445 0.21685559 0.18821444 
5.6599998 27.054596 0.70588589 26.348709 0.99098039 0.21671943 0.1877445 
5.6700001 27.063705 0.70148945 26.362217 0.99101603 0.21658361 0.18727575 
5.6799998 27.072649 0.69703865 26.37561 0.99105144 0.21644811 0.18680815 
5.6900001 27.081408 0.69252682 26.388882 0.9910866 0.21631294 0.18634173 
5.6999998 27.089996 0.68797874 26.402018 0.99112153 0.21617809 0.18587649 
5.71 27.098429 0.6833868 26.415043 0.99115622 0.21604356 0.18541239 
5.7199998 27.106649 0.67872238 26.427927 0.99119061 0.21590936 0.18494946 
5.73 27.114695 0.67403889 26.440655 0.99122477 0.21577549 0.18448767 
5.7399998 27.122568 0.66926003 26.453308 0.99125868 0.21564192 0.18402705 
5.75 27.130295 0.66446495 26.46583 0.99129236 0.21550867 0.18356757 
5.7600002 27.137812 0.65960217 26.47821 0.9913258 0.21537575 0.18310924 
5.77 27.145184 0.6547308 26.490452 0.991359 0.21524313 0.18265206 
5.7800002 27.152359 0.64976501 26.502594 0.99139196 0.21511084 0.18219602 
5.79 27.159351 0.64474297 26.514608 0.99142468 0.21497884 0.18174112 
5.8000002 27.166197 0.63970566 26.526491 0.99145716 0.21484718 0.18128735 
5.8099999 27.172832 0.63459778 26.538235 0.99148941 0.21471581 0.18083471 
5.8200002 27.179344 0.62946415 26.549881 0.99152142 0.21458475 0.18038321 
5.8299999 27.185644 0.62425518 26.56139 0.99155325 0.214454 0.17993283 
5.8400002 27.191776 0.61901379 26.572762 0.99158478 0.21432357 0.17948358 
5.8499999 27.197828 0.61378193 26.584045 0.99161613 0.21419342 0.17903545 
5.8600001 27.203569 0.60840702 26.595161 0.99164724 0.21406358 0.17858844 
5.8699999 27.209204 0.6030407 26.606163 0.99167812 0.21393406 0.17814255 
5.8800001 27.214699 0.59763527 26.617064 0.99170876 0.21380484 0.17769776 
5.8899999 27.219994 0.59216213 26.627831 0.99173921 0.21367592 0.1772541 
5.9000001 27.22508 0.58664322 26.638437 0.99176943 0.21354729 0.17681153 
5.9099998 27.230064 0.58108902 26.648975 0.99179941 0.21341896 0.17637007 
5.9200001 27.234858 0.57550716 26.659351 0.99182916 0.21329093 0.17592973 
5.9299998 27.239496 0.56986809 26.669628 0.99185878 0.2131632 0.17549047 
5.9400001 27.24395 0.56419373 26.679756 0.99188811 0.21303576 0.1750523 
5.9499998 27.248281 0.55850506 26.689777 0.99191725 0.21290861 0.17461525 
5.96 27.252392 0.55272865 26.699663 0.99194616 0.21278176 0.17417927 
5.9699998 27.256382 0.54692745 26.709454 0.99197489 0.2126552 0.17374438 
5.98 27.260147 0.54108047 26.719067 0.99200338 0.21252893 0.17331059 
5.9899998 27.263823 0.53522396 26.7286 0.99203169 0.21240295 0.17287788 
6 27.26729 0.52932453 26.737965 0.99205977 0.21227726 0.17244624 
6.0100002 27.270641 0.52335167 26.74729 0.99208766 0.21215186 0.17201568 
6.02 27.273771 0.51736832 26.756403 0.99211538 0.21202675 0.1715862 
6.0300002 27.276754 0.51132774 26.765427 0.99214286 0.2119019 0.17115779 
6.04 27.279619 0.50527954 26.77434 0.99217016 0.21177736 0.17073046 
6.0500002 27.282297 0.49917316 26.783123 0.99219722 0.2116531 0.17030418 
6.0599999 27.284803 0.49303627 26.791767 0.99222416 0.21152911 0.16987897 
6.0700002 27.287159 0.48686218 26.800297 0.9922508 0.21140541 0.16945483 
6.0799999 27.289396 0.48066711 26.808729 0.99227732 0.21128199 0.16903174 
6.0900002 27.291426 0.47441769 26.817009 0.99230361 0.21115884 0.16860971 
6.0999999 27.293278 0.46812153 26.825157 0.99232972 0.21103598 0.16818874 
6.1100001 27.295023 0.46182919 26.833195 0.99235564 0.21091339 0.16776881 
6.1199999 27.296616 0.45550251 26.841114 0.99238139 0.21079108 0.16734993 
6.1300001 27.298018 0.44911385 26.848904 0.9924069 0.21066904 0.16693211 
6.1399999 27.299286 0.44269943 26.856586 0.9924323 0.21054728 0.16651532 
6.1500001 27.300392 0.43626976 26.864122 0.99245745 0.21042579 0.16609958 
6.1599998 27.301346 0.42981243 26.871532 0.99248242 0.21030457 0.16568486 
6.1700001 27.302143 0.42328453 26.878859 0.99250722 0.21018362 0.16527119 
6.1799998 27.30279 0.41676712 26.886023 0.99253184 0.21006294 0.16485855 
6.1900001 27.303253 0.41020203 26.893051 0.99255627 0.20994253 0.16444695 
6.1999998 27.30364 0.40363026 26.900009 0.99258047 0.20982239 0.16403636 
6.21 27.303822 0.39699745 26.906824 0.99260455 0.20970251 0.1636268 
6.2199998 27.303867 0.39035892 26.913509 0.99262846 0.20958291 0.16321827 
6.23 27.303759 0.3836956 26.920063 0.99265218 0.20946355 0.16281076 
6.2399998 27.303476 0.37699127 26.926485 0.99267566 0.20934448 0.16240427 
6.25 27.303083 0.3702631 26.932819 0.99269903 0.20922565 0.16199879 
6.2600002 27.302525 0.3635006 26.939024 0.99272221 0.2091071 0.16159432 
6.27 27.301826 0.35671711 26.94511 0.99274522 0.2089888 0.16119087 
6.2800002 27.300978 0.34991837 26.951059 0.99276805 0.20887077 0.16078842 
6.29 27.299976 0.34308815 26.956888 0.9927907 0.20875299 0.16038696 
6.3000002 27.298866 0.3362627 26.962605 0.99281323 0.20863548 0.15998653 
6.3099999 27.297567 0.32936668 26.968201 0.99283552 0.20851822 0.15958709 
6.3200002 27.29612 0.32247257 26.973648 0.99285769 0.20840122 0.15918864 
6.3299999 27.294527 0.31554508 26.978981 0.99287969 0.20828447 0.1587912 
6.3400002 27.292801 0.30860329 26.984198 0.9929015 0.20816797 0.15839474 
6.3499999 27.29096 0.30165195 26.989307 0.99292314 0.20805173 0.15799926 
6.3600001 27.288921 0.29464245 26.994278 0.99294466 0.20793575 0.15760478 
6.3699999 27.286776 0.28763485 26.999142 0.99296594 0.20782001 0.15721129 
6.3800001 27.284496 0.28061676 27.00388 0.9929871 0.20770453 0.15681878 
6.3899999 27.28204 0.27356243 27.008476 0.99300814 0.20758928 0.15642725 
6.4000001 27.279459 0.26649761 27.012962 0.99302894 0.20747431 0.1560367 
6.4099998 27.276775 0.25943089 27.017345 0.99304962 0.20735957 0.15564713 
6.4200001 27.27392 0.2523241 27.021595 0.99307013 0.20724507 0.15525852 
6.4299998 27.270927 0.24521065 27.025717 0.99309051 0.20713083 0.15487088 
6.4400001 27.267765 0.23805332 27.029713 0.99311072 0.20701683 0.15448421 
6.4499998 27.264482 0.23089886 27.033585 0.99313074 0.20690307 0.15409851 
6.46 27.261105 0.22373581 27.037369 0.99315065 0.20678957 0.15371378 
6.4699998 27.257542 0.21656227 27.040979 0.99317038 0.2066763 0.15333 
6.48 27.253857 0.20936203 27.044495 0.99318993 0.20656328 0.15294717 
6.4899998 27.250023 0.20213795 27.047886 0.99320936 0.20645049 0.15256532 
6.5 27.246103 0.1949091 27.051193 0.99322867 0.20633794 0.15218441 
6.5100002 27.241978 0.18764877 27.054329 0.99324781 0.20622565 0.15180445 
6.52 27.237762 0.18039989 27.057362 0.99326676 0.20611358 0.15142544 
6.5300002 27.233383 0.17312431 27.060259 0.9932856 0.20600176 0.15104738 
6.54 27.228893 0.16585922 27.063034 0.99330425 0.20589016 0.15067026 
6.5500002 27.224306 0.1585722 27.065735 0.99332279 0.20577881 0.15029408 
6.5599999 27.21954 0.15128136 27.068258 0.99334115 0.20566769 0.14991884 
6.5700002 27.214651 0.14396286 27.070688 0.99335939 0.20555681 0.14954455 
6.5799999 27.209642 0.13665867 27.072983 0.99337745 0.20544617 0.14917117 
6.5900002 27.204466 0.1292944 27.075172 0.99339539 0.20533575 0.14879875 
6.5999999 27.199156 0.12195206 27.077204 0.99341321 0.20522557 0.14842725 
6.6100001 27.193771 0.1146183 27.079153 0.99343085 0.20511562 0.14805667 
6.6199999 27.188231 0.10725784 27.080973 0.99344838 0.2050059 0.14768702 
6.6300001 27.182585 0.099906921 27.082678 0.99346572 0.20489641 0.14731829 
6.6399999 27.176767 0.092532158 27.084236 0.99348295 0.20478714 0.14695048 
6.6500001 27.170843 0.085136414 27.085707 0.99350005 0.2046781 0.1465836 
6.6599998 27.164776 0.077754974 27.087021 0.99351698 0.2045693 0.14621763 
6.6700001 27.158627 0.070381165 27.088245 0.99353379 0.20446073 0.14585257 
6.6799998 27.152328 0.062973976 27.089355 0.99355042 0.20435236 0.14548843 
6.6900001 27.145866 0.055569649 27.090298 0.99356699 0.20424424 0.1451252 
6.6999998 27.13932 0.048172951 27.091148 0.99358338 0.20413633 0.14476286 
6.71 27.132614 0.040753365 27.091862 0.99359959 0.20402865 0.14440143 
6.7199998 27.125845 0.033358574 27.092487 0.99361575 0.2039212 0.14404091 
6.73 27.118933 0.02596283 27.09297 0.99363172 0.20381396 0.14368129 
6.7399998 27.111881 0.018541336 27.09334 0.99364758 0.20370695 0.14332257 
6.75 27.10471 0.011133194 27.093576 0.99366331 0.20360015 0.14296475 
6.7600002 27.097403 0.0037069321 27.093697 0.99367887 0.20349358 0.14260781 
6.77 27.089989 -0.0037069321 27.093697 0.99369431 0.20338723 0.14225177 
6.7800002 27.082443 -0.011133194 27.093576 0.99370962 0.20328109 0.14189662 
6.79 27.074799 -0.018541336 27.09334 0.99372482 0.20317517 0.14154235 
6.8000002 27.067007 -0.02596283 27.09297 0.9937399 0.20306948 0.14118896 
6.8099999 27.059128 -0.033358574 27.092487 0.9937548 0.20296399 0.14083648 
6.8200002 27.051107 -0.040753365 27.091862 0.99376959 0.20285872 0.14048485 
6.8299999 27.042974 -0.048172951 27.091148 0.99378425 0.20275366 0.14013411 
6.8400002 27.034727 -0.055569649 27.090298 0.99379879 0.20264883 0.13978425 
6.8499999 27.026381 -0.062973976 27.089355 0.99381322 0.2025442 0.13943526 
6.8600001 27.017864 -0.070381165 27.088245 0.99382752 0.20243979 0.13908714 
6.8699999 27.009266 -0.077754974 27.087021 0.99384165 0.2023356 0.13873988 
6.8800001 27.00057 -0.085136414 27.085707 0.99385571 0.2022316 0.13839351 
6.8899999 26.991703 -0.092532158 27.084236 0.9938696 0.20212781 0.13804799 
6.9000001 26.982771 -0.099906921 27.082678 0.99388337 0.20202425 0.13770333 
6.9099998 26.973715 -0.10725784 27.080973 0.99389708 0.2019209 0.13735954 
6.9200001 26.964535 -0.1146183 27.079153 0.99391061 0.20181774 0.13701661 
6.9299998 26.955252 -0.12195206 27.077204 0.99392402 0.2017148 0.13667452 
6.9400001 26.945877 -0.1292944 27.075172 0.99393731 0.20161206 0.1363333 
6.9499998 26.936325 -0.13665867 27.072983 0.99395049 0.20150954 0.13599293 
6.96 26.926725 -0.14396286 27.070688 0.99396354 0.20140721 0.13565341 
6.9699998 26.916977 -0.15128136 27.068258 0.99397647 0.20130509 0.13531473 
6.98 26.907162 -0.1585722 27.065735 0.99398923 0.20120317 0.13497691 
6.9899998 26.897175 -0.16585922 27.063034 0.99400192 0.20110147 0.13463992 
7 26.887135 -0.17312431 27.060259 0.9940145 0.20099996 0.13430378 
7.0100002 26.876963 -0.18039989 27.057362 0.99402696 0.20089865 0.13396847 
7.02 26.86668 -0.18764877 27.054329 0.9940393 0.20079756 0.13363402 
7.0300002 26.856285 -0.1949091 27.051193 0.99405152 0.20069665 0.13330038 
7.04 26.845747 -0.20213795 27.047886 0.99406362 0.20059595 0.13296758 
7.0500002 26.835133 -0.20936203 27.044495 0.9940756 0.20049545 0.13263561 
7.0599999 26.824417 -0.21656227 27.040979 0.99408746 0.20039515 0.13230447 
7.0700002 26.813633 -0.22373581 27.037369 0.99409926 0.20029505 0.13197416 
7.0799999 26.802685 -0.23089886 27.033585 0.99411088 0.20019513 0.13164468 
7.0900002 26.791658 -0.23805332 27.029713 0.99412239 0.20009543 0.13131602 
7.0999999 26.780506 -0.24521065 27.025717 0.99413383 0.19999592 0.13098818 
7.1100001 26.769272 -0.2523241 27.021595 0.9941451 0.1998966 0.13066116 
7.1199999 26.757914 -0.25943089 27.017345 0.9941563 0.1997975 0.13033494 
7.1300001 26.746464 -0.26649761 27.012962 0.99416739 0.19969857 0.13000956 
7.1399999 26.734915 -0.27356243 27.008476 0.99417835 0.19959983 0.12968497 
7.1500001 26.723263 -0.28061676 27.00388 0.9941892 0.19950131 0.12936121 
7.1599998 26.711506 -0.28763485 26.999142 0.99419993 0.19940296 0.12903824 
7.1700001 26.699636 -0.29464245 26.994278 0.99421054 0.1993048 0.1287161 
7.1799998 26.687656 -0.30165195 26.989307 0.99422103 0.19920686 0.12839475 
7.1900001 26.675594 -0.30860329 26.984198 0.99423146 0.19910909 0.1280742 
7.1999998 26.663437 -0.31554508 26.978981 0.99424177 0.1990115 0.12775445 
7.21 26.651175 -0.32247257 26.973648 0.99425197 0.19891413 0.12743551 
7.2199998 26.638834 -0.32936668 26.968201 0.99426204 0.19881693 0.12711737 
7.23 26.626341 -0.3362627 26.962605 0.99427199 0.19871992 0.1268 
7.2399998 26.6138 -0.34308815 26.956888 0.99428189 0.19862311 0.12648344 
7.25 26.601141 -0.34991837 26.951059 0.99429166 0.19852647 0.12616767 
7.2600002 26.588392 -0.35671711 26.94511 0.99430132 0.19843003 0.12585269 
7.27 26.575523 -0.3635006 26.939024 0.99431086 0.19833377 0.12553848 
7.2800002 26.562557 -0.3702631 26.932819 0.99432027 0.1982377 0.12522507 
7.29 26.549494 -0.37699127 26.926485 0.99432963 0.19814181 0.12491245 
7.3000002 26.536367 -0.3836956 26.920063 0.99433887 0.1980461 0.1246006 
7.3099999 26.523149 -0.39035892 26.913509 0.99434799 0.19795059 0.12428953 
7.3200002 26.509827 -0.39699745 26.906824 0.99435699 0.19785526 0.12397923 
7.3299999 26.49638 -0.40363026 26.900009 0.99436593 0.19776011 0.12366971 
7.3400002 26.482849 -0.41020203 26.893051 0.99437475 0.19766514 0.12336097 
7.3499999 26.469255 -0.41676712 26.886023 0.99438345 0.19757035 0.12305299 
7.3600001 26.455574 -0.42328453 26.878859 0.9943921 0.19747575 0.12274579 
7.3699999 26.441721 -0.42981243 26.871532 0.99440062 0.19738133 0.12243935 
7.3800001 26.427853 -0.43626976 26.864122 0.99440902 0.19728708 0.12213368 
7.3899999 26.413887 -0.44269943 26.856586 0.99441731 0.19719303 0.12182877 
7.4000001 26.39979 -0.44911385 26.848904 0.99442554 0.19709913 0.12152462 
7.4099998 26.385611 -0.45550251 26.841114 0.99443364 0.19700544 0.12122124 
7.4200001 26.371365 -0.46182919 26.833195 0.99444163 0.1969119 0.12091861 
7.4299998 26.357035 -0.46812153 26.825157 0.99444956 0.19681856 0.12061673 
7.4400001 26.34259 -0.47441769 26.817009 0.99445736 0.19672538 0.12031561 
7.4499998 26.328062 -0.48066711 26.808729 0.99446505 0.19663239 0.12001525 
7.46 26.313435 -0.48686218 26.800297 0.99447268 0.19653957 0.11971563 
7.4699998 26.298731 -0.49303627 26.791767 0.99448019 0.19644693 0.11941676 
7.48 26.283951 -0.49917316 26.783123 0.99448758 0.19635445 0.11911864 
7.4899998 26.26906 -0.50527954 26.77434 0.99449492 0.19626217 0.11882126 
7.5 26.254099 -0.51132774 26.765427 0.99450213 0.19617005 0.11852462 
7.5100002 26.239035 -0.51736832 26.756403 0.99450922 0.19607809 0.11822873 
7.52 26.223938 -0.52335167 26.74729 0.99451625 0.19598632 0.11793357 
7.5300002 26.208641 -0.52932453 26.737965 0.99452323 0.19589472 0.11763915 
7.54 26.193375 -0.53522396 26.7286 0.99453002 0.19580328 0.11734547 
7.5500002 26.177986 -0.54108047 26.719067 0.99453676 0.19571203 0.11705252 
7.5599999 26.162527 -0.54692745 26.709454 0.99454343 0.19562094 0.1167603 
7.5700002 26.146935 -0.55272865 26.699663 0.99454999 0.19553003 0.11646881 
7.5799999 26.131271 -0.55850506 26.689777 0.99455643 0.19543928 0.11617805 
7.5900002 26.115562 -0.56419373 26.679756 0.9945628 0.19534871 0.11588801 
7.5999999 26.09976 -0.56986809 26.669628 0.99456906 0.19525829 0.11559871 
7.6100001 26.083843 -0.57550716 26.659351 0.9945752 0.19516805 0.11531012 
7.6199999 26.067886 -0.58108902 26.648975 0.99458128 0.19507799 0.11502226 
7.6300001 26.051794 -0.58664322 26.638437 0.9945873 0.19498807 0.1147351 
7.6399999 26.035669 -0.59216213 26.627831 0.99459314 0.19489834 0.11444867 
7.6500001 26.019428 -0.59763527 26.617064 0.99459898 0.19480877 0.11416296 
7.6599998 26.003122 -0.6030407 26.606163 0.99460471 0.19471936 0.11387796 
7.6700001 25.986755 -0.60840702 26.595161 0.99461031 0.19463012 0.11359368 
7.6799998 25.970264 -0.61378193 26.584045 0.99461579 0.19454105 0.11331009 
7.6900001 25.953749 -0.61901379 26.572762 0.99462128 0.19445214 0.11302722 
7.6999998 25.937134 -0.62425518 26.56139 0.99462658 0.19436339 0.11274506 
7.71 25.920416 -0.62946415 26.549881 0.99463183 0.19427481 0.1124636 
7.7199998 25.903637 -0.63459778 26.538235 0.99463701 0.19418639 0.11218284 
7.73 25.886786 -0.63970566 26.526491 0.99464208 0.19409813 0.11190279 
7.7399998 25.869865 -0.64474297 26.514608 0.99464709 0.19401003 0.11162343 
7.75 25.852829 -0.64976501 26.502594 0.99465197 0.1939221 0.11134477 
7.7600002 25.835722 -0.6547308 26.490452 0.9946568 0.19383433 0.11106681 
7.77 25.818607 -0.65960217 26.47821 0.99466151 0.19374672 0.11078954 
7.7800002 25.801365 -0.66446495 26.46583 0.9946661 0.19365928 0.11051296 
7.79 25.784048 -0.66926003 26.453308 0.99467063 0.19357198 0.11023708 
7.8000002 25.766617 -0.67403889 26.440655 0.9946751 0.19348484 0.10996189 
7.8099999 25.749205 -0.67872238 26.427927 0.99467945 0.19339788 0.10968738 
7.8200002 25.731655 -0.6833868 26.415043 0.99468374 0.19331107 0.10941356 
7.8299999 25.714039 -0.68797874 26.402018 0.99468791 0.19322442 0.10914042 
7.8400002 25.696354 -0.69252682 26.388882 0.99469203 0.19313791 0.10886797 
7.8499999 25.678572 -0.69703865 26.37561 0.99469608 0.19305158 0.10859618 
7.8600001 25.660727 -0.70148945 26.362217 0.99469995 0.19296539 0.10832509 
7.8699999 25.642824 -0.70588589 26.348709 0.99470383 0.19287936 0.10805467 
7.8800001 25.624859 -0.71020031 26.33506 0.99470758 0.19279349 0.10778493 
7.8899999 25.606831 -0.71448135 26.321312 0.99471128 0.19270778 0.10751586 
7.9000001 25.588699 -0.71870327 26.307404 0.99471486 0.19262221 0.10724746 
7.9099998 25.570505 -0.72288609 26.293392 0.99471831 0.1925368 0.10697973 
7.9200001 25.552233 -0.72700214 26.279236 0.99472177 0.19245155 0.10671267 
7.9299998 25.533911 -0.73105526 26.264965 0.99472511 0.19236645 0.10644627 
7.9400001 25.515484 -0.73507881 26.250563 0.99472833 0.19228151 0.10618055 
7.9499998 25.497015 -0.73902035 26.236034 0.99473149 0.19219671 0.10591549 
7.96 25.478476 -0.7429142 26.22139 0.99473459 0.19211207 0.10565109 
7.9699998 25.459892 -0.74672413 26.206615 0.99473757 0.1920276 0.10538734 
7.98 25.441196 -0.75051022 26.191708 0.99474049 0.19194326 0.10512426 
7.9899998 25.422459 -0.75422287 26.176682 0.99474329 0.19185907 0.10486184 
8 25.40362 -0.75789261 26.161512 0.99474603 0.19177504 0.10460007 
8.0100002 25.384745 -0.76147652 26.146221 0.99474871 0.19169116 0.10433895 
8.0200005 25.365759 -0.76503563 26.130795 0.99475127 0.19160742 0.10407849 
8.0299997 25.346783 -0.76848412 26.115267 0.99475378 0.19152384 0.10381868 
8.04 25.327684 -0.77190971 26.099594 0.99475622 0.1914404 0.10355952 
8.0500002 25.308516 -0.77527714 26.083794 0.99475855 0.19135712 0.103301 
8.0600004 25.289351 -0.77855396 26.067905 0.99476081 0.19127399 0.10304312 
8.0699997 25.27006 -0.78179359 26.051853 0.99476296 0.19119099 0.1027859 
8.0799999 25.250687 -0.78498268 26.035669 0.99476504 0.19110815 0.10252932 
8.0900002 25.231297 -0.78806114 26.019358 0.99476707 0.19102545 0.10227337 
8.1000004 25.211792 -0.79112339 26.002914 0.99476898 0.19094291 0.10201807 
8.1099997 25.192255 -0.79411507 25.98637 0.99477082 0.19086051 0.1017634 
8.1199999 25.172642 -0.79703808 25.969681 0.99477261 0.19077826 0.10150937 
8.1300001 25.152998 -0.79987526 25.952873 0.99477428 0.19069615 0.10125598 
8.1400003 25.133286 -0.8026495 25.935936 0.99477589 0.19061418 0.10100321 
8.1499996 25.113466 -0.80539131 25.918858 0.99477744 0.19053236 0.10075109 
8.1599998 25.093622 -0.8080492 25.901672 0.99477887 0.19045068 0.10049959 
8.1700001 25.073717 -0.81062794 25.884346 0.99478024 0.19036916 0.10024871 
8.1800003 25.053719 -0.81317234 25.86689 0.99478149 0.19028777 0.099998467 
8.1899996 25.033697 -0.81561947 25.849316 0.99478275 0.19020653 0.099748842 
8.1999998 25.013605 -0.81801224 25.831617 0.99478388 0.19012542 0.099499844 
8.21 24.993431 -0.82033539 25.813766 0.99478489 0.19004446 0.099251471 
8.2200003 24.973207 -0.8225956 25.795803 0.9947859 0.18996365 0.09900371 
8.2299995 24.952927 -0.82478714 25.777714 0.9947868 0.18988298 0.098756574 
8.2399998 24.932575 -0.82691002 25.759485 0.99478757 0.18980245 0.098510057 
8.25 24.91217 -0.828969 25.741138 0.99478835 0.18972206 0.09826415 
8.2600002 24.891739 -0.8309288 25.722668 0.994789 0.1896418 0.098018862 
8.2700005 24.871197 -0.83286572 25.704063 0.9947896 0.18956169 0.097774185 
8.2799997 24.850611 -0.83471584 25.685326 0.99479008 0.18948172 0.097530119 
8.29 24.829983 -0.83648682 25.66647 0.99479049 0.18940189 0.097286664 
8.3000002 24.80924 -0.83819866 25.647438 0.99479085 0.1893222 0.09704382 
8.3100004 24.788532 -0.83980751 25.62834 0.99479115 0.18924266 0.096801579 
8.3199997 24.767687 -0.84139061 25.609077 0.99479133 0.18916324 0.096559942 
8.3299999 24.746861 -0.84285736 25.589718 0.99479145 0.18908396 0.096318908 
8.3400002 24.725922 -0.8442955 25.570217 0.99479151 0.18900482 0.096078478 
8.3500004 24.704943 -0.84564686 25.550591 0.99479151 0.18892583 0.095838651 
8.3599997 24.683908 -0.84690189 25.530811 0.99479139 0.18884698 0.09559942 
8.3699999 24.662825 -0.84810066 25.510925 0.99479121 0.18876824 0.095360786 
8.3800001 24.641661 -0.84924412 25.490906 0.99479091 0.18868965 0.095122747 
8.3900003 24.620451 -0.85029125 25.470741 0.99479061 0.18861121 0.094885312 
8.3999996 24.599174 -0.85129261 25.450466 0.9947902 0.18853289 0.094648458 
8.4099998 24.577885 -0.8521843 25.430069 0.99478972 0.1884547 0.0944122 
8.4200001 24.556513 -0.85301876 25.409531 0.99478912 0.18837667 0.094176538 
8.4300003 24.535099 -0.85376453 25.388863 0.99478853 0.18829875 0.093941458 
8.4399996 24.513628 -0.85445213 25.36808 0.99478781 0.18822098 0.093706965 
8.4499998 24.492086 -0.85506535 25.347153 0.99478704 0.18814333 0.093473062 
8.46 24.470493 -0.85559082 25.326084 0.99478614 0.18806583 0.09323974 
8.4700003 24.448866 -0.85603619 25.304901 0.99478525 0.18798845 0.093006998 
8.4799995 24.427183 -0.85641384 25.283596 0.99478424 0.18791121 0.092774846 
8.4899998 24.405445 -0.85671806 25.262163 0.99478316 0.1878341 0.092543267 
8.5 24.383661 -0.85694313 25.240604 0.99478197 0.18775712 0.092312269 
8.5100002 24.361807 -0.85708618 25.218893 0.99478078 0.18768027 0.092081845 
8.5200005 24.33989 -0.85717106 25.19706 0.99477947 0.18760356 0.091852002 
8.5299997 24.317926 -0.85716915 25.175095 0.9947781 0.18752699 0.091622725 
8.54 24.295961 -0.85705948 25.153021 0.99477667 0.18745053 0.09139403 
8.5500002 24.273884 -0.85691738 25.130802 0.99477512 0.18737422 0.0911659 
8.5600004 24.251818 -0.85665607 25.108475 0.99477351 0.18729803 0.090938345 
8.5699997 24.229641 -0.8563385 25.085979 0.9947719 0.18722197 0.090711355 
8.5799999 24.20743 -0.85594177 25.063372 0.99477011 0.18714604 0.090484932 
8.5900002 24.185183 -0.85545444 25.040638 0.99476832 0.18707025 0.090259075 
8.6000004 24.162882 -0.85490513 25.017788 0.99476641 0.18699458 0.090033785 
8.6099997 24.140539 -0.85425091 24.994789 0.99476451 0.18691903 0.089809053 
8.6199999 24.118141 -0.85351372 24.971655 0.99476248 0.18684362 0.089584887 
8.6300001 24.095697 -0.85272503 24.948421 0.99476033 0.18676834 0.08936128 
8.6400003 24.073198 -0.85184765 24.925045 0.99475819 0.18669319 0.089138225 
8.6499996 24.050648 -0.85087585 24.901524 0.99475592 0.18661816 0.088915735 
8.6599998 24.028057 -0.84982491 24.877882 0.9947536 0.18654326 0.088693798 
8.6700001 24.005423 -0.84870529 24.854128 0.99475121 0.1864685 0.088472418 
8.6800003 23.982725 -0.84750175 24.830227 0.99474877 0.18639384 0.088251591 
8.6899996 23.960016 -0.84620285 24.806219 0.99474627 0.18631932 0.088031307 
8.6999998 23.937227 -0.84482002 24.782047 0.99474365 0.18624493 0.087811582 
8.71 23.914394 -0.84336758 24.757763 0.99474096 0.18617067 0.087592401 
8.7200003 23.891531 -0.84182453 24.733356 0.99473822 0.18609653 0.087373771 
8.7299995 23.868607 -0.84019852 24.708805 0.99473542 0.18602252 0.087155692 
8.7399998 23.84564 -0.83850479 24.684145 0.99473256 0.18594863 0.08693815 
8.75 23.822638 -0.83670521 24.659344 0.99472958 0.18587486 0.086721152 
8.7600002 23.799576 -0.8348341 24.634411 0.99472654 0.18580122 0.086504698 
8.7700005 23.776476 -0.83289051 24.609367 0.99472344 0.1857277 0.086288787 
8.7799997 23.753313 -0.83084965 24.584164 0.99472028 0.18565431 0.086073413 
8.79 23.730116 -0.82873154 24.558847 0.99471706 0.18558104 0.085858576 
8.8000002 23.706894 -0.82651997 24.533413 0.99471372 0.18550791 0.085644275 
8.8100004 23.683609 -0.82423401 24.507843 0.99471039 0.18543488 0.08543051 
8.8199997 23.660286 -0.82184887 24.482136 0.99470693 0.18536198 0.085217282 
8.8299999 23.636911 -0.81939793 24.45631 0.99470341 0.1852892 0.085004583 
8.8400002 23.613504 -0.81683731 24.430342 0.99469984 0.18521655 0.08479242 
8.8500004 23.590059 -0.81421089 24.40427 0.9946962 0.18514402 0.084580787 
8.8599997 23.566559 -0.81150341 24.378063 0.99469244 0.18507162 0.084369674 
8.8699999 23.543026 -0.80869389 24.351719 0.99468863 0.18499932 0.084159099 
8.8800001 23.519447 -0.80580235 24.325249 0.99468482 0.18492715 0.083949044 
8.8900003 23.49581 -0.80283642 24.298645 0.99468088 0.1848551 0.083739512 
8.8999996 23.472157 -0.79977608 24.271933 0.99467683 0.18478319 0.083530508 
8.9099998 23.448425 -0.79662991 24.245056 0.99467278 0.18471138 0.083322026 
8.9200001 23.424688 -0.79338646 24.218075 0.99466866 0.18463969 0.083114065 
8.9300003 23.40089 -0.79007816 24.190968 0.99466443 0.18456814 0.082906619 
8.9399996 23.377062 -0.78666401 24.163727 0.99466014 0.18449669 0.082699694 
8.9499998 23.353188 -0.78316689 24.136354 0.99465579 0.18442535 0.08249329 
8.96 23.329256 -0.77958965 24.108845 0.99465138 0.18435416 0.082287394 
8.9700003 23.30533 -0.77590561 24.081236 0.99464691 0.18428306 0.082082018 
8.9799995 23.28133 -0.77216148 24.053492 0.99464238 0.1842121 0.081877157 
8.9899998 23.257307 -0.76831245 24.02562 0.99463773 0.18414125 0.081672803 
9 23.233217 -0.76439762 23.997616 0.99463308 0.18407051 0.081468962 
9.0100002 23.209105 -0.76037025 23.969475 0.99462831 0.1839999 0.081265628 
9.0200005 23.18494 -0.75626945 23.94121 0.99462348 0.1839294 0.081062801 
9.0299997 23.160761 -0.7520895 23.912849 0.99461859 0.18385902 0.080860481 
9.04 23.136532 -0.74778557 23.884317 0.99461365 0.18378876 0.080658674 
9.0500002 23.112267 -0.74342632 23.855694 0.99460858 0.18371862 0.08045736 
9.0600004 23.087955 -0.73898029 23.826935 0.99460351 0.18364859 0.080256559 
9.0699997 23.063581 -0.73444271 23.798023 0.99459833 0.18357867 0.080056258 
9.0799999 23.039196 -0.72981071 23.769007 0.99459314 0.18350887 0.079856448 
9.0900002 23.014782 -0.72509575 23.739878 0.99458784 0.1834392 0.079657145 
9.1000004 22.990339 -0.72027874 23.710617 0.99458247 0.18336964 0.079458341 
9.1099997 22.965818 -0.7154026 23.681221 0.99457705 0.18330018 0.079260029 
9.1199999 22.94129 -0.71041012 23.651699 0.99457151 0.18323085 0.079062216 
9.1300001 22.916704 -0.70533848 23.622044 0.99456596 0.18316163 0.078864895 
9.1400003 22.892084 -0.70018673 23.59227 0.9945603 0.18309252 0.078668073 
9.1499996 22.867456 -0.69493294 23.562389 0.99455464 0.18302353 0.078471735 
9.1599998 22.842768 -0.68960285 23.532372 0.99454886 0.18295465 0.078275889 
9.1700001 22.818031 -0.68417931 23.502211 0.99454302 0.1828859 0.078080535 
9.1800003 22.793289 -0.67866898 23.471958 0.99453712 0.18281725 0.077885665 
9.1899996 22.768488 -0.67306614 23.441555 0.99453115 0.18274871 0.077691287 
9.1999998 22.743671 -0.66737175 23.411043 0.99452513 0.18268029 0.077497393 
9.21 22.7188 -0.66159344 23.380394 0.994519 0.18261199 0.077303983 
9.2200003 22.693909 -0.65572166 23.34963 0.99451286 0.18254378 0.077111058 
9.2299995 22.668955 -0.64978409 23.318739 0.9945066 0.1824757 0.076918609 
9.2399998 22.643986 -0.64373589 23.287722 0.99450028 0.18240774 0.076726645 
9.25 22.61899 -0.63760662 23.256596 0.9944939 0.18233988 0.076535165 
9.2600002 22.59395 -0.63138008 23.22533 0.99448746 0.18227212 0.076344155 
9.2700005 22.568861 -0.62508965 23.193951 0.99448097 0.18220448 0.076153629 
9.2799997 22.543777 -0.61868286 23.16246 0.99447441 0.18213697 0.075963579 
9.29 22.51861 -0.61220741 23.130817 0.99446779 0.18206955 0.075773999 
9.3000002 22.493441 -0.60562801 23.099068 0.99446106 0.18200226 0.075584896 
9.3100004 22.468222 -0.59897518 23.067196 0.99445432 0.18193507 0.075396262 
9.3199997 22.442984 -0.59223557 23.035219 0.99444747 0.18186799 0.075208105 
9.3299999 22.417715 -0.58538246 23.003098 0.99444056 0.18180102 0.07502041 
9.3400002 22.392391 -0.57847404 22.970865 0.99443358 0.18173416 0.074833192 
9.3500004 22.36705 -0.57146263 22.938513 0.99442655 0.1816674 0.074646436 
9.3599997 22.341679 -0.56435394 22.906033 0.99441946 0.18160076 0.074460149 
9.3699999 22.316252 -0.55718422 22.873436 0.9944123 0.18153425 0.074274331 
9.3800001 22.290819 -0.54989815 22.840717 0.99440509 0.18146782 0.074088968 
9.3900003 22.265337 -0.54255486 22.807892 0.99439776 0.18140151 0.073904075 
9.3999996 22.239838 -0.53509808 22.774937 0.99439043 0.18133532 0.073719643 
9.4099998 22.214296 -0.52755833 22.741856 0.99438298 0.18126921 0.073535673 
9.4200001 22.188723 -0.5199461 22.708668 0.99437547 0.18120323 0.073352166 
9.4300003 22.163105 -0.51224327 22.675348 0.9943679 0.18113735 0.073169112 
9.4399996 22.137474 -0.50444126 22.641914 0.99436027 0.18107158 0.072986513 
9.4499998 22.111805 -0.49656105 22.608366 0.99435258 0.18100592 0.072804376 
9.46 22.086113 -0.48859882 22.574711 0.99434483 0.18094037 0.072622694 
9.4700003 22.060396 -0.48054218 22.540939 0.99433702 0.18087493 0.072441459 
9.4799995 22.034626 -0.47239876 22.507025 0.99432909 0.18080959 0.072260685 
9.4899998 22.008806 -0.46419048 22.472996 0.99432117 0.18074436 0.072080359 
9.5 21.983011 -0.45586777 22.438879 0.99431312 0.18067925 0.071900487 
9.5100002 21.957159 -0.4474678 22.404627 0.99430507 0.18061422 0.071721055 
9.5200005 21.931271 -0.43899345 22.370264 0.99429691 0.18054931 0.071542084 
9.5299997 21.905348 -0.43043137 22.335779 0.99428868 0.18048452 0.071363553 
9.54 21.879416 -0.4217701 22.301186 0.9942804 0.18041982 0.07118547 
9.5500002 21.853441 -0.41304207 22.266483 0.99427205 0.18035522 0.071007825 
9.5600004 21.827429 -0.40421963 22.231647 0.99426359 0.18029074 0.070830636 
9.5699997 21.801401 -0.39530945 22.196711 0.99425513 0.18022636 0.070653878 
9.5799999 21.77532 -0.38633919 22.161659 0.9942466 0.18016209 0.070477568 
9.5900002 21.749239 -0.37726307 22.126503 0.99423796 0.18009792 0.070301697 
9.6000004 21.723124 -0.36810303 22.091227 0.99422926 0.18003386 0.070126273 
9.6099997 21.696964 -0.35887623 22.05584 0.99422055 0.17996989 0.069951274 
9.6199999 21.670799 -0.3495388 22.020338 0.99421173 0.17990604 0.069776721 
9.6300001 21.644569 -0.34015179 21.984722 0.99420285 0.17984229 0.069602601 
9.6400003 21.61834 -0.33065891 21.948997 0.99419391 0.17977865 0.069428921 
9.6499996 21.592091 -0.32108402 21.913174 0.99418491 0.17971511 0.069255672 
9.6599998 21.565763 -0.31145191 21.877216 0.99417579 0.17965168 0.069082856 
9.6700001 21.539474 -0.30169678 21.841171 0.99416667 0.17958835 0.068910472 
9.6800003 21.513103 -0.2919035 21.805008 0.99415749 0.17952512 0.068738513 
9.6899996 21.486721 -0.28200817 21.76873 0.99414819 0.17946199 0.068566993 
9.6999998 21.460346 -0.27202511 21.732372 0.99413884 0.17939897 0.068395898 
9.71 21.433893 -0.2619791 21.695873 0.99412948 0.17933606 0.068225227 
9.7200003 21.407417 -0.25184822 21.659266 0.99412 0.17927323 0.068054982 
9.7299995 21.380934 -0.24163055 21.622564 0.99411047 0.17921053 0.067885168 
9.7399998 21.354406 -0.23134518 21.585751 0.99410087 0.17914791 0.067715779 
9.75 21.327864 -0.22097206 21.548836 0.99409115 0.1790854 0.067546807 
9.7600002 21.301304 -0.21052074 21.511826 0.99408144 0.17902301 0.06737826 
9.7700005 21.2747 -0.19999695 21.474697 0.99407166 0.17896071 0.067210138 
9.7799997 21.248068 -0.18939972 21.437468 0.99406177 0.1788985 0.067042433 
9.79 21.221445 -0.17869949 21.400145 0.99405187 0.17883641 0.066875145 
9.8000002 21.194744 -0.16795063 21.362694 0.99404186 0.17877442 0.066708274 
9.8100004 21.168043 -0.15711403 21.325157 0.99403179 0.17871252 0.066541828 
9.8199997 21.141291 -0.14621067 21.287502 0.99402165 0.17865072 0.066375792 
9.8299999 21.114574 -0.1352129 21.249786 0.99401146 0.17858903 0.066210173 
9.8400002 21.087769 -0.12415504 21.211924 0.99400121 0.17852744 0.066044964 
9.8500004 21.06097 -0.11301804 21.173988 0.9939909 0.17846595 0.065880172 
9.8599997 21.034124 -0.10180759 21.135933 0.99398047 0.17840457 0.06571579 
9.8699999 21.007242 -0.090533257 21.097775 0.99397004 0.17834328 0.065551817 
9.8800001 20.980373 -0.079174042 21.059547 0.99395949 0.1782821 0.065388262 
9.8900003 20.953453 -0.067737579 21.021191 0.99394888 0.178221 0.065225109 
9.8999996 20.926514 -0.056237221 20.98275 0.99393827 0.17816001 0.065062366 
9.9099998 20.899546 -0.044668198 20.944214 0.99392754 0.17809913 0.064900026 
9.9200001 20.872547 -0.033023834 20.905571 0.99391675 0.17803834 0.064738095 
9.9300003 20.845549 -0.021298409 20.866848 0.99390584 0.17797767 0.064576566 
9.9399996 20.818512 -0.0095129013 20.828026 0.99389493 0.17791708 0.06441544 
9.9499998 20.791422 0.0023326874 20.789089 0.99388397 0.17785659 0.064254723 
9.96 20.764338 0.014257431 20.75008 0.99387288 0.1777962 0.064094402 
9.9700003 20.737234 0.0262537 20.710979 0.99386179 0.17773591 0.063934483 
9.9799995 20.710098 0.038322449 20.671776 0.99385059 0.17767572 0.063774966 
9.9899998 20.682936 0.050459862 20.632477 0.99383932 0.17761563 0.063615844 
10 20.655725 0.062639236 20.593086 0.993828 0.17755564 0.063457124 
10.01 20.628519 0.074908257 20.553612 0.99381661 0.17749575 0.063298799 
10.02 20.601286 0.087235451 20.51405 0.99380517 0.17743595 0.063140869 
10.03 20.574028 0.099634171 20.474394 0.99379361 0.17737626 0.062983334 
10.04 20.54674 0.11208916 20.43465 0.99378204 0.17731667 0.062826186 
10.05 20.519428 0.12460804 20.394821 0.99377036 0.17725717 0.062669441 
10.06 20.492083 0.13718987 20.354893 0.99375862 0.17719777 0.062513083 
10.07 20.464722 0.14983082 20.314892 0.99374682 0.17713846 0.062357116 
10.08 20.437353 0.16255856 20.274796 0.99373496 0.17707926 0.062201541 
10.09 20.409935 0.17531872 20.234615 0.99372303 0.17702015 0.062046353 
10.1 20.382502 0.18815231 20.194349 0.99371105 0.17696114 0.061891552 
10.11 20.35507 0.20105171 20.154018 0.99369895 0.17690223 0.061737139 
10.12 20.327574 0.21399307 20.113581 0.99368685 0.17684342 0.061583113 
10.13 20.3001 0.22701931 20.073082 0.99367464 0.17678471 0.061429471 
10.14 20.272558 0.24007702 20.032482 0.99366236 0.17672609 0.061276212 
10.15 20.244991 0.25319004 19.991802 0.99365002 0.17666756 0.061123338 
10.16 20.217432 0.26638031 19.951052 0.99363762 0.17660913 0.060970847 
10.17 20.189823 0.27961445 19.91021 0.99362516 0.17655081 0.060818736 
10.18 20.162231 0.29291248 19.86932 0.99361265 0.17649257 0.060667001 
10.19 20.13459 0.30626297 19.828327 0.99360001 0.17643444 0.06051565 
10.2 20.106924 0.31965923 19.787266 0.99358732 0.1763764 0.060364675 
10.21 20.079229 0.33311081 19.746119 0.99357462 0.17631845 0.06021408 
10.22 20.051529 0.34661865 19.70491 0.9935618 0.17626062 0.060063861 
10.23 20.023777 0.36016178 19.663616 0.99354887 0.17620286 0.059914015 
10.24 19.99605 0.37378216 19.622269 0.99353594 0.17614521 0.059764545 
10.25 19.968262 0.3874445 19.580818 0.99352294 0.17608765 0.059615448 
10.26 19.940474 0.4011507 19.539322 0.99350983 0.17603019 0.059466723 
10.27 19.912636 0.41489697 19.497738 0.99349666 0.17597282 0.059318371 
10.28 19.884796 0.428689 19.456108 0.99348342 0.17591555 0.059170391 
10.29 19.856922 0.44254112 19.414381 0.99347013 0.17585838 0.059022781 
10.3 19.829021 0.45642853 19.372593 0.99345678 0.17580129 0.058875538 
10.31 19.801134 0.47037601 19.330757 0.99344331 0.17574431 0.058728661 
10.32 19.773197 0.48435593 19.288841 0.99342984 0.17568743 0.058582157 
10.33 19.745251 0.49838448 19.246866 0.99341625 0.17563063 0.058436014 
10.34 19.717268 0.51244164 19.204826 0.9934026 0.17557393 0.058290239 
10.35 19.689278 0.52654934 19.162727 0.99338889 0.17551734 0.058144826 
10.36 19.66124 0.54069233 19.120548 0.99337506 0.17546082 0.057999779 
10.37 19.6332 0.554883 19.078316 0.99336123 0.17540441 0.057855096 
10.38 19.605118 0.56910229 19.036015 0.99334729 0.17534809 0.057710771 
10.39 19.577045 0.58336449 18.993681 0.99333328 0.17529187 0.05756681 
10.4 19.548927 0.59766483 18.951263 0.99331921 0.17523573 0.057423208 
10.41 19.520823 0.61201191 18.90881 0.99330509 0.17517971 0.057279963 
10.42 19.49264 0.62635326 18.866287 0.99329084 0.17512377 0.057137076 
10.43 19.464476 0.6407671 18.823708 0.9932766 0.17506792 0.056994546 
10.44 19.436306 0.65521908 18.781086 0.99326223 0.17501216 0.056852374 
10.45 19.408068 0.66966534 18.738403 0.99324781 0.1749565 0.05671056 
10.46 19.379848 0.68417645 18.695671 0.99323326 0.17490093 0.056569096 
10.47 19.35157 0.69868946 18.652882 0.99321872 0.17484547 0.056427989 
10.48 19.323288 0.71324348 18.610044 0.99320406 0.1747901 0.056287233 
10.49 19.294975 0.72781658 18.567158 0.99318933 0.17473482 0.056146827 
10.5 19.26664 0.74241447 18.524225 0.99317455 0.17467962 0.056006774 
10.51 19.238325 0.75706959 18.481255 0.99315971 0.17462453 0.055867072 
10.52 19.209951 0.77171898 18.438232 0.99314475 0.17456953 0.055727717 
10.53 19.181553 0.78639603 18.395157 0.99312973 0.17451462 0.055588711 
10.54 19.153164 0.80110359 18.35206 0.99311465 0.17445982 0.055450056 
10.55 19.12472 0.8158226 18.308897 0.99309951 0.17440508 0.055311743 
10.56 19.09627 0.83057022 18.265699 0.99308425 0.17435046 0.055173777 
10.57 19.067808 0.84534073 18.222467 0.99306899 0.17429593 0.055036157 
10.58 19.039314 0.86011791 18.179195 0.99305362 0.17424148 0.05489888 
10.59 19.010798 0.87491703 18.13588 0.99303812 0.17418714 0.05476195 
10.6 18.982239 0.88970661 18.092533 0.99302262 0.17413288 0.054625358 
10.61 18.953691 0.90454006 18.049152 0.993007 0.17407873 0.05448911 
10.62 18.925121 0.91938114 18.005741 0.99299133 0.17402466 0.0543532 
10.63 18.896517 0.93422318 17.962294 0.99297559 0.17397068 0.054217633 
10.64 18.867897 0.94908714 17.91881 0.99295974 0.1739168 0.054082401 
10.65 18.83923 0.9639492 17.87528 0.99294382 0.17386302 0.053947508 
10.66 18.810581 0.97882748 17.831753 0.99292785 0.17380932 0.053812955 
10.67 18.781904 0.99372005 17.788185 0.99291182 0.17375572 0.053678736 
10.68 18.753195 1.008604 17.744591 0.99289566 0.17370221 0.053544857 
10.69 18.724466 1.0234947 17.700972 0.99287945 0.17364879 0.053411309 
10.7 18.695724 1.0383911 17.657333 0.99286318 0.17359547 0.053278092 
10.71 18.66696 1.0533009 17.613659 0.99284685 0.17354223 0.053145215 
10.72 18.638166 1.0681944 17.569973 0.9928304 0.17348909 0.053012665 
10.73 18.60936 1.0830975 17.526262 0.99281389 0.17343605 0.052880447 
10.74 18.580561 1.098011 17.48255 0.99279726 0.1733831 0.052748561 
10.75 18.551682 1.1128941 17.438787 0.99278057 0.17333023 0.052617006 
10.76 18.522818 1.1277866 17.395031 0.99276382 0.17327747 0.052485779 
10.77 18.493912 1.1426706 17.351242 0.99274701 0.17322479 0.052354876 
10.78 18.464989 1.1575394 17.307449 0.99273008 0.17317221 0.052224305 
10.79 18.436047 1.1724024 17.263645 0.99271309 0.17311972 0.052094061 
10.8 18.407099 1.1872616 17.219837 0.99269605 0.17306732 0.051964141 
10.81 18.378145 1.2021208 17.176025 0.99267888 0.17301501 0.051834546 
10.82 18.349133 1.2169542 17.132179 0.99266165 0.1729628 0.051705275 
10.83 18.320103 1.23176 17.088343 0.99264437 0.17291068 0.051576328 
10.84 18.291075 1.2465749 17.0445 0.99262697 0.17285864 0.051447701 
10.85 18.262001 1.2613587 17.000643 0.9926095 0.17280671 0.051319398 
10.86 18.232935 1.2761369 16.956799 0.99259198 0.17275487 0.051191416 
10.87 18.203838 1.2908893 16.912949 0.99257433 0.17270312 0.05106375 
10.88 18.174698 1.3056064 16.869091 0.99255663 0.17265145 0.050936408 
10.89 18.145548 1.3203173 16.82523 0.99253881 0.17259988 0.050809383 
10.9 18.11639 1.3350029 16.781387 0.99252093 0.1725484 0.050682675 
10.91 18.087206 1.349658 16.737549 0.99250299 0.17249702 0.050556283 
10.92 18.057974 1.3642783 16.693695 0.99248493 0.17244573 0.050430212 
10.93 18.028755 1.3788857 16.64987 0.99246681 0.17239453 0.05030445 
10.94 17.999491 1.3934503 16.606041 0.99244857 0.17234342 0.050179008 
10.95 17.970243 1.4080114 16.562233 0.99243027 0.17229241 0.050053876 
10.96 17.940941 1.4225025 16.518438 0.99241191 0.17224148 0.049929056 
10.97 17.911629 1.436975 16.474653 0.99239343 0.17219065 0.049804553 
10.98 17.882288 1.4514079 16.43088 0.9923749 0.17213991 0.04968036 
10.99 17.852945 1.4658184 16.387127 0.99235624 0.17208926 0.049556475 
11 17.823545 1.4801688 16.343376 0.99233752 0.17203872 0.0494329 
11.01 17.79413 1.4944811 16.299648 0.99231869 0.17198825 0.049309637 
11.02 17.764734 1.5087743 16.25596 0.9922998 0.17193788 0.04918668 
11.03 17.735285 1.5229993 16.212286 0.99228084 0.17188761 0.049064029 
11.04 17.705826 1.5371952 16.168631 0.99226177 0.17183742 0.048941687 
11.05 17.676321 1.5513225 16.124998 0.99224257 0.17178734 0.048819654 
11.06 17.646835 1.5654254 16.081409 0.99222332 0.17173733 0.048697922 
11.07 17.6173 1.5794673 16.037832 0.99220401 0.17168742 0.048576497 
11.08 17.587749 1.5934587 15.994291 0.99218458 0.17163761 0.048455372 
11.09 17.558142 1.6073799 15.950762 0.99216509 0.17158788 0.048334554 
11.1 17.528595 1.621285 15.90731 0.99214548 0.17153825 0.048214033 
11.11 17.498951 1.6350937 15.863857 0.99212575 0.17148872 0.048093818 
11.12 17.469316 1.6488671 15.82045 0.99210596 0.17143928 0.047973905 
11.13 17.439636 1.6625581 15.777079 0.99208611 0.17138992 0.047854289 
11.14 17.409983 1.676218 15.733765 0.99206609 0.17134066 0.047734972 
11.15 17.380257 1.6897917 15.690465 0.99204606 0.17129149 0.047615957 
11.16 17.350536 1.7033067 15.64723 0.99202591 0.17124242 0.047497235 
11.17 17.320789 1.7167597 15.60403 0.99200565 0.17119344 0.047378812 
11.18 17.291027 1.7301469 15.560881 0.99198526 0.17114455 0.047260687 
11.19 17.261213 1.7434444 15.517769 0.99196482 0.17109574 0.047142856 
11.2 17.23139 1.7566791 15.47471 0.99194431 0.17104705 0.047025319 
11.21 17.201542 1.7698398 15.431702 0.99192369 0.17099842 0.046908077 
11.22 17.171688 1.7829356 15.388752 0.99190295 0.17094992 0.046791129 
11.23 17.141804 1.7959485 15.345856 0.99188215 0.17090149 0.046674471 
11.24 17.111906 1.8088799 15.303026 0.99186122 0.17085315 0.046558108 
11.25 17.081957 1.8217263 15.260231 0.99184018 0.17080492 0.046442032 
11.26 17.052031 1.8345079 15.217523 0.99181908 0.17075677 0.04632625 
11.27 17.022032 1.8471851 15.174847 0.99179786 0.17070872 0.046210758 
11.28 16.992027 1.8597803 15.132247 0.99177653 0.17066076 0.046095554 
11.29 16.962019 1.8722997 15.08972 0.99175513 0.1706129 0.045980636 
11.3 16.931963 1.8847156 15.047247 0.99173361 0.17056513 0.045866009 
11.31 16.901886 1.8970389 15.004847 0.99171197 0.17051744 0.045751669 
11.32 16.871786 1.909277 14.962509 0.99169022 0.17046987 0.045637611 
11.33 16.841681 1.921423 14.920258 0.9916684 0.17042238 0.045523841 
11.34 16.811541 1.933466 14.878075 0.99164647 0.17037497 0.045410357 
11.35 16.781368 1.9454107 14.835958 0.99162447 0.17032768 0.045297153 
11.36 16.751175 1.9572525 14.793922 0.9916023 0.17028047 0.045184236 
11.37 16.720982 1.9690037 14.751978 0.99158007 0.17023335 0.045071602 
11.38 16.690742 1.9806437 14.710098 0.99155772 0.17018634 0.044959247 
11.39 16.66046 1.9921651 14.668295 0.99153531 0.17013942 0.044847175 
11.4 16.630198 2.0035992 14.626598 0.99151272 0.17009258 0.044735383 
11.41 16.599884 2.0149164 14.584968 0.99149007 0.17004584 0.04462387 
11.42 16.569542 2.026113 14.543428 0.99146724 0.1699992 0.044512637 
11.43 16.539175 2.0371947 14.50198 0.99144435 0.16995266 0.044401683 
11.44 16.508787 2.0481648 14.460623 0.9914214 0.1699062 0.044291005 
11.45 16.478392 2.0590286 14.419363 0.99139827 0.16985984 0.044180606 
11.46 16.447948 2.0697575 14.378191 0.99137503 0.16981359 0.044070482 
11.47 16.417494 2.0803766 14.337117 0.99135172 0.16976742 0.043960635 
11.48 16.387005 2.090868 14.296137 0.99132824 0.16972135 0.043851059 
11.49 16.356489 2.1012244 14.255264 0.9913047 0.16967538 0.043741763 
11.5 16.325953 2.111465 14.214487 0.99128103 0.1696295 0.043632738 
11.51 16.295393 2.1215782 14.173815 0.99125725 0.16958371 0.043523986 
11.52 16.264799 2.1315556 14.133244 0.99123335 0.16953802 0.043415505 
11.53 16.234177 2.141396 14.092781 0.99120927 0.16949244 0.043307297 
11.54 16.203554 2.1511164 14.052438 0.99118513 0.16944695 0.043199357 
11.55 16.17289 2.1606913 14.012198 0.99116087 0.16940154 0.043091692 
11.56 16.142191 2.1701226 13.972069 0.99113649 0.16935624 0.042984292 
11.57 16.111469 2.1794181 13.932051 0.99111199 0.16931105 0.042877164 
11.58 16.080719 2.1885681 13.892151 0.99108738 0.16926594 0.042770304 
11.59 16.04994 2.197577 13.852364 0.99106258 0.16922092 0.042663708 
11.6 16.019135 2.2064371 13.812697 0.99103773 0.16917601 0.042557381 
11.61 15.988324 2.2151556 13.773169 0.99101275 0.1691312 0.042451322 
11.62 15.957474 2.2237201 13.733753 0.9909876 0.16908649 0.042345528 
11.63 15.926583 2.2321286 13.694454 0.99096233 0.16904186 0.042239998 
11.64 15.895665 2.2403803 13.655285 0.99093693 0.16899735 0.042134732 
11.65 15.864715 2.2484732 13.616241 0.99091142 0.16895291 0.042029731 
11.66 15.833749 2.2564158 13.577333 0.99088579 0.1689086 0.041924991 
11.67 15.802771 2.2642069 13.538564 0.99086004 0.16886437 0.041820515 
11.68 15.771729 2.2718163 13.499912 0.99083412 0.16882025 0.0417163 
11.69 15.740673 2.2792716 13.461401 0.99080807 0.16877621 0.041612346 
11.7 15.7096 2.2865672 13.423033 0.9907819 0.16873229 0.041508652 
11.71 15.678478 2.2936807 13.384798 0.99075556 0.16868846 0.04140522 
11.72 15.647348 2.3006353 13.346713 0.99072915 0.16864474 0.041302044 
11.73 15.616175 2.307415 13.30876 0.99070257 0.16860111 0.041199129 
11.74 15.584977 2.3140197 13.270958 0.99067581 0.16855758 0.041096468 
11.75 15.55375 2.3204522 13.233297 0.99064893 0.16851415 0.040994067 
11.76 15.52249 2.3267021 13.195787 0.99062192 0.16847083 0.040891923 
11.77 15.491188 2.3327651 13.158422 0.99059474 0.1684276 0.040790033 
11.78 15.459862 2.338654 13.121208 0.99056745 0.16838448 0.040688399 
11.79 15.428517 2.3443627 13.084154 0.99054003 0.16834146 0.040587019 
11.8 15.397151 2.3498912 13.04726 0.99051243 0.16829854 0.040485896 
11.81 15.365725 2.355216 13.010509 0.99048465 0.16825573 0.040385023 
11.82 15.334293 2.3603644 12.973928 0.99045676 0.16821301 0.040284403 
11.83 15.302799 2.365304 12.937495 0.99042875 0.16817041 0.040184036 
11.84 15.271271 2.3700514 12.901219 0.99040055 0.16812789 0.040083922 
11.85 15.239738 2.3746157 12.865123 0.99037218 0.16808549 0.039984055 
11.86 15.208172 2.3789873 12.829185 0.99034363 0.1680432 0.039884441 
11.87 15.176547 2.3831406 12.793406 0.99031496 0.168001 0.039785076 
11.88 15.144917 2.3871107 12.757806 0.99028617 0.1679589 0.039685961 
11.89 15.113241 2.3908691 12.722372 0.99025714 0.16791692 0.039587092 
11.9 15.081521 2.3944159 12.687105 0.990228 0.16787504 0.039488472 
11.91 15.049783 2.3977656 12.652018 0.99019867 0.16783325 0.039390102 
11.92 15.018001 2.4008994 12.617102 0.99016917 0.16779159 0.039291974 
11.93 14.986193 2.4038258 12.582367 0.99013954 0.16775003 0.039194096 
11.94 14.954341 2.4065399 12.547801 0.99010968 0.16770858 0.03909646 
11.95 14.922457 2.4090309 12.513426 0.9900797 0.16766723 0.038999069 
11.96 14.890543 2.411315 12.479228 0.99004948 0.16762598 0.038901925 
11.97 14.858584 2.4133759 12.445209 0.99001914 0.16758485 0.038805023 
11.98 14.826588 2.415215 12.411373 0.98998863 0.16754381 0.038708363 
11.99 14.79457 2.4168406 12.377729 0.98995793 0.16750289 0.038611945 
12 14.76251 2.4182334 12.344276 0.98992699 0.1674621 0.038515773 
12.01 14.730432 2.4194126 12.311019 0.98989594 0.1674214 0.038419839 
12.02 14.698288 2.4203467 12.277941 0.98986465 0.16738081 0.038324144 
12.03 14.66612 2.421061 12.245058 0.98983324 0.16734032 0.038228691 
12.04 14.633903 2.4215398 12.212362 0.98980159 0.16729996 0.038133476 
12.05 14.601661 2.421792 12.179869 0.9897697 0.16725971 0.0380385 
12.06 14.569386 2.4218073 12.147579 0.98973769 0.16721956 0.037943766 
12.07 14.53705 2.4215741 12.115477 0.98970544 0.16717954 0.037849266 
12.08 14.504677 2.4211097 12.083567 0.98967302 0.16713962 0.037755001 
12.09 14.472281 2.4204144 12.051867 0.98964036 0.16709982 0.037660979 
12.1 14.439841 2.4194646 12.020376 0.98960751 0.16706012 0.037567187 
12.11 14.407356 2.4182711 11.989085 0.98957449 0.16702054 0.037473634 
12.12 14.374836 2.4168415 11.957994 0.98954123 0.16698109 0.037380312 
12.13 14.3423 2.4151735 11.927127 0.98950773 0.16694175 0.037287228 
12.14 14.309702 2.4132457 11.896456 0.98947406 0.16690251 0.037194375 
12.15 14.277071 2.4110713 11.865999 0.98944014 0.1668634 0.037101757 
12.16 14.24438 2.4086328 11.835747 0.98940599 0.1668244 0.03700937 
12.17 14.21166 2.4059496 11.805711 0.98937166 0.16678554 0.036917213 
12.18 14.178897 2.4030123 11.775885 0.98933703 0.16674678 0.036825292 
12.19 14.146102 2.3998184 11.746284 0.98930222 0.16670814 0.036733598 
12.2 14.113247 2.3963614 11.716886 0.98926717 0.16666962 0.036642138 
12.21 14.080385 2.3926659 11.687719 0.98923188 0.16663122 0.036550906 
12.22 14.047444 2.3886862 11.658758 0.98919636 0.16659296 0.0364599 
12.23 14.014491 2.3844628 11.630028 0.98916054 0.16655479 0.036369126 
12.24 13.98148 2.3799644 11.601515 0.98912454 0.16651677 0.036278579 
12.25 13.948431 2.3752003 11.573231 0.98908824 0.16647886 0.03618826 
12.26 13.915352 2.3701825 11.54517 0.9890517 0.16644108 0.036098167 
12.27 13.882211 2.3648853 11.517325 0.98901492 0.16640343 0.036008298 
12.28 13.849044 2.3593311 11.489713 0.98897785 0.16636589 0.03591866 
12.29 13.81581 2.3534942 11.462317 0.98894048 0.16632849 0.035829242 
12.3 13.782558 2.3473945 11.435163 0.98890287 0.16629121 0.035740051 
12.31 13.749271 2.3410263 11.408245 0.98886502 0.16625407 0.035651088 
12.32 13.71595 2.3343925 11.381557 0.98882687 0.16621704 0.035562344 
12.33 13.682569 2.3274727 11.355096 0.98878843 0.16618016 0.035473824 
12.34 13.649125 2.3202677 11.328857 0.98874968 0.1661434 0.035385527 
12.35 13.61568 2.3128133 11.302866 0.98871064 0.16610679 0.03529745 
12.36 13.582183 2.3050675 11.277115 0.9886713 0.1660703 0.035209596 
12.37 13.548651 2.2970529 11.251598 0.98863167 0.16603394 0.035121962 
12.38 13.515077 2.2887616 11.226315 0.98859173 0.16599771 0.035034552 
12.39 13.481451 2.28018 11.201271 0.98855144 0.16596164 0.034947358 
12.4 13.4478 2.2713313 11.176468 0.98851091 0.16592568 0.034860387 
12.41 13.414152 2.2622223 11.15193 0.98846996 0.16588987 0.034773633 
12.42 13.380412 2.2528052 11.127607 0.98842871 0.16585422 0.034687094 
12.43 13.346646 2.2431111 11.103535 0.98838717 0.16581869 0.034600779 
12.44 13.312875 2.2331548 11.07972 0.98834521 0.1657833 0.034514677 
12.45 13.279046 2.222908 11.056138 0.98830295 0.16574806 0.034428794 
12.46 13.245205 2.2123837 11.032822 0.98826033 0.16571295 0.034343123 
12.47 13.21134 2.201591 11.009748 0.98821735 0.16567801 0.034257673 
12.48 13.177428 2.190505 10.986923 0.98817396 0.1656432 0.034172434 
12.49 13.143504 2.1791511 10.964354 0.98813027 0.16560854 0.034087412 
12.5 13.109549 2.1675162 10.942032 0.9880861 0.16557404 0.034002606 
12.51 13.075573 2.1556029 10.91997 0.98804158 0.16553968 0.033918012 
12.52 13.041571 2.1434073 10.898163 0.9879967 0.16550548 0.03383363 
12.53 13.00755 2.1309347 10.876616 0.98795134 0.16547143 0.033749461 
12.54 12.97354 2.1182075 10.855333 0.98790562 0.16543755 0.033665508 
12.55 12.939501 2.1052003 10.834301 0.98785943 0.16540381 0.033581764 
12.56 12.90545 2.0919061 10.813543 0.98781288 0.16537024 0.033498231 
12.57 12.871409 2.0783567 10.793053 0.98776579 0.16533682 0.033414908 
12.58 12.837371 2.0645428 10.772828 0.98771834 0.16530357 0.033331797 
12.59 12.803298 2.0504303 10.752868 0.98767036 0.16527048 0.033248894 
12.6 12.769249 2.0360837 10.733166 0.9876219 0.16523756 0.033166204 
12.61 12.735225 2.0214705 10.713755 0.98757303 0.16520481 0.033083718 
12.62 12.7012 2.006588 10.694613 0.98752362 0.16517223 0.033001442 
12.63 12.66717 1.9914336 10.675735 0.98747367 0.16513982 0.032919377 
12.64 12.633178 1.9760385 10.657139 0.98742324 0.16510758 0.032837518 
12.65 12.599223 1.9603953 10.638828 0.98737228 0.16507553 0.032755863 
12.66 12.565294 1.9444923 10.620802 0.98732078 0.16504365 0.032674417 
12.67 12.531396 1.9283428 10.603053 0.98726875 0.16501194 0.032593176 
12.68 12.497542 1.9119482 10.585594 0.98721611 0.16498043 0.032512143 
12.69 12.463716 1.8952994 10.568417 0.98716289 0.1649491 0.032431312 
12.7 12.429969 1.8784318 10.551537 0.98710907 0.16491796 0.032350689 
12.71 12.396254 1.8613153 10.534939 0.98705465 0.16488701 0.032270268 
12.72 12.362625 1.8439746 10.51865 0.98699957 0.16485626 0.032190051 
12.73 12.32906 1.8264098 10.502649 0.9869439 0.16482569 0.032110039 
12.74 12.295555 1.8086138 10.486941 0.98688751 0.16479534 0.032030229 
12.75 12.26215 1.7906008 10.471549 0.98683047 0.16476518 0.031950619 
12.76 12.22881 1.7723641 10.456446 0.98677272 0.16473523 0.031871215 
12.77 12.195583 1.7539301 10.441653 0.98671424 0.1647055 0.031792011 
12.78 12.16246 1.7352867 10.427174 0.986655 0.16467597 0.031713009 
12.79 12.129429 1.7164383 10.412991 0.98659503 0.16464666 0.031634208 
12.8 12.096513 1.6973929 10.39912 0.9865343 0.16461755 0.031555608 
12.81 12.063729 1.6781526 10.385576 0.98647267 0.16458869 0.031477205 
12.82 12.031042 1.6587172 10.372325 0.98641026 0.16456005 0.031399004 
12.83 11.998525 1.6391144 10.35941 0.98634702 0.16453163 0.031321004 
12.84 11.966105 1.6193171 10.346787 0.98628283 0.16450347 0.031243201 
12.85 11.933832 1.599339 10.334494 0.98621774 0.16447553 0.031165598 
12.86 11.901714 1.5792036 10.322511 0.98615175 0.16444784 0.031088192 
12.87 11.86974 1.5588927 10.310848 0.9860847 0.16442041 0.031010984 
12.88 11.837926 1.5384254 10.2995 0.98601669 0.16439322 0.030933974 
12.89 11.806278 1.5177946 10.288484 0.98594761 0.16436629 0.030857161 
12.9 11.774771 1.4970155 10.277756 0.98587745 0.16433963 0.030780545 
12.91 11.743441 1.4760747 10.267366 0.98580617 0.16431326 0.030704124 
12.92 11.712278 1.4549971 10.257281 0.98573375 0.16428714 0.030627901 
12.93 11.681266 1.4337654 10.2475 0.98566008 0.16426131 0.030551873 
12.94 11.650427 1.4123874 10.238039 0.98558515 0.16423577 0.030476043 
12.95 11.619751 1.3908706 10.22888 0.98550892 0.16421054 0.030400407 
12.96 11.589248 1.3692193 10.220028 0.98543131 0.1641856 0.030324966 
12.97 11.558913 1.3474398 10.211473 0.98535234 0.16416098 0.030249719 
12.98 11.528734 1.3255281 10.203206 0.98527181 0.16413668 0.030174667 
12.99 11.498693 1.3034668 10.195227 0.9851898 0.1641127 0.030099811 
13 11.468834 1.2812886 10.187546 0.98510617 0.16408907 0.030025149 
13.01 11.439101 1.2589726 10.180128 0.98502082 0.16406578 0.02995068 
13.02 11.409534 1.2365355 10.172998 0.98493373 0.16404285 0.029876405 
13.03 11.380106 1.2139678 10.166138 0.98484486 0.16402027 0.029802326 
13.04 11.350806 1.1912804 10.159526 0.98475397 0.16399808 0.029728439 
13.05 11.321655 1.1684799 10.153175 0.9846611 0.16397628 0.029654747 
13.06 11.292639 1.1455507 10.147088 0.98456609 0.16395488 0.029581247 
13.07 11.263753 1.1225057 10.141247 0.98446882 0.1639339 0.029507942 
13.08 11.234995 1.0993576 10.135637 0.98436916 0.16391335 0.029434832 
13.09 11.206362 1.076087 10.130275 0.98426706 0.16389325 0.029361913 
13.1 11.177846 1.0527148 10.125132 0.98416227 0.16387361 0.02928919 
13.11 11.149457 1.0292368 10.12022 0.98405468 0.16385445 0.029216662 
13.12 11.121179 1.0056577 10.11552 0.98394418 0.16383578 0.029144328 
13.13 11.093018 0.98198652 10.111031 0.98383045 0.16381763 0.029072188 
13.14 11.064966 0.95820808 10.106758 0.98371339 0.16380002 0.029000243 
13.15 11.037031 0.93435287 10.102678 0.98359275 0.16378295 0.028928496 
13.16 11.009195 0.91040325 10.098792 0.98346829 0.16376649 0.028856944 
13.17 10.981464 0.88636875 10.095096 0.98333967 0.16375063 0.02878559 
13.18 10.953828 0.86225462 10.091574 0.98320669 0.16373542 0.028714433 
13.19 10.926293 0.83805656 10.088237 0.98306894 0.16372089 0.028643478 
13.2 10.898845 0.81379128 10.085053 0.98292601 0.16370706 0.028572721 
13.21 10.871483 0.78944254 10.082041 0.98277754 0.16369398 0.028502166 
13.22 10.844213 0.7650342 10.07918 0.98262298 0.16368167 0.028431814 
13.23 10.817023 0.74056435 10.076459 0.98246187 0.16367021 0.028361669 
13.24 10.789918 0.71602678 10.073891 0.98229343 0.16365965 0.028291732 
13.25 10.762913 0.69145775 10.071455 0.98211712 0.16365001 0.028222004 
13.26 10.735984 0.66682816 10.069156 0.98193198 0.16364138 0.02815249 
13.27 10.709105 0.64214993 10.066955 0.98173708 0.16363382 0.028083194 
13.28 10.68233 0.61744118 10.064889 0.98153132 0.16362742 0.028014122 
13.29 10.655644 0.59270811 10.062937 0.98131335 0.16362227 0.027945274 
13.3 10.629023 0.56794167 10.061081 0.98108155 0.16361846 0.027876664 
13.31 10.602482 0.54315472 10.059327 0.98083413 0.16361612 0.027808294 
13.32 10.576035 0.51834917 10.057686 0.98056871 0.16361538 0.027740177 
13.33 10.549673 0.49353933 10.056133 0.98028249 0.16361639 0.027672322 
13.34 10.523386 0.46871471 10.054671 0.97997206 0.16361935 0.027604749 
13.35 10.497209 0.44389772 10.05331 0.97963309 0.16362448 0.027537474 
13.36 10.471113 0.41907406 10.052039 0.97925997 0.16363204 0.027470523 
13.37 10.445119 0.39426565 10.050854 0.97884554 0.16364235 0.027403928 
13.38 10.419221 0.36945629 10.049765 0.97838032 0.16365579 0.027337734 
13.39 10.393428 0.34467316 10.048755 0.97785145 0.16367285 0.027271995 
13.4 10.367735 0.31991005 10.047825 0.97724122 0.16369417 0.027206801 
13.41 10.342156 0.29516554 10.046991 0.97652429 0.16372056 0.027142264 
13.42 10.316673 0.2704339 10.04624 0.97566342 0.16375306 0.027078565 
13.43 10.29131 0.24573994 10.04557 0.97460163 0.16379313 0.027015978 
13.44 10.266033 0.22105455 10.044979 0.97324771 0.1638428 0.026954958 
13.45 10.240883 0.19640923 10.044474 0.97144848 0.16390499 0.026896287 
13.46 10.215837 0.17179394 10.044044 0.96893132 0.1639841 0.026841432 
13.47 10.190895 0.14719868 10.043696 0.9651829 0.16408697 0.026793404 
13.48 10.166039 0.12262154 10.043418 0.95919657 0.16422468 0.026759122 
13.49 10.141286 0.098074913 10.043211 0.94904274 0.16441585 0.026756914 
13.5 10.116598 0.073542118 10.043056 0.93177545 0.16469225 0.026844529 
13.51 10.091969 0.049012661 10.042957 0.90567154 0.16510856 0.027243961 
13.52 10.067398 0.024503708 10.042894 0.87360936 0.16575892 0.028979644 
13.53 10.042872 0 10.042872 0.84009665 0.16680782 0.036638178 
