0 10.968868 0 10.968868 0.83098197 0.17182639 0.045373652 
0.0099999998 10.941994 -0.026900291 10.968894 0.79847282 0.17382465 0.072154239 
0.02 10.915169 -0.053801537 10.96897 0.76718009 0.17712809 0.10632955 
0.029999999 10.888386 -0.080718994 10.969105 0.73710483 0.18235272 0.14075629 
0.039999999 10.861635 -0.10765171 10.969287 0.70820647 0.18996827 0.17399992 
0.050000001 10.834942 -0.13459873 10.969541 0.68044031 0.20001255 0.2059039 
0.059999999 10.808301 -0.16155481 10.969856 0.65376246 0.21204475 0.23649059 
0.07 10.781721 -0.18853521 10.970257 0.62813056 0.22536898 0.26580772 
0.079999998 10.755202 -0.21553135 10.970734 0.60350364 0.23929909 0.29390609 
0.090000004 10.728745 -0.2425518 10.971297 0.57984251 0.25329769 0.32083577 
0.1 10.702339 -0.26960945 10.971949 0.55710924 0.26699442 0.34664497 
0.11 10.676015 -0.29667187 10.972687 0.53526759 0.28015128 0.37138012 
0.12 10.649755 -0.32376146 10.973516 0.51428258 0.29262105 0.39508569 
0.13 10.623558 -0.35086489 10.974422 0.49412075 0.30431601 0.41780436 
0.14 10.59745 -0.37798119 10.975431 0.47474986 0.31518787 0.43957692 
0.15000001 10.571418 -0.40511656 10.976534 0.45613894 0.32521561 0.4604423 
0.16 10.545475 -0.43224955 10.977724 0.43825832 0.33439851 0.48043779 
0.17 10.519608 -0.45940447 10.979013 0.42107943 0.34275147 0.49959865 
0.18000001 10.493855 -0.48654175 10.980396 0.40457487 0.35030204 0.51795846 
0.19 10.468178 -0.51370049 10.981878 0.3887184 0.35708752 0.53554845 
0.2 10.442641 -0.540833 10.983475 0.37348473 0.36315271 0.55239767 
0.20999999 10.417179 -0.56796789 10.985147 0.35884967 0.36854762 0.56853181 
0.22 10.391885 -0.59506941 10.986954 0.34479007 0.37332544 0.58397275 
0.23 10.366684 -0.6221652 10.98885 0.33128363 0.37754059 0.59873617 
0.23999999 10.341638 -0.64922714 10.990865 0.31830913 0.38124722 0.61282933 
0.25 10.316732 -0.67626476 10.992997 0.30584618 0.38449788 0.62624604 
0.25999999 10.29199 -0.70326471 10.995255 0.29387546 0.38734242 0.63896012 
0.27000001 10.267415 -0.73021698 10.997632 0.28237846 0.3898274 0.6509155 
0.28 10.243018 -0.75712776 11.000146 0.2713379 0.39199555 0.66201502 
0.28999999 10.218812 -0.78398371 11.002796 0.26073742 0.39388564 0.67211008 
0.30000001 10.194813 -0.81078911 11.005602 0.25056207 0.39553237 0.68100309 
0.31 10.171023 -0.83752155 11.008545 0.24079843 0.39696646 0.68847543 
0.31999999 10.147464 -0.86418009 11.011644 0.23143506 0.39821503 0.69435114 
0.33000001 10.124126 -0.89078331 11.01491 0.22246318 0.39930162 0.6985755 
0.34 10.101053 -0.91729212 11.018345 0.2138775 0.40024674 0.70125765 
0.34999999 10.078227 -0.94372606 11.021954 0.20567758 0.40106803 0.70264155 
0.36000001 10.05567 -0.97007751 11.025747 0.19786951 0.40178069 0.70302749 
0.37 10.03341 -0.99632597 11.029736 0.190468 0.40239769 0.70269811 
0.38 10.011407 -1.0224991 11.033906 0.18349876 0.40293029 0.7018804 
0.38999999 9.9897156 -1.0485597 11.038275 0.17700039 0.40338799 0.70073968 
0.40000001 9.9683418 -1.0745196 11.042862 0.17102484 0.40377915 0.69938928 
0.41 9.9472761 -1.1003742 11.04765 0.16563439 0.40411097 0.69790423 
0.41999999 9.9265604 -1.126102 11.052662 0.1608934 0.40438977 0.69633341 
0.43000001 9.9061422 -1.1517477 11.05789 0.15685457 0.40462127 0.69470847 
0.44 9.8860884 -1.1772556 11.063344 0.15354347 0.40481046 0.69304961 
0.44999999 9.8663807 -1.2026505 11.069031 0.1509477 0.40496191 0.69136995 
0.46000001 9.8470516 -1.2279048 11.074957 0.14901705 0.40507963 0.68967795 
0.47 9.8280859 -1.2530341 11.08112 0.14767423 0.40516716 0.6879791 
0.47999999 9.8095093 -1.2780252 11.087534 0.14683034 0.40522748 0.68627697 
0.49000001 9.7913084 -1.302886 11.094194 0.14639847 0.40526319 0.68457395 
0.5 9.7735176 -1.3275952 11.101112 0.14630255 0.40527645 0.6828717 
0.50999999 9.7561188 -1.3521614 11.10828 0.14648159 0.40526912 0.6811713 
0.51999998 9.7391386 -1.3765764 11.115715 0.14689086 0.40524268 0.67947346 
0.52999997 9.7225771 -1.4008331 11.12341 0.14750195 0.40519828 0.67777872 
0.54000002 9.7064438 -1.424933 11.131376 0.14830209 0.4051367 0.67608756 
0.55000001 9.6907463 -1.4488773 11.139624 0.14929377 0.40505821 0.67440009 
0.56 9.6754856 -1.4726548 11.14814 0.15049398 0.40496233 0.67271656 
0.56999999 9.6606617 -1.4962683 11.15693 0.15193367 0.40484801 0.67103708 
0.57999998 9.6463022 -1.5197148 11.166018 0.1536565 0.40471312 0.66936171 
0.58999997 9.6323967 -1.5429835 11.175381 0.1557166 0.40455493 0.66769046 
0.60000002 9.6189384 -1.566092 11.18503 0.15817535 0.40437004 0.66602331 
0.61000001 9.6059761 -1.5889874 11.194963 0.16109656 0.40415478 0.6643604 
0.62 9.5934839 -1.6117134 11.205197 0.16454086 0.40390563 0.66270155 
0.63 9.58146 -1.634253 11.215714 0.16855985 0.4036195 0.66104686 
0.63999999 9.569931 -1.6565876 11.226519 0.17319109 0.40329415 0.65939635 
0.64999998 9.5588837 -1.6787286 11.237612 0.1784548 0.4029282 0.65774989 
0.66000003 9.5483284 -1.7006569 11.248985 0.1843527 0.4025214 0.6561076 
0.67000002 9.5382757 -1.7223945 11.26067 0.19086887 0.40207443 0.65446937 
0.68000001 9.528717 -1.7439089 11.272626 0.1979724 0.40158868 0.65283525 
0.69 9.5196829 -1.765192 11.284875 0.20562075 0.40106621 0.65120518 
0.69999999 9.5111237 -1.7862663 11.29739 0.21376352 0.4005096 0.64957923 
0.70999998 9.5031099 -1.8071008 11.310211 0.22234592 0.39992145 0.64795727 
0.72000003 9.495594 -1.8277078 11.323301 0.23131168 0.3993046 0.64633942 
0.73000002 9.4886103 -1.8480639 11.336674 0.24060528 0.39866185 0.64472556 
0.74000001 9.4821405 -1.8681965 11.350337 0.2501736 0.39799583 0.64311576 
0.75 9.4761906 -1.8880739 11.364264 0.25996685 0.39730909 0.64151001 
0.75999999 9.4707632 -1.9077024 11.378466 0.26993927 0.39660397 0.63990825 
0.76999998 9.465888 -1.9270625 11.39295 0.2800492 0.39588261 0.63831043 
0.77999997 9.4615202 -1.9461732 11.407694 0.29025933 0.39514691 0.63671666 
0.79000002 9.4576979 -1.9650126 11.42271 0.30053625 0.39439872 0.63512689 
0.80000001 9.4544115 -1.9835916 11.438004 0.31085041 0.39363956 0.63354105 
0.81 9.4516468 -2.0019021 11.453548 0.32117587 0.3928709 0.63195914 
0.81999999 9.4494371 -2.0199332 11.46937 0.33148977 0.39209402 0.63038123 
0.82999998 9.447772 -2.0376835 11.485456 0.3417722 0.39131004 0.62880725 
0.83999997 9.4466248 -2.0551691 11.501794 0.35200581 0.39052001 0.6272372 
0.85000002 9.4460545 -2.0723543 11.518409 0.36217558 0.38972488 0.62567109 
0.86000001 9.4460011 -2.0892563 11.535257 0.37226853 0.38892543 0.62410885 
0.87 9.4465017 -2.1058702 11.552372 0.38227347 0.38812247 0.62255055 
0.88 9.4475479 -2.1221972 11.569745 0.39218086 0.38731658 0.62099606 
0.88999999 9.4491291 -2.1382432 11.587372 0.40198258 0.38650844 0.61944556 
0.89999998 9.4512615 -2.1539907 11.605252 0.4116717 0.38569856 0.61789888 
0.91000003 9.4539595 -2.1694345 11.623394 0.42124242 0.3848874 0.61635602 
0.92000002 9.4571924 -2.184576 11.641768 0.43068993 0.38407546 0.61481708 
0.93000001 9.4609652 -2.1994472 11.660412 0.44001022 0.38326311 0.61328197 
0.94 9.4652929 -2.2139912 11.679284 0.44920012 0.3824507 0.61175066 
0.94999999 9.4701672 -2.2282481 11.698416 0.45825702 0.38163859 0.61022317 
0.95999998 9.4755812 -2.2422094 11.717791 0.46717897 0.38082707 0.60869956 
0.97000003 9.4815454 -2.2558589 11.737404 0.47596449 0.38001642 0.6071797 
0.98000002 9.4880476 -2.2692146 11.757262 0.48461258 0.37920687 0.60566366 
0.99000001 9.4951134 -2.2822676 11.777381 0.49312261 0.37839863 0.60415137 
1 9.5027237 -2.2950096 11.797733 0.50149429 0.37759194 0.60264289 
1.01 9.5108681 -2.307466 11.818335 0.50972772 0.37678701 0.60113817 
1.02 9.5195627 -2.3195987 11.839161 0.51782316 0.37598395 0.59963721 
1.03 9.5287914 -2.3314538 11.860245 0.52578121 0.37518299 0.59813994 
1.04 9.5385761 -2.3429904 11.881567 0.53360254 0.37438419 0.59664649 
1.05 9.5488796 -2.354238 11.903118 0.54128814 0.37358776 0.59515673 
1.0599999 9.5597296 -2.3651843 11.924913 0.54883909 0.37279379 0.59367073 
1.0700001 9.5711308 -2.3758268 11.946958 0.55625659 0.37200242 0.59218836 
1.08 9.5830679 -2.3861551 11.969223 0.56354207 0.3712137 0.59070975 
1.09 9.5955162 -2.3962049 11.991721 0.57069695 0.37042776 0.58923483 
1.1 9.6085129 -2.405952 12.014465 0.57772273 0.3696447 0.58776355 
1.11 9.6220493 -2.4153976 12.037447 0.58462107 0.36886457 0.58629602 
1.12 9.6361094 -2.4245501 12.060659 0.59139359 0.36808744 0.58483207 
1.13 9.6506863 -2.4334145 12.084101 0.59804213 0.36731341 0.58337182 
1.14 9.6658096 -2.4419756 12.107785 0.60456842 0.36654252 0.58191526 
1.15 9.6814413 -2.4502473 12.131689 0.61097425 0.36577481 0.58046228 
1.16 9.6975946 -2.4582415 12.155836 0.61726147 0.36501035 0.57901293 
1.17 9.7142773 -2.4659162 12.180193 0.62343192 0.3642492 0.57756722 
1.1799999 9.7314653 -2.4733238 12.204789 0.62948757 0.36349136 0.57612509 
1.1900001 9.7491837 -2.4804354 12.229619 0.63543028 0.36273691 0.57468659 
1.2 9.7674141 -2.4872642 12.254679 0.64126194 0.36198589 0.57325166 
1.21 9.7861547 -2.4938078 12.279963 0.6469844 0.36123827 0.57182032 
1.22 9.8054047 -2.5000734 12.305478 0.65259969 0.36049414 0.57039255 
1.23 9.8251638 -2.506042 12.331205 0.65810955 0.35975349 0.56896836 
1.24 9.8454227 -2.511745 12.357168 0.66351599 0.35901636 0.56754768 
1.25 9.8661852 -2.5171595 12.383345 0.66882086 0.35828274 0.56613058 
1.26 9.8874502 -2.5222974 12.409748 0.67402601 0.35755271 0.56471705 
1.27 9.9092083 -2.5271664 12.436375 0.6791333 0.35682622 0.56330699 
1.28 9.9314518 -2.5317564 12.463208 0.68414456 0.3561033 0.5619005 
1.29 9.9541845 -2.5360785 12.490263 0.68906158 0.35538396 0.56049752 
1.3 9.9774151 -2.5401416 12.517557 0.69388622 0.3546682 0.55909801 
1.3099999 10.001131 -2.5439138 12.545045 0.6986202 0.35395607 0.557702 
1.3200001 10.025336 -2.5474257 12.572762 0.70326531 0.35324752 0.55630952 
1.33 10.050007 -2.5506759 12.600683 0.70782322 0.35254258 0.55492043 
1.34 10.075163 -2.5536561 12.628819 0.71229571 0.35184124 0.55353487 
1.35 10.100793 -2.5563884 12.657181 0.7166844 0.35114351 0.55215281 
1.36 10.126876 -2.5588541 12.68573 0.72099102 0.35044938 0.5507741 
1.37 10.153441 -2.5610552 12.714497 0.7252171 0.34975886 0.5493989 
1.38 10.180467 -2.5630226 12.743489 0.72936434 0.34907195 0.5480271 
1.39 10.207958 -2.5647125 12.772671 0.73343426 0.34838861 0.54665875 
1.4 10.235891 -2.5661697 12.802061 0.73742843 0.34770885 0.54529381 
1.41 10.264298 -2.5673604 12.831659 0.74134839 0.34703267 0.54393232 
1.42 10.293152 -2.5682993 12.861451 0.74519563 0.34636006 0.54257417 
1.4299999 10.322439 -2.5690098 12.891449 0.74897164 0.34569103 0.54121941 
1.4400001 10.352184 -2.5694733 12.921658 0.7526778 0.34502554 0.53986806 
1.45 10.382359 -2.5697017 12.952061 0.75631559 0.34436357 0.5385201 
1.46 10.412987 -2.5696626 12.982649 0.75988644 0.34370515 0.53717548 
1.47 10.444033 -2.5694036 13.013436 0.76339161 0.34305021 0.53583419 
1.48 10.475522 -2.5688958 13.044418 0.76683247 0.34239882 0.53449631 
1.49 10.507428 -2.5681725 13.075601 0.77021044 0.34175089 0.5331617 
1.5 10.539759 -2.5672116 13.10697 0.77352667 0.34110644 0.53183049 
1.51 10.572508 -2.5660129 13.138521 0.77678251 0.34046546 0.53050256 
1.52 10.60568 -2.5645957 13.170277 0.77997917 0.3398279 0.52917796 
1.53 10.63927 -2.5629411 13.202211 0.78311783 0.33919379 0.52785665 
1.54 10.673258 -2.5610566 13.234314 0.78619975 0.33856308 0.52653867 
1.55 10.707647 -2.5589714 13.266619 0.78922606 0.33793578 0.52522397 
1.5599999 10.742442 -2.5566611 13.299103 0.79219788 0.33731183 0.52391255 
1.5700001 10.777647 -2.5541234 13.33177 0.79511636 0.33669126 0.52260441 
1.58 10.813234 -2.5513644 13.364599 0.79798257 0.33607405 0.52129954 
1.59 10.849216 -2.5484123 13.397629 0.80079758 0.33546016 0.51999789 
1.6 10.885586 -2.5452256 13.430811 0.80356246 0.33484957 0.51869953 
1.61 10.922333 -2.5418453 13.464178 0.80627823 0.33424228 0.51740444 
1.62 10.959465 -2.5382462 13.497711 0.80894583 0.33363825 0.51611251 
1.63 10.996965 -2.5344553 13.531421 0.81156641 0.3330375 0.51482385 
1.64 11.03484 -2.530447 13.565287 0.81414074 0.33243996 0.51353842 
1.65 11.073088 -2.5262499 13.599338 0.81666988 0.33184567 0.51225615 
1.66 11.111707 -2.5218482 13.633554 0.81915474 0.33125454 0.51097709 
1.67 11.150673 -2.5172482 13.667921 0.82159621 0.3306666 0.50970125 
1.6799999 11.189994 -2.512464 13.702457 0.82399511 0.33008182 0.50842857 
1.6900001 11.229671 -2.5074611 13.737131 0.82635236 0.3295002 0.50715911 
1.7 11.269692 -2.502295 13.771988 0.82866883 0.32892168 0.50589281 
1.71 11.31006 -2.4969335 13.806993 0.83094531 0.32834625 0.50462967 
1.72 11.350787 -2.491364 13.842152 0.83318263 0.3277739 0.50336963 
1.73 11.391828 -2.4856353 13.877462 0.83538157 0.32720461 0.50211281 
1.74 11.433208 -2.4797249 13.912933 0.83754289 0.3266384 0.50085908 
1.75 11.474915 -2.4736147 13.948529 0.83966732 0.32607517 0.49960852 
1.76 11.516955 -2.467339 13.984295 0.84175569 0.32551494 0.49836105 
1.77 11.559319 -2.4608793 14.020198 0.84380865 0.32495773 0.49711668 
1.78 11.601995 -2.454246 14.05624 0.84582692 0.32440343 0.49587545 
1.79 11.644979 -2.4474506 14.09243 0.84781116 0.32385212 0.49463731 
1.8 11.688275 -2.4404759 14.128752 0.84976214 0.3233037 0.49340227 
1.8099999 11.731877 -2.4333367 14.165215 0.85168046 0.3227582 0.4921703 
1.8200001 11.775791 -2.4260216 14.201813 0.85356677 0.32221556 0.49094141 
1.83 11.819983 -2.4185624 14.238546 0.85542172 0.32167581 0.48971561 
1.84 11.864496 -2.4109173 14.275414 0.85724592 0.32113889 0.48849285 
1.85 11.909279 -2.4031324 14.312411 0.85903996 0.32060477 0.48727313 
1.86 11.95435 -2.3951845 14.349534 0.8608045 0.32007349 0.48605648 
1.87 11.999707 -2.3870864 14.386793 0.86254001 0.31954497 0.48484284 
1.88 12.045347 -2.3788195 14.424167 0.86424714 0.31901923 0.48363224 
1.89 12.091254 -2.3704047 14.461658 0.86592644 0.31849623 0.48242468 
1.9 12.13744 -2.3618498 14.49929 0.86757839 0.31797594 0.48122013 
1.91 12.183887 -2.353148 14.537035 0.86920363 0.31745839 0.48001859 
1.92 12.23059 -2.3442931 14.574883 0.87080258 0.3169435 0.47882003 
1.9299999 12.277561 -2.3353024 14.612864 0.87237579 0.31643128 0.47762448 
1.9400001 12.324784 -2.3261561 14.65094 0.87392372 0.31592172 0.47643191 
1.95 12.372251 -2.3168817 14.689133 0.87544692 0.31541479 0.47524232 
1.96 12.419972 -2.3074746 14.727448 0.87694585 0.31491047 0.47405571 
1.97 12.467938 -2.2979226 14.765862 0.87842095 0.31440875 0.47287205 
1.98 12.516144 -2.2882404 14.804384 0.87987268 0.31390959 0.47169134 
1.99 12.564577 -2.2784414 14.843019 0.88130146 0.31341302 0.47051358 
2 12.613255 -2.2684917 14.881746 0.88270777 0.31291896 0.46933877 
2.01 12.662149 -2.25842 14.920569 0.88409203 0.31242743 0.46816689 
2.02 12.711276 -2.2482333 14.959509 0.88545465 0.31193841 0.46699792 
2.03 12.760617 -2.2379155 14.998533 0.88679606 0.31145185 0.46583188 
2.04 12.810171 -2.2274723 15.037643 0.8881166 0.31096777 0.46466875 
2.05 12.859939 -2.2169147 15.076853 0.88941669 0.31048614 0.46350855 
2.0599999 12.909916 -2.2062483 15.116164 0.89069676 0.31000695 0.46235123 
2.0699999 12.960108 -2.1954479 15.155556 0.8919571 0.30953014 0.46119678 
2.0799999 13.01049 -2.1845493 15.19504 0.89319813 0.30905575 0.46004525 
2.0899999 13.06108 -2.1735215 15.234602 0.89442021 0.30858374 0.45889655 
2.0999999 13.111855 -2.162406 15.274261 0.89562368 0.30811408 0.45775074 
2.1099999 13.162818 -2.151176 15.313993 0.89680892 0.30764678 0.45660779 
2.1199999 13.213971 -2.1398349 15.353806 0.89797622 0.30718181 0.4554677 
2.1300001 13.265305 -2.1283884 15.393693 0.89912587 0.30671915 0.45433047 
2.1400001 13.316826 -2.1168623 15.433688 0.9002583 0.30625877 0.45319605 
2.1500001 13.368511 -2.1052055 15.473717 0.90137374 0.30580068 0.45206448 
2.1600001 13.420369 -2.093473 15.513842 0.9024725 0.30534485 0.45093572 
2.1700001 13.472395 -2.0816412 15.554036 0.90355498 0.30489126 0.44980979 
2.1800001 13.524574 -2.0697079 15.594282 0.90462136 0.3044399 0.44868669 
2.1900001 13.57693 -2.0576854 15.634615 0.90567195 0.30399078 0.44756636 
2.2 13.629443 -2.045568 15.675011 0.90670711 0.30354384 0.44644883 
2.21 13.682109 -2.0333686 15.715477 0.907727 0.30309907 0.44533411 
2.22 13.734896 -2.0210848 15.75598 0.90873206 0.30265647 0.44422218 
2.23 13.787858 -2.0087056 15.796564 0.90972239 0.30221602 0.443113 
2.24 13.840956 -1.9962559 15.837212 0.91069829 0.30177772 0.44200662 
2.25 13.894203 -1.9837151 15.877918 0.91166013 0.3013415 0.44090298 
2.26 13.947558 -1.9711032 15.918661 0.91260803 0.30090743 0.43980208 
2.27 14.00106 -1.9584093 15.95947 0.91354227 0.30047542 0.43870395 
2.28 14.054703 -1.9456291 16.000332 0.9144631 0.30004552 0.43760857 
2.29 14.108445 -1.9327931 16.041239 0.9153707 0.29961765 0.43651593 
2.3 14.16231 -1.9198771 16.082188 0.91626543 0.29919183 0.435426 
2.3099999 14.216313 -1.9068809 16.123194 0.91714746 0.29876804 0.43433878 
2.3199999 14.270416 -1.893837 16.164253 0.91801691 0.29834628 0.4332543 
2.3299999 14.324636 -1.8807001 16.205338 0.91887414 0.29792649 0.43217251 
2.3399999 14.378953 -1.8675141 16.246468 0.91971928 0.29750872 0.43109342 
2.3499999 14.433366 -1.8542743 16.28764 0.92055255 0.29709291 0.43001705 
2.3599999 14.487901 -1.8409667 16.328867 0.9213742 0.29667905 0.42894334 
2.3699999 14.54253 -1.8275824 16.370113 0.92218441 0.29626715 0.42787233 
2.3800001 14.597241 -1.8141561 16.411398 0.92298329 0.29585719 0.42680398 
2.3900001 14.65204 -1.8006754 16.452717 0.92377114 0.29544914 0.4257383 
2.4000001 14.706926 -1.7871332 16.494061 0.92454809 0.29504299 0.42467529 
2.4100001 14.761914 -1.7735372 16.535452 0.92531437 0.29463875 0.42361492 
2.4200001 14.816978 -1.7598891 16.576866 0.92607015 0.29423636 0.4225572 
2.4300001 14.872107 -1.7461786 16.618286 0.92681557 0.29383585 0.42150214 
2.4400001 14.927299 -1.7324414 16.65974 0.92755079 0.29343718 0.4204497 
2.45 14.982585 -1.7186503 16.701235 0.92827606 0.29304036 0.41939989 
2.46 15.037934 -1.7048087 16.742743 0.9289915 0.29264539 0.41835269 
2.47 15.093349 -1.6909299 16.784279 0.92969728 0.29225221 0.41730812 
2.48 15.148805 -1.677011 16.825815 0.93039358 0.29186082 0.41626617 
2.49 15.204329 -1.6630473 16.867376 0.93108052 0.29147124 0.41522679 
2.5 15.259908 -1.6490569 16.908964 0.93175822 0.29108343 0.41419002 
2.51 15.315548 -1.635005 16.950554 0.93242693 0.29069737 0.41315585 
2.52 15.371228 -1.620935 16.992163 0.93308675 0.29031307 0.41212425 
2.53 15.426952 -1.6068211 17.033773 0.93373781 0.28993052 0.41109523 
2.54 15.482721 -1.59268 17.075401 0.93438029 0.28954968 0.41006878 
2.55 15.538524 -1.5785184 17.117043 0.93501431 0.28917056 0.40904489 
2.5599999 15.594376 -1.5643063 17.158682 0.93563998 0.28879318 0.40802354 
2.5699999 15.650245 -1.5500941 17.200338 0.93625748 0.28841746 0.40700477 
2.5799999 15.706152 -1.5358276 17.24198 0.93686694 0.28804341 0.40598851 
2.5899999 15.762086 -1.5215516 17.283638 0.93746847 0.28767103 0.40497482 
2.5999999 15.818042 -1.5072484 17.325291 0.93806219 0.28730032 0.40396366 
2.6099999 15.874006 -1.4929323 17.36694 0.93864822 0.28693128 0.402955 
2.6199999 15.929997 -1.4785724 17.408569 0.93922675 0.28656384 0.40194887 
2.6300001 15.986027 -1.4642162 17.450243 0.93979776 0.28619802 0.40094525 
2.6400001 16.042036 -1.4498358 17.491871 0.94036156 0.28583384 0.39994416 
2.6500001 16.098083 -1.4354267 17.53351 0.94091809 0.28547126 0.39894554 
2.6600001 16.154116 -1.4210281 17.575144 0.94146758 0.28511027 0.39794943 
2.6700001 16.210159 -1.4066095 17.616768 0.94201005 0.28475085 0.39695579 
2.6800001 16.266211 -1.3921518 17.658363 0.94254571 0.28439298 0.39596462 
2.6900001 16.322241 -1.3777151 17.699955 0.94307458 0.2840367 0.39497596 
2.7 16.378269 -1.3632708 17.741539 0.94359678 0.28368196 0.39398974 
2.71 16.434317 -1.3487892 17.783106 0.94411248 0.28332877 0.39300603 
2.72 16.490334 -1.3343296 17.824663 0.94462174 0.2829771 0.39202473 
2.73 16.546347 -1.3198481 17.866196 0.94512463 0.28262696 0.3910459 
2.74 16.602354 -1.3053608 17.907715 0.94562125 0.2822783 0.39006948 
2.75 16.658319 -1.2908802 17.9492 0.9461118 0.28193116 0.38909554 
2.76 16.714266 -1.2764044 17.990669 0.94659621 0.28158551 0.38812402 
2.77 16.770214 -1.2619104 18.032124 0.94707471 0.28124133 0.38715491 
2.78 16.826113 -1.2474308 18.073544 0.94754732 0.28089863 0.38618824 
2.79 16.88199 -1.2329578 18.114948 0.94801414 0.28055736 0.38522398 
2.8 16.937826 -1.2184782 18.156303 0.94847524 0.28021756 0.38426211 
2.8099999 16.99365 -1.2040024 18.197653 0.9489308 0.27987921 0.38330266 
2.8199999 17.049421 -1.1895418 18.238964 0.94938076 0.27954227 0.38234562 
2.8299999 17.105171 -1.1750946 18.280266 0.94982535 0.27920678 0.38139093 
2.8399999 17.160872 -1.1606379 18.32151 0.95026451 0.27887267 0.38043866 
2.8499999 17.216532 -1.1461973 18.362728 0.95069844 0.27853999 0.37948874 
2.8599999 17.272133 -1.1317778 18.403912 0.95112717 0.27820867 0.3785412 
2.8699999 17.327703 -1.1173582 18.445061 0.95155078 0.27787876 0.37759605 
2.8800001 17.3832 -1.1029682 18.486168 0.95196933 0.27755022 0.37665322 
2.8900001 17.438671 -1.0885849 18.527256 0.95238286 0.27722305 0.37571278 
2.9000001 17.49408 -1.074214 18.568295 0.95279157 0.27689722 0.37477466 
2.9100001 17.549416 -1.0598564 18.609272 0.95319545 0.27657276 0.3738389 
2.9200001 17.604692 -1.0455275 18.650219 0.95359451 0.27624962 0.37290546 
2.9300001 17.65992 -1.0312138 18.691133 0.95398891 0.27592781 0.37197438 
2.9400001 17.715094 -1.0169106 18.732004 0.95437872 0.27560735 0.37104559 
2.95 17.770174 -1.0026407 18.772816 0.95476401 0.27528819 0.37011915 
2.96 17.825199 -0.98840523 18.813604 0.95514476 0.27497035 0.36919501 
2.97 17.880159 -0.97416592 18.854324 0.95552111 0.27465379 0.36827317 
2.98 17.935038 -0.95996189 18.895 0.9558931 0.27433851 0.36735365 
2.99 17.989841 -0.94579124 18.935633 0.9562608 0.27402455 0.36643639 
3 18.044569 -0.93163681 18.976206 0.95662427 0.27371183 0.36552146 
3.01 18.099215 -0.91753769 19.016752 0.95698357 0.27340037 0.36460879 
3.02 18.153782 -0.90342712 19.057209 0.95733875 0.27309018 0.36369842 
3.03 18.208279 -0.88936901 19.097649 0.95768988 0.27278125 0.36279032 
3.04 18.262672 -0.87534618 19.13802 0.95803702 0.27247354 0.36188447 
3.05 18.316971 -0.86135292 19.178324 0.95838022 0.27216709 0.3609809 
3.0599999 18.371193 -0.84737778 19.218571 0.95871955 0.27186185 0.36007956 
3.0699999 18.425329 -0.83344269 19.258772 0.95905501 0.27155784 0.35918048 
3.0799999 18.479362 -0.81954956 19.298912 0.95938677 0.27125502 0.35828367 
3.0899999 18.533316 -0.80568027 19.338997 0.95971477 0.27095342 0.35738906 
3.0999999 18.587152 -0.79185295 19.379005 0.96003908 0.27065301 0.35649672 
3.1099999 18.640886 -0.77807713 19.418964 0.96035981 0.27035376 0.35560659 
3.1199999 18.694521 -0.76432991 19.458851 0.96067697 0.27005574 0.35471869 
3.1300001 18.748058 -0.75063133 19.49869 0.96099061 0.26975885 0.35383299 
3.1400001 18.801498 -0.73695755 19.538456 0.96130073 0.26946315 0.35294953 
3.1500001 18.854822 -0.72332382 19.578146 0.96160752 0.26916862 0.35206825 
3.1600001 18.908031 -0.70974064 19.617771 0.96191084 0.26887521 0.3511892 
3.1700001 18.961143 -0.69619942 19.657343 0.96221089 0.26858297 0.35031232 
3.1800001 19.014122 -0.68269825 19.696819 0.96250767 0.26829186 0.34943762 
3.1900001 19.067005 -0.6692524 19.736258 0.96280122 0.26800188 0.34856513 
3.2 19.119776 -0.65584469 19.77562 0.96309155 0.26771304 0.34769481 
3.21 19.172417 -0.64248276 19.814899 0.96337873 0.2674253 0.34682664 
3.22 19.224941 -0.62916756 19.854109 0.9636628 0.26713866 0.34596068 
3.23 19.277353 -0.61590672 19.893261 0.96394378 0.26685315 0.34509686 
3.24 19.329634 -0.60267925 19.932312 0.96422178 0.26656872 0.34423518 
3.25 19.381794 -0.58950233 19.971296 0.96449679 0.26628539 0.34337568 
3.26 19.433819 -0.57640171 20.01022 0.96476889 0.26600313 0.3425183 
3.27 19.485722 -0.5633297 20.049051 0.965038 0.26572195 0.34166309 
3.28 19.537487 -0.55032349 20.087811 0.96530432 0.26544183 0.34081 
3.29 19.589142 -0.53735542 20.126497 0.96556777 0.2651628 0.33995903 
3.3 19.640652 -0.52444744 20.1651 0.96582848 0.26488483 0.3391102 
3.3099999 19.692039 -0.51158714 20.203627 0.96608639 0.26460788 0.33826348 
3.3199999 19.743267 -0.49879932 20.242065 0.96634161 0.264332 0.33741888 
3.3299999 19.794376 -0.48605347 20.28043 0.96659416 0.26405716 0.3365764 
3.3399999 19.845356 -0.4733696 20.318726 0.96684402 0.26378334 0.33573601 
3.3499999 19.896173 -0.46071911 20.356892 0.96709132 0.26351056 0.33489773 
3.3599999 19.946848 -0.44816399 20.395012 0.967336 0.26323879 0.33406153 
3.3699999 19.997406 -0.43564034 20.433046 0.96757817 0.26296803 0.33322743 
3.3800001 20.047804 -0.42317772 20.470982 0.96781784 0.26269826 0.33239537 
3.3900001 20.098047 -0.41079617 20.508842 0.96805501 0.26242954 0.33156544 
3.4000001 20.148159 -0.39844799 20.546608 0.96828973 0.26216179 0.33073756 
3.4100001 20.198122 -0.38617706 20.584299 0.96852207 0.26189503 0.32991174 
3.4200001 20.247932 -0.37394333 20.621876 0.96875197 0.26162925 0.329088 
3.4300001 20.297598 -0.36180878 20.659407 0.96897954 0.26136446 0.32826632 
3.4400001 20.347092 -0.34972 20.696812 0.96920484 0.26110065 0.32744667 
3.45 20.396452 -0.33768749 20.734138 0.96942776 0.26083779 0.32662907 
3.46 20.445644 -0.32571983 20.771364 0.96964848 0.26057592 0.32581353 
3.47 20.494686 -0.31382275 20.80851 0.96986699 0.26031497 0.32500002 
3.48 20.543573 -0.30199432 20.845568 0.97008324 0.26005501 0.32418853 
3.49 20.592314 -0.2902174 20.88253 0.97029734 0.25979596 0.32337907 
3.5 20.640882 -0.27850628 20.919388 0.97050929 0.25953788 0.32257164 
3.51 20.689285 -0.26688766 20.956173 0.9707191 0.25928071 0.32176623 
3.52 20.737524 -0.2553196 20.992844 0.97092682 0.25902447 0.32096282 
3.53 20.785633 -0.24380016 21.029434 0.97113246 0.25876918 0.3201614 
3.54 20.83353 -0.23237896 21.06591 0.97133607 0.25851479 0.31936201 
3.55 20.881296 -0.22100163 21.102299 0.97153765 0.25826132 0.31856462 
3.5599999 20.928879 -0.20969963 21.138578 0.97173721 0.25800875 0.3177692 
3.5699999 20.976295 -0.19847679 21.174772 0.97193485 0.25775707 0.31697577 
3.5799999 21.023546 -0.18731785 21.210865 0.97213054 0.25750631 0.31618431 
3.5899999 21.070629 -0.17624283 21.246872 0.97232425 0.25725645 0.31539485 
3.5999999 21.117556 -0.16521549 21.282772 0.97251612 0.25700745 0.31460735 
3.6099999 21.164289 -0.15426731 21.318558 0.97270608 0.25675935 0.31382182 
3.6199999 21.21084 -0.14340687 21.354248 0.97289425 0.25651214 0.31303823 
3.6300001 21.257248 -0.13259983 21.389847 0.97308052 0.25626579 0.31225663 
3.6400001 21.303492 -0.12185574 21.425346 0.97326505 0.25602028 0.31147698 
3.6500001 21.34952 -0.11121082 21.460732 0.97344774 0.25577566 0.31069925 
3.6600001 21.395395 -0.10062313 21.496017 0.9736287 0.25553191 0.30992347 
3.6700001 21.441076 -0.090120316 21.531197 0.97380787 0.25528899 0.30914962 
3.6800001 21.486607 -0.079679489 21.566286 0.97398537 0.25504693 0.30837774 
3.6900001 21.531933 -0.069321632 21.601254 0.97416115 0.25480571 0.30760774 
3.7 21.57708 -0.059031487 21.636112 0.97433525 0.25456533 0.3068397 
3.71 21.622063 -0.048826218 21.670889 0.97450769 0.25432578 0.30607355 
3.72 21.666842 -0.038696289 21.705538 0.97467852 0.25408709 0.30530933 
3.73 21.711451 -0.028634071 21.740086 0.97484767 0.25384918 0.30454701 
3.74 21.755892 -0.018654823 21.774548 0.97501528 0.25361213 0.30378661 
3.75 21.800135 -0.0087509155 21.808886 0.97518128 0.25337586 0.30302808 
3.76 21.8442 0.0010795593 21.843121 0.97534573 0.25314042 0.30227146 
3.77 21.888065 0.010835648 21.87723 0.97550863 0.25290579 0.30151674 
3.78 21.931759 0.020503044 21.911255 0.97566998 0.25267196 0.30076388 
3.79 21.975254 0.030108452 21.945145 0.97582984 0.25243893 0.30001292 
3.8 22.018574 0.039620399 21.978954 0.97598821 0.25220668 0.29926383 
3.8099999 22.061684 0.049060822 22.012623 0.97614509 0.25197524 0.2985166 
3.8199999 22.104633 0.058431625 22.046202 0.97630054 0.25174457 0.29777125 
3.8299999 22.147373 0.067715645 22.079659 0.9764545 0.25151467 0.29702777 
3.8399999 22.189936 0.076916695 22.113018 0.97660708 0.25128558 0.29628611 
3.8499999 22.232294 0.086033821 22.146259 0.97675824 0.25105724 0.29554632 
3.8599999 22.274475 0.095086098 22.17939 0.97690803 0.25082967 0.29480839 
3.8699999 22.316469 0.1040535 22.212416 0.97705644 0.25060287 0.2940723 
3.8800001 22.358234 0.11292648 22.245308 0.97720343 0.25037685 0.29333803 
3.8900001 22.399826 0.12172318 22.278103 0.97734916 0.25015154 0.29260561 
3.9000001 22.441236 0.13046074 22.310776 0.97749352 0.24992701 0.291875 
3.9100001 22.482435 0.13910866 22.343327 0.97763658 0.24970323 0.29114625 
3.9200001 22.523466 0.14766884 22.375797 0.97777832 0.24948019 0.29041928 
3.9300001 22.564272 0.15615082 22.408121 0.9779188 0.24925789 0.28969416 
3.9400001 22.60487 0.16453552 22.440334 0.97805798 0.24903633 0.28897083 
3.95 22.645313 0.17287254 22.472441 0.97819597 0.24881549 0.28824931 
3.96 22.685522 0.18109894 22.504423 0.97833264 0.24859539 0.28752959 
3.97 22.725552 0.18924427 22.536308 0.97846812 0.24837601 0.28681165 
3.98 22.765381 0.19732571 22.568054 0.97860241 0.24815734 0.28609553 
3.99 22.805016 0.20530224 22.599712 0.97873545 0.24793941 0.2853812 
4 22.84446 0.21322632 22.631233 0.97886735 0.24772216 0.28466862 
4.0100002 22.883675 0.22105694 22.662617 0.97899806 0.24750565 0.28395787 
4.02 22.922722 0.22879314 22.693928 0.97912759 0.24728984 0.28324884 
4.0300002 22.961544 0.23646641 22.725079 0.97925603 0.24707472 0.28254163 
4.04 23.000174 0.24402618 22.756147 0.97938329 0.2468603 0.28183615 
4.0500002 23.038618 0.25153732 22.787081 0.97950941 0.24664658 0.28113246 
4.0599999 23.076834 0.25893784 22.817896 0.97963446 0.24643354 0.2804305 
4.0700002 23.114861 0.26626682 22.848595 0.97975838 0.2462212 0.27973029 
4.0799999 23.152683 0.27351379 22.879169 0.97988123 0.24600954 0.27903184 
4.0900002 23.190315 0.28067398 22.909641 0.980003 0.24579856 0.27833515 
4.0999999 23.227737 0.28776741 22.93997 0.9801237 0.24558826 0.27764019 
4.1100001 23.264933 0.29474831 22.970184 0.98024338 0.24537863 0.27694696 
4.1199999 23.301947 0.30166721 23.000278 0.980362 0.24516967 0.27625546 
4.1300001 23.338747 0.30848408 23.030262 0.9804796 0.24496137 0.27556568 
4.1399999 23.37536 0.31523514 23.060125 0.98059618 0.24475373 0.27487764 
4.1500001 23.411753 0.32190609 23.089848 0.98071176 0.24454676 0.27419132 
4.1599998 23.447927 0.32846451 23.119463 0.98082632 0.24434045 0.2735067 
4.1700001 23.483927 0.33496475 23.148962 0.98093992 0.24413478 0.27282378 
4.1799998 23.519703 0.34138107 23.178322 0.98105258 0.24392976 0.27214259 
4.1900001 23.555294 0.34771156 23.207582 0.98116422 0.24372539 0.27146307 
4.1999998 23.590672 0.35394859 23.236723 0.9812749 0.24352166 0.27078527 
4.21 23.625847 0.36010551 23.265741 0.98138463 0.24331857 0.27010915 
4.2199998 23.660797 0.3661747 23.294622 0.98149347 0.24311613 0.26943475 
4.23 23.695549 0.37218285 23.323366 0.98160136 0.2429143 0.26876199 
4.2399998 23.730078 0.37806988 23.352009 0.98170835 0.24271311 0.26809093 
4.25 23.764444 0.38391972 23.380524 0.98181444 0.24251255 0.26742154 
4.2600002 23.798557 0.38964844 23.408909 0.98191965 0.24231261 0.26675385 
4.27 23.832495 0.39529705 23.437199 0.98202389 0.24211329 0.2660878 
4.2800002 23.866201 0.40086937 23.465332 0.98212737 0.24191459 0.26542342 
4.29 23.899733 0.40636444 23.493368 0.98222989 0.2417165 0.26476067 
4.3000002 23.933027 0.41177177 23.521255 0.98233157 0.24151902 0.26409963 
4.3099999 23.966129 0.41710281 23.549026 0.98243243 0.24132214 0.26344019 
4.3200002 23.999018 0.42232704 23.576691 0.98253244 0.24112588 0.26278242 
4.3299999 24.031693 0.42748547 23.604206 0.98263162 0.24093021 0.2621263 
4.3400002 24.064175 0.4325552 23.631618 0.98272997 0.24073516 0.26147181 
4.3499999 24.096443 0.43755341 23.65889 0.98282748 0.24054068 0.26081896 
4.3600001 24.128506 0.44246483 23.686041 0.98292422 0.2403468 0.26016772 
4.3699999 24.160355 0.44727325 23.713081 0.98302013 0.24015352 0.25951812 
4.3800001 24.191994 0.45201778 23.739975 0.98311526 0.23996082 0.25887012 
4.3899999 24.223429 0.45667934 23.76675 0.98320961 0.23976871 0.25822377 
4.4000001 24.254656 0.46125317 23.793404 0.98330319 0.23957717 0.25757903 
4.4099998 24.285681 0.46573257 23.819948 0.98339599 0.23938622 0.25693589 
4.4200001 24.316494 0.47015285 23.84634 0.98348802 0.23919584 0.25629437 
4.4299998 24.347086 0.47447491 23.872612 0.98357934 0.23900603 0.25565442 
4.4400001 24.377487 0.47871113 23.898777 0.98366988 0.2388168 0.25501609 
4.4499998 24.407665 0.48286915 23.924797 0.9837597 0.23862812 0.25437936 
4.46 24.437647 0.48695564 23.950691 0.98384875 0.23844002 0.25374421 
4.4699998 24.467411 0.49094391 23.976467 0.98393714 0.23825248 0.25311065 
4.48 24.496981 0.49487019 24.00211 0.98402476 0.23806548 0.25247869 
4.4899998 24.52634 0.49869728 24.027643 0.98411173 0.23787905 0.25184828 
4.5 24.555485 0.50244904 24.053036 0.98419797 0.23769318 0.25121945 
4.5100002 24.584408 0.5060997 24.078308 0.98428351 0.23750785 0.2505922 
4.52 24.61314 0.50969028 24.103451 0.98436832 0.23732308 0.2499665 
4.5300002 24.641663 0.51320267 24.12846 0.98445249 0.23713885 0.24934237 
4.54 24.669983 0.51662445 24.153358 0.98453599 0.23695517 0.2487198 
4.5500002 24.698097 0.51997948 24.178118 0.98461884 0.23677202 0.24809879 
4.5599999 24.726002 0.523242 24.202759 0.98470098 0.2365894 0.24747932 
4.5700002 24.753696 0.52643204 24.227264 0.98478252 0.23640732 0.2468614 
4.5799999 24.781151 0.52952957 24.251621 0.9848634 0.23622578 0.24624503 
4.5900002 24.808439 0.53254128 24.275898 0.98494357 0.23604478 0.24563019 
4.5999999 24.835518 0.5354948 24.300022 0.9850232 0.23586428 0.24501689 
4.6100001 24.862379 0.53835964 24.32402 0.98510212 0.23568432 0.24440512 
4.6199999 24.889051 0.54115009 24.3479 0.98518044 0.2355049 0.24379487 
4.6300001 24.915501 0.5438509 24.371651 0.98525816 0.23532598 0.24318616 
4.6399999 24.941725 0.54645443 24.395271 0.98533529 0.23514757 0.24257895 
4.6500001 24.967789 0.54901314 24.418776 0.98541176 0.23496969 0.24197328 
4.6599998 24.99361 0.55147839 24.442131 0.98548764 0.23479232 0.24136911 
4.6700001 25.019255 0.55387211 24.465382 0.98556298 0.23461546 0.24076645 
4.6799998 25.044655 0.55617332 24.488482 0.98563766 0.2344391 0.24016529 
4.6900001 25.069864 0.5583992 24.511465 0.98571175 0.23426326 0.23956564 
4.6999998 25.094908 0.56057167 24.534336 0.98578531 0.23408791 0.23896748 
4.71 25.119694 0.56263161 24.557062 0.98585832 0.23391306 0.23837081 
4.7199998 25.144314 0.56464386 24.57967 0.98593068 0.23373872 0.23777564 
4.73 25.168709 0.56657219 24.602137 0.9860025 0.23356487 0.23718195 
4.7399998 25.192886 0.56840897 24.624477 0.98607379 0.23339152 0.23658974 
4.75 25.216894 0.5701828 24.646711 0.98614454 0.23321865 0.23599902 
4.7600002 25.24066 0.57186413 24.668797 0.9862147 0.23304628 0.23540977 
4.77 25.264252 0.5734787 24.690773 0.98628438 0.23287439 0.23482199 
4.7800002 25.287626 0.5750103 24.712616 0.98635346 0.23270299 0.23423567 
4.79 25.310793 0.576478 24.734314 0.98642206 0.23253207 0.23365082 
4.8000002 25.333761 0.57786846 24.755894 0.98649007 0.23236163 0.23306744 
4.8099999 25.35652 0.57917023 24.777349 0.9865576 0.23219167 0.2324855 
4.8200002 25.379087 0.58041286 24.798676 0.9866246 0.23202218 0.23190503 
4.8299999 25.401461 0.58157635 24.819885 0.98669112 0.23185317 0.231326 
4.8400002 25.423613 0.58266544 24.840946 0.98675704 0.23168463 0.23074841 
4.8499999 25.445581 0.58368301 24.861898 0.98682255 0.23151655 0.23017226 
4.8600001 25.467329 0.58461094 24.882717 0.98688751 0.23134896 0.22959757 
4.8699999 25.488874 0.58547974 24.903395 0.98695201 0.23118182 0.22902429 
4.8800001 25.510269 0.58627987 24.923988 0.98701596 0.23101515 0.22845246 
4.8899999 25.531393 0.58699703 24.944397 0.9870795 0.23084894 0.22788206 
4.9000001 25.552362 0.58764744 24.964714 0.9871425 0.23068318 0.22731307 
4.9099998 25.573088 0.58820724 24.98488 0.98720503 0.23051788 0.2267455 
4.9200001 25.593649 0.58871651 25.004932 0.98726714 0.23035304 0.22617936 
4.9299998 25.614027 0.58915234 25.024876 0.98732871 0.23018865 0.22561462 
4.9400001 25.634176 0.58951092 25.044666 0.98738986 0.23002471 0.22505131 
4.9499998 25.654146 0.58980942 25.064337 0.98745054 0.22986121 0.22448939 
4.96 25.673901 0.59002209 25.083878 0.98751074 0.22969817 0.22392888 
4.9699998 25.693457 0.59016895 25.103287 0.98757052 0.22953558 0.22336976 
4.98 25.712847 0.59025574 25.122591 0.98762983 0.22937341 0.22281204 
4.9899998 25.732006 0.59027004 25.141735 0.98768872 0.2292117 0.22225572 
5 25.750956 0.59018612 25.16077 0.98774713 0.22905043 0.22170079 
5.0100002 25.769741 0.59006691 25.179674 0.98780513 0.22888958 0.22114724 
5.02 25.788311 0.5898571 25.198454 0.98786271 0.22872917 0.22059508 
5.0300002 25.806702 0.58958149 25.217121 0.98791981 0.22856921 0.22004429 
5.04 25.824873 0.58924389 25.23563 0.98797649 0.22840966 0.21949488 
5.0500002 25.842888 0.5888567 25.254032 0.98803276 0.22825055 0.21894683 
5.0599999 25.860666 0.58835983 25.272306 0.98808867 0.22809187 0.21840017 
5.0700002 25.878273 0.58782673 25.290447 0.9881441 0.2279336 0.21785486 
5.0799999 25.895679 0.58720875 25.308472 0.98819911 0.22777577 0.21731091 
5.0900002 25.912895 0.58654976 25.326345 0.98825371 0.22761835 0.21676832 
5.0999999 25.929914 0.58579922 25.344116 0.98830795 0.22746135 0.21622708 
5.1100001 25.94676 0.58500385 25.361755 0.98836178 0.22730479 0.2156872 
5.1199999 25.96336 0.58410645 25.379253 0.98841518 0.22714862 0.21514867 
5.1300001 25.97986 0.58320045 25.39666 0.98846817 0.22699288 0.21461149 
5.1399999 25.996078 0.58217907 25.413898 0.9885208 0.22683755 0.21407564 
5.1500001 26.012163 0.58112431 25.431038 0.98857307 0.22668262 0.21354114 
5.1599998 26.02803 0.5799942 25.448036 0.98862493 0.22652811 0.21300796 
5.1700001 26.04372 0.57879734 25.464924 0.98867637 0.226374 0.2124761 
5.1799998 26.059227 0.57754612 25.481682 0.98872751 0.22622029 0.21194559 
5.1900001 26.074511 0.57622719 25.498283 0.98877817 0.22606699 0.21141641 
5.1999998 26.089605 0.57482338 25.514782 0.98882854 0.22591409 0.21088853 
5.21 26.104544 0.57339478 25.531149 0.98887855 0.22576161 0.21036199 
5.2199998 26.119287 0.57187748 25.547409 0.98892814 0.22560951 0.20983675 
5.23 26.133837 0.57032585 25.563511 0.98897737 0.2254578 0.20931283 
5.2399998 26.148174 0.56869221 25.579483 0.98902625 0.2253065 0.20879021 
5.25 26.162359 0.56698895 25.595371 0.98907477 0.22515559 0.2082689 
5.2600002 26.176357 0.56525135 25.611107 0.98912293 0.22500506 0.20774889 
5.27 26.190147 0.56342411 25.626724 0.98917079 0.22485493 0.20723018 
5.2800002 26.203775 0.56156254 25.642212 0.98921824 0.22470519 0.20671277 
5.29 26.217186 0.55961704 25.65757 0.98926538 0.22455584 0.20619664 
5.3000002 26.230469 0.5576601 25.67281 0.98931211 0.22440687 0.2056818 
5.3099999 26.243498 0.55560493 25.687893 0.98935854 0.22425829 0.20516826 
5.3200002 26.256392 0.55350208 25.702888 0.98940468 0.22411008 0.20465599 
5.3299999 26.269087 0.55134106 25.717747 0.98945045 0.22396225 0.204145 
5.3400002 26.281641 0.54913235 25.73251 0.98949587 0.2238148 0.20363529 
5.3499999 26.293936 0.54684353 25.747093 0.98954093 0.22366774 0.20312685 
5.3600001 26.306078 0.54451561 25.761562 0.98958576 0.22352104 0.20261969 
5.3699999 26.318045 0.54213142 25.775913 0.98963016 0.22337472 0.20211378 
5.3800001 26.329842 0.53966999 25.790173 0.98967427 0.22322878 0.20160915 
5.3899999 26.341467 0.53720284 25.804264 0.98971808 0.2230832 0.20110576 
5.4000001 26.352882 0.53464603 25.818237 0.98976159 0.222938 0.20060365 
5.4099998 26.364111 0.53201962 25.832092 0.98980474 0.22279316 0.20010278 
5.4200001 26.375195 0.52936554 25.845829 0.9898476 0.22264868 0.19960316 
5.4299998 26.386086 0.52665424 25.859432 0.98989016 0.22250457 0.19910479 
5.4400001 26.396816 0.52390003 25.872917 0.98993242 0.22236083 0.19860765 
5.4499998 26.40733 0.52106667 25.886263 0.98997432 0.22221744 0.19811177 
5.46 26.417685 0.51820755 25.899477 0.99001592 0.22207442 0.19761713 
5.4699998 26.427858 0.51526737 25.91259 0.99005729 0.22193176 0.19712372 
5.48 26.437906 0.51231098 25.925594 0.9900983 0.22178945 0.19663154 
5.4899998 26.447685 0.50926876 25.938416 0.99013901 0.2216475 0.19614059 
5.5 26.457357 0.50620174 25.951157 0.99017948 0.2215059 0.19565086 
5.5100002 26.466846 0.50307369 25.963772 0.99021959 0.22136466 0.19516237 
5.52 26.476149 0.49989605 25.976254 0.99025947 0.22122377 0.19467509 
5.5300002 26.485285 0.4966774 25.988607 0.99029905 0.22108322 0.19418903 
5.54 26.494234 0.4934063 26.000828 0.99033833 0.22094303 0.19370417 
5.5500002 26.503002 0.49007511 26.012928 0.99037731 0.22080319 0.19322053 
5.5599999 26.511654 0.48671818 26.024937 0.99041605 0.22066368 0.1927381 
5.5700002 26.520098 0.48329639 26.0368 0.99045449 0.22052452 0.19225687 
5.5799999 26.528347 0.47983074 26.048515 0.99049264 0.2203857 0.19177684 
5.5900002 26.536467 0.47633171 26.060135 0.99053049 0.22024722 0.19129802 
5.5999999 26.544374 0.47276402 26.071609 0.9905681 0.22010911 0.1908204 
5.6100001 26.55216 0.46916389 26.082996 0.99060547 0.2199713 0.19034395 
5.6199999 26.559736 0.46551037 26.094227 0.99064255 0.21983385 0.1898687 
5.6300001 26.567158 0.46182346 26.105335 0.99067932 0.21969673 0.18939464 
5.6399999 26.574398 0.45808315 26.116314 0.99071586 0.21955994 0.18892176 
5.6500001 26.581507 0.45431042 26.127197 0.99075216 0.21942349 0.18845007 
5.6599998 26.588448 0.45049953 26.137947 0.99078816 0.21928737 0.18797955 
5.6700001 26.595188 0.44662857 26.14856 0.99082386 0.21915157 0.18751019 
5.6799998 26.601765 0.44270802 26.159058 0.99085939 0.21901612 0.18704203 
5.6900001 26.608192 0.43875408 26.169437 0.99089462 0.21888098 0.18657503 
5.6999998 26.614443 0.43476391 26.17968 0.9909296 0.21874617 0.18610919 
5.71 26.620544 0.43073654 26.189808 0.99096435 0.2186117 0.18564451 
5.7199998 26.626492 0.42667961 26.199812 0.9909988 0.21847753 0.18518099 
5.73 26.632242 0.42253399 26.209709 0.99103302 0.2183437 0.18471864 
5.7399998 26.637844 0.41838551 26.21946 0.99106705 0.21821019 0.18425745 
5.75 26.643305 0.41421032 26.229095 0.99110079 0.218077 0.18379739 
5.7600002 26.64859 0.4099865 26.238604 0.99113423 0.21794413 0.18333849 
5.77 26.653711 0.40571499 26.247997 0.99116749 0.21781157 0.18288073 
5.7800002 26.658667 0.40139484 26.257271 0.99120051 0.21767934 0.18242413 
5.79 26.663454 0.39704704 26.266407 0.99123329 0.21754742 0.18196864 
5.8000002 26.668121 0.39267826 26.275444 0.99126583 0.21741581 0.18151432 
5.8099999 26.672588 0.3882494 26.28434 0.99129814 0.21728452 0.18106112 
5.8200002 26.676895 0.38379574 26.293098 0.99133015 0.21715352 0.18060905 
5.8299999 26.681057 0.3793087 26.301748 0.99136198 0.21702285 0.18015811 
5.8400002 26.685074 0.3747673 26.310307 0.99139363 0.2168925 0.1797083 
5.8499999 26.688936 0.37022686 26.31871 0.99142498 0.21676244 0.1792596 
5.8600001 26.692606 0.36563015 26.326977 0.99145609 0.21663268 0.17881204 
5.8699999 26.696165 0.36101151 26.335154 0.99148703 0.21650325 0.17836559 
5.8800001 26.699535 0.35634804 26.343187 0.99151772 0.2163741 0.17792025 
5.8899999 26.70277 0.3516674 26.351103 0.99154818 0.21624526 0.17747602 
5.9000001 26.705811 0.34691429 26.358896 0.99157846 0.21611673 0.1770329 
5.9099998 26.70874 0.34215736 26.366583 0.99160844 0.2159885 0.17659089 
5.9200001 26.711525 0.33738041 26.374146 0.9916383 0.21586056 0.17614999 
5.9299998 26.71414 0.33257198 26.381569 0.99166787 0.21573293 0.17571019 
5.9400001 26.716599 0.32772255 26.388876 0.99169725 0.2156056 0.17527148 
5.9499998 26.71891 0.32283688 26.396072 0.9917264 0.21547855 0.17483386 
5.96 26.721045 0.31792068 26.403124 0.99175537 0.21535181 0.17439735 
5.9699998 26.723038 0.31298447 26.410053 0.9917841 0.21522535 0.17396192 
5.98 26.724907 0.30802536 26.416882 0.99181259 0.2150992 0.17352758 
5.9899998 26.726635 0.30303478 26.423599 0.9918409 0.21497333 0.17309433 
6 26.728186 0.29802036 26.430164 0.99186903 0.21484776 0.17266215 
6.0100002 26.729591 0.29297066 26.436621 0.99189693 0.21472247 0.17223106 
6.02 26.730864 0.28790665 26.442957 0.99192464 0.21459748 0.17180105 
6.0300002 26.731981 0.28281021 26.449171 0.99195212 0.21447277 0.1713721 
6.04 26.732952 0.27768612 26.455265 0.99197942 0.21434835 0.17094423 
6.0500002 26.733767 0.27254105 26.461226 0.99200648 0.2142242 0.17051741 
6.0599999 26.734455 0.26736164 26.467094 0.99203336 0.21410036 0.17009169 
6.0700002 26.734968 0.26215267 26.472816 0.99206007 0.21397679 0.16966701 
6.0799999 26.735344 0.25693035 26.478413 0.99208653 0.21385351 0.1692434 
6.0900002 26.73558 0.25167656 26.483904 0.99211287 0.2137305 0.16882083 
6.0999999 26.735697 0.24641609 26.489281 0.99213892 0.21360777 0.16839933 
6.1100001 26.735661 0.24114132 26.494518 0.99216485 0.21348532 0.16797888 
6.1199999 26.73547 0.23582649 26.499643 0.99219054 0.21336316 0.16755949 
6.1300001 26.73513 0.23049831 26.504631 0.99221611 0.21324126 0.16714112 
6.1399999 26.734659 0.22513771 26.509521 0.99224144 0.21311964 0.16672382 
6.1500001 26.734062 0.21978474 26.514278 0.99226654 0.2129983 0.16630755 
6.1599998 26.733297 0.21438694 26.518909 0.99229151 0.21287723 0.16589233 
6.1700001 26.73242 0.208992 26.523428 0.99231631 0.21275644 0.16547814 
6.1799998 26.731358 0.20353222 26.527824 0.99234086 0.21263592 0.16506499 
6.1900001 26.73019 0.19808578 26.532104 0.99236524 0.21251567 0.16465287 
6.1999998 26.728909 0.19264221 26.536266 0.9923895 0.21239568 0.16424178 
6.21 26.727451 0.18714428 26.540306 0.99241352 0.21227597 0.16383171 
6.2199998 26.725853 0.18164062 26.544212 0.99243736 0.21215652 0.16342266 
6.23 26.724142 0.17613792 26.548004 0.99246103 0.21203734 0.16301465 
6.2399998 26.722322 0.1706295 26.551693 0.99248451 0.21191843 0.16260764 
6.25 26.720299 0.16507721 26.555222 0.99250782 0.21179979 0.16220166 
6.2600002 26.718163 0.15950489 26.558659 0.99253094 0.21168141 0.16179669 
6.27 26.715895 0.15392303 26.561972 0.99255389 0.21156329 0.16139272 
6.2800002 26.713497 0.14834499 26.565151 0.99257672 0.21144542 0.16098978 
6.29 26.710989 0.14276505 26.568224 0.99259931 0.21132784 0.16058782 
6.3000002 26.708317 0.13714218 26.571175 0.99262172 0.21121049 0.16018689 
6.3099999 26.705524 0.1315279 26.573997 0.99264401 0.21109341 0.15978694 
6.3200002 26.702574 0.12587452 26.576698 0.99266613 0.2109766 0.15938801 
6.3299999 26.699535 0.12024212 26.579292 0.992688 0.21086003 0.15899006 
6.3400002 26.69635 0.11459064 26.58176 0.99270976 0.21074373 0.1585931 
6.3499999 26.693033 0.10892582 26.584106 0.99273133 0.21062768 0.15819713 
6.3600001 26.689583 0.10324669 26.586336 0.99275279 0.21051189 0.15780216 
6.3699999 26.685989 0.097566605 26.588423 0.99277401 0.21039635 0.15740818 
6.3800001 26.682261 0.091855049 26.590405 0.99279511 0.21028106 0.15701517 
6.3899999 26.678455 0.086164474 26.592291 0.99281603 0.21016602 0.15662315 
6.4000001 26.674454 0.080434799 26.594019 0.99283677 0.21005124 0.15623212 
6.4099998 26.670391 0.074742317 26.59565 0.9928574 0.20993669 0.15584205 
6.4200001 26.666183 0.069005013 26.597179 0.99287784 0.20982242 0.15545297 
6.4299998 26.661806 0.063285828 26.59852 0.99289811 0.20970838 0.15506485 
6.4400001 26.657339 0.057541847 26.599796 0.99291819 0.20959459 0.1546777 
6.4499998 26.652725 0.05178833 26.600937 0.99293816 0.20948105 0.15429151 
6.46 26.648008 0.046047211 26.601961 0.99295795 0.20936775 0.1539063 
6.4699998 26.643164 0.040309906 26.602854 0.99297756 0.2092547 0.15352204 
6.48 26.638193 0.034564018 26.60363 0.99299705 0.20914188 0.15313874 
6.4899998 26.633102 0.028786659 26.604317 0.99301636 0.20902932 0.15275641 
6.5 26.627876 0.023040771 26.604836 0.99303555 0.20891699 0.15237501 
6.5100002 26.622553 0.017281532 26.60527 0.99305457 0.20880492 0.15199459 
6.52 26.617088 0.011518478 26.60557 0.9930734 0.20869307 0.1516151 
6.5300002 26.611517 0.0057621002 26.605755 0.99309212 0.20858148 0.15123656 
6.54 26.605791 0 26.605791 0.99311072 0.20847011 0.15085898 
6.5500002 26.599993 -0.0057621002 26.605755 0.99312907 0.20835899 0.15048233 
6.5599999 26.594051 -0.011518478 26.60557 0.99314737 0.20824811 0.15010662 
6.5700002 26.58799 -0.017281532 26.60527 0.99316549 0.20813745 0.14973186 
6.5799999 26.581795 -0.023040771 26.604836 0.99318343 0.20802703 0.14935803 
6.5900002 26.575529 -0.028786659 26.604317 0.99320126 0.20791686 0.14898513 
6.5999999 26.569065 -0.034564018 26.60363 0.9932189 0.20780692 0.14861317 
6.6100001 26.562544 -0.040309906 26.602854 0.99323642 0.2076972 0.14824213 
6.6199999 26.555914 -0.046047211 26.601961 0.99325377 0.20758772 0.14787202 
6.6300001 26.549149 -0.05178833 26.600937 0.99327099 0.20747848 0.14750282 
6.6399999 26.542255 -0.057541847 26.599796 0.9932881 0.20736946 0.14713457 
6.6500001 26.535234 -0.063285828 26.59852 0.99330503 0.20726067 0.14676721 
6.6599998 26.528173 -0.069005013 26.597179 0.99332184 0.20715211 0.14640079 
6.6700001 26.520906 -0.074742317 26.59565 0.99333847 0.20704378 0.14603528 
6.6799998 26.513584 -0.080434799 26.594019 0.99335498 0.20693567 0.14567068 
6.6900001 26.506126 -0.086164474 26.592291 0.99337137 0.2068278 0.14530699 
6.6999998 26.49855 -0.091855049 26.590405 0.99338758 0.20672016 0.14494421 
6.71 26.490856 -0.097566605 26.588423 0.99340367 0.20661274 0.14458233 
6.7199998 26.483089 -0.10324669 26.586336 0.99341965 0.20650554 0.14422137 
6.73 26.475182 -0.10892582 26.584106 0.99343544 0.20639856 0.14386129 
6.7399998 26.467169 -0.11459064 26.58176 0.99345112 0.20629181 0.14350213 
6.75 26.459051 -0.12024212 26.579292 0.99346668 0.20618528 0.14314385 
6.7600002 26.450825 -0.12587452 26.576698 0.99348211 0.20607898 0.14278647 
6.77 26.442469 -0.1315279 26.573997 0.99349737 0.20597288 0.14242999 
6.7800002 26.434032 -0.13714218 26.571175 0.99351251 0.20586702 0.14207439 
6.79 26.425459 -0.14276505 26.568224 0.99352753 0.20576137 0.14171968 
6.8000002 26.416807 -0.14834499 26.565151 0.99354237 0.20565595 0.14136586 
6.8099999 26.408049 -0.15392303 26.561972 0.9935571 0.20555073 0.14101292 
6.8200002 26.399153 -0.15950489 26.558659 0.9935717 0.20544574 0.14066087 
6.8299999 26.390144 -0.16507721 26.555222 0.99358618 0.20534097 0.14030969 
6.8400002 26.381063 -0.1706295 26.551693 0.99360055 0.20523641 0.13995939 
6.8499999 26.371866 -0.17613792 26.548004 0.99361473 0.20513205 0.13960996 
6.8600001 26.362572 -0.18164062 26.544212 0.9936288 0.20502792 0.13926141 
6.8699999 26.353163 -0.18714428 26.540306 0.99364281 0.20492402 0.13891372 
6.8800001 26.343624 -0.19264221 26.536266 0.99365658 0.20482031 0.13856691 
6.8899999 26.334019 -0.19808578 26.532104 0.99367028 0.20471682 0.13822097 
6.9000001 26.324293 -0.20353222 26.527824 0.99368387 0.20461354 0.13787588 
6.9099998 26.314436 -0.208992 26.523428 0.99369729 0.20451047 0.13753165 
6.9200001 26.304523 -0.21438694 26.518909 0.99371064 0.2044076 0.1371883 
6.9299998 26.294493 -0.21978474 26.514278 0.99372381 0.20430495 0.1368458 
6.9400001 26.284384 -0.22513771 26.509521 0.99373686 0.2042025 0.13650414 
6.9499998 26.274134 -0.23049831 26.504631 0.9937498 0.20410028 0.13616334 
6.96 26.263817 -0.23582649 26.499643 0.99376261 0.20399825 0.1358234 
6.9699998 26.253378 -0.24114132 26.494518 0.99377531 0.20389643 0.13548431 
6.98 26.242865 -0.24641609 26.489281 0.99378788 0.20379482 0.13514605 
6.9899998 26.232227 -0.25167656 26.483904 0.99380034 0.2036934 0.13480864 
7 26.221483 -0.25693035 26.478413 0.99381268 0.20359221 0.13447209 
7.0100002 26.210663 -0.26215267 26.472816 0.9938249 0.20349121 0.13413636 
7.02 26.199732 -0.26736164 26.467094 0.99383694 0.20339042 0.13380148 
7.0300002 26.188684 -0.27254105 26.461226 0.99384892 0.20328982 0.13346744 
7.04 26.17758 -0.27768612 26.455265 0.99386078 0.20318943 0.13313422 
7.0500002 26.166361 -0.28281021 26.449171 0.99387252 0.20308924 0.13280185 
7.0599999 26.15505 -0.28790665 26.442957 0.99388409 0.20298925 0.13247029 
7.0700002 26.14365 -0.29297066 26.436621 0.99389559 0.20288947 0.13213956 
7.0799999 26.132145 -0.29802036 26.430164 0.99390697 0.20278987 0.13180968 
7.0900002 26.120565 -0.30303478 26.423599 0.99391824 0.20269048 0.1314806 
7.0999999 26.108856 -0.30802536 26.416882 0.99392933 0.2025913 0.13115235 
7.1100001 26.097069 -0.31298447 26.410053 0.99394035 0.2024923 0.13082492 
7.1199999 26.085203 -0.31792068 26.403124 0.99395126 0.2023935 0.1304983 
7.1300001 26.073236 -0.32283688 26.396072 0.99396205 0.2022949 0.13017251 
7.1399999 26.061153 -0.32772255 26.388876 0.99397272 0.20219651 0.12984753 
7.1500001 26.048996 -0.33257198 26.381569 0.99398327 0.2020983 0.12952335 
7.1599998 26.036764 -0.33738041 26.374146 0.9939937 0.20200028 0.1292 
7.1700001 26.024426 -0.34215736 26.366583 0.99400407 0.20190246 0.12887745 
7.1799998 26.011982 -0.34691429 26.358896 0.99401426 0.20180483 0.12855569 
7.1900001 25.999435 -0.3516674 26.351103 0.9940244 0.20170739 0.12823474 
7.1999998 25.986839 -0.35634804 26.343187 0.99403435 0.20161016 0.12791461 
7.21 25.974142 -0.36101151 26.335154 0.99404424 0.20151311 0.12759526 
7.2199998 25.961346 -0.36563015 26.326977 0.99405402 0.20141624 0.12727672 
7.23 25.948483 -0.37022686 26.31871 0.99406368 0.20131958 0.12695897 
7.2399998 25.935539 -0.3747673 26.310307 0.99407321 0.20122309 0.126642 
7.25 25.92244 -0.3793087 26.301748 0.99408263 0.2011268 0.12632585 
7.2600002 25.909304 -0.38379574 26.293098 0.99409199 0.2010307 0.12601046 
7.27 25.89609 -0.3882494 26.28434 0.99410117 0.2009348 0.12569587 
7.2800002 25.882765 -0.39267826 26.275444 0.99411029 0.20083906 0.12538207 
7.29 25.86936 -0.39704704 26.266407 0.99411929 0.20074353 0.12506905 
7.3000002 25.855877 -0.40139484 26.257271 0.99412817 0.20064817 0.12475681 
7.3099999 25.842281 -0.40571499 26.247997 0.99413699 0.200553 0.12444536 
7.3200002 25.828617 -0.4099865 26.238604 0.99414563 0.20045802 0.12413468 
7.3299999 25.814884 -0.41421032 26.229095 0.99415421 0.20036322 0.12382478 
7.3400002 25.801073 -0.41838551 26.21946 0.99416268 0.20026861 0.12351565 
7.3499999 25.787174 -0.42253399 26.209709 0.99417102 0.20017418 0.12320729 
7.3600001 25.773132 -0.42667961 26.199812 0.99417931 0.20007993 0.1228997 
7.3699999 25.759071 -0.43073654 26.189808 0.99418741 0.19998586 0.12259288 
7.3800001 25.744915 -0.43476391 26.17968 0.99419546 0.19989198 0.12228683 
7.3899999 25.730684 -0.43875408 26.169437 0.99420339 0.19979829 0.12198155 
7.4000001 25.716349 -0.44270802 26.159058 0.99421126 0.19970477 0.12167702 
7.4099998 25.701931 -0.44662857 26.14856 0.99421895 0.19961143 0.12137325 
7.4200001 25.687449 -0.45049953 26.137947 0.99422657 0.19951826 0.12107024 
7.4299998 25.672886 -0.45431042 26.127197 0.99423409 0.19942528 0.120768 
7.4400001 25.658232 -0.45808315 26.116314 0.99424154 0.19933248 0.1204665 
7.4499998 25.643511 -0.46182346 26.105335 0.99424887 0.19923985 0.12016576 
7.46 25.628716 -0.46551037 26.094227 0.99425608 0.1991474 0.11986577 
7.4699998 25.613832 -0.46916389 26.082996 0.99426317 0.19905512 0.11956653 
7.48 25.598846 -0.47276402 26.071609 0.99427021 0.19896303 0.11926804 
7.4899998 25.583803 -0.47633171 26.060135 0.99427706 0.19887111 0.11897028 
7.5 25.568686 -0.47983074 26.048515 0.99428391 0.19877936 0.11867328 
7.5100002 25.553505 -0.48329639 26.0368 0.99429059 0.19868779 0.11837701 
7.52 25.538218 -0.48671818 26.024937 0.99429721 0.1985964 0.1180815 
7.5300002 25.522852 -0.49007511 26.012928 0.9943037 0.19850518 0.11778671 
7.54 25.507421 -0.4934063 26.000828 0.99431014 0.19841413 0.11749266 
7.5500002 25.49193 -0.4966774 25.988607 0.99431646 0.19832325 0.11719935 
7.5599999 25.476357 -0.49989605 25.976254 0.99432266 0.19823256 0.11690677 
7.5700002 25.460699 -0.50307369 25.963772 0.99432874 0.19814202 0.11661492 
7.5799999 25.444954 -0.50620174 25.951157 0.99433476 0.19805166 0.11632379 
7.5900002 25.429148 -0.50926876 25.938416 0.99434066 0.19796148 0.1160334 
7.5999999 25.413284 -0.51231098 25.925594 0.9943465 0.19787146 0.11574373 
7.6100001 25.397324 -0.51526737 25.91259 0.99435222 0.19778161 0.11545479 
7.6199999 25.381269 -0.51820755 25.899477 0.99435782 0.19769193 0.11516656 
7.6300001 25.365196 -0.52106667 25.886263 0.99436337 0.19760242 0.11487906 
7.6399999 25.349016 -0.52390003 25.872917 0.99436879 0.19751307 0.11459227 
7.6500001 25.332777 -0.52665424 25.859432 0.99437416 0.19742391 0.1143062 
7.6599998 25.316463 -0.52936554 25.845829 0.9943794 0.19733489 0.11402085 
7.6700001 25.300072 -0.53201962 25.832092 0.99438453 0.19724604 0.1137362 
7.6799998 25.28359 -0.53464603 25.818237 0.99438953 0.19715738 0.11345227 
7.6900001 25.267061 -0.53720284 25.804264 0.99439454 0.19706887 0.11316905 
7.6999998 25.250502 -0.53966999 25.790173 0.99439937 0.19698052 0.11288653 
7.71 25.233782 -0.54213142 25.775913 0.99440414 0.19689235 0.11260472 
7.7199998 25.217047 -0.54451561 25.761562 0.99440879 0.19680433 0.11232362 
7.73 25.200249 -0.54684353 25.747093 0.99441338 0.19671649 0.11204322 
7.7399998 25.183376 -0.54913235 25.73251 0.99441785 0.19662879 0.11176351 
7.75 25.166405 -0.55134106 25.717747 0.99442226 0.19654128 0.11148451 
7.7600002 25.149387 -0.55350208 25.702888 0.99442655 0.19645391 0.1112062 
7.77 25.132288 -0.55560493 25.687893 0.99443078 0.19636671 0.11092859 
7.7800002 25.115149 -0.5576601 25.67281 0.99443489 0.19627967 0.11065167 
7.79 25.097952 -0.55961704 25.65757 0.99443889 0.1961928 0.11037544 
7.8000002 25.08065 -0.56156254 25.642212 0.99444282 0.19610609 0.11009991 
7.8099999 25.063299 -0.56342411 25.626724 0.99444664 0.19601953 0.10982506 
7.8200002 25.045855 -0.56525135 25.611107 0.99445039 0.19593315 0.10955089 
7.8299999 25.028381 -0.56698895 25.595371 0.99445403 0.1958469 0.10927742 
7.8400002 25.01079 -0.56869221 25.579483 0.9944576 0.19576083 0.10900462 
7.8499999 24.993185 -0.57032585 25.563511 0.99446106 0.19567491 0.10873251 
7.8600001 24.975533 -0.57187748 25.547409 0.99446446 0.19558915 0.10846108 
7.8699999 24.957754 -0.57339478 25.531149 0.99446774 0.19550355 0.10819032 
7.8800001 24.939959 -0.57482338 25.514782 0.99447095 0.1954181 0.10792024 
7.8899999 24.922056 -0.57622719 25.498283 0.99447405 0.19533283 0.10765084 
7.9000001 24.904135 -0.57754612 25.481682 0.99447709 0.19524769 0.10738211 
7.9099998 24.886126 -0.57879734 25.464924 0.99448001 0.19516271 0.10711405 
7.9200001 24.868042 -0.5799942 25.448036 0.99448287 0.1950779 0.10684666 
7.9299998 24.849915 -0.58112431 25.431038 0.99448562 0.19499323 0.10657994 
7.9400001 24.83172 -0.58217907 25.413898 0.9944883 0.19490872 0.10631388 
7.9499998 24.813459 -0.58320045 25.39666 0.99449086 0.19482437 0.10604849 
7.96 24.795147 -0.58410645 25.379253 0.99449337 0.19474016 0.10578376 
7.9699998 24.776752 -0.58500385 25.361755 0.99449575 0.19465612 0.10551969 
7.98 24.758316 -0.58579922 25.344116 0.99449807 0.19457223 0.10525628 
7.9899998 24.739796 -0.58654976 25.326345 0.99450028 0.19448848 0.10499353 
8 24.721262 -0.58720875 25.308472 0.99450243 0.1944049 0.10473143 
8.0100002 24.70262 -0.58782673 25.290447 0.99450445 0.19432145 0.10447 
8.0200005 24.683947 -0.58835983 25.272306 0.99450642 0.19423817 0.10420921 
8.0299997 24.665174 -0.5888567 25.254032 0.99450833 0.19415504 0.10394908 
8.04 24.646385 -0.58924389 25.23563 0.99451011 0.19407205 0.10368959 
8.0500002 24.627539 -0.58958149 25.217121 0.99451178 0.19398922 0.10343076 
8.0600004 24.608597 -0.5898571 25.198454 0.99451345 0.19390653 0.10317256 
8.0699997 24.589607 -0.59006691 25.179674 0.99451494 0.19382399 0.10291502 
8.0799999 24.570583 -0.59018612 25.16077 0.99451643 0.1937416 0.10265812 
8.0900002 24.551466 -0.59027004 25.141735 0.99451774 0.19365937 0.10240186 
8.1000004 24.532335 -0.59025574 25.122591 0.99451905 0.19357727 0.10214624 
8.1099997 24.513119 -0.59016895 25.103287 0.99452025 0.19349533 0.10189126 
8.1199999 24.493856 -0.59002209 25.083878 0.99452138 0.19341354 0.10163691 
8.1300001 24.474527 -0.58980942 25.064337 0.99452239 0.19333188 0.1013832 
8.1400003 24.455154 -0.58951092 25.044666 0.99452329 0.19325039 0.10113013 
8.1499996 24.435722 -0.58915234 25.024876 0.99452418 0.19316903 0.10087768 
8.1599998 24.416216 -0.58871651 25.004932 0.99452496 0.19308782 0.10062587 
8.1700001 24.396673 -0.58820724 24.98488 0.99452561 0.19300675 0.10037468 
8.1800003 24.377068 -0.58764744 24.964714 0.99452621 0.19292584 0.10012413 
8.1899996 24.357399 -0.58699703 24.944397 0.99452674 0.19284506 0.099874198 
8.1999998 24.337709 -0.58627987 24.923988 0.99452716 0.19276443 0.099624895 
8.21 24.317915 -0.58547974 24.903395 0.99452752 0.19268395 0.099376209 
8.2200003 24.298107 -0.58461094 24.882717 0.99452782 0.1926036 0.099128149 
8.2299995 24.278215 -0.58368301 24.861898 0.994528 0.1925234 0.098880708 
8.2399998 24.258282 -0.58266544 24.840946 0.99452811 0.19244336 0.098633878 
8.25 24.238308 -0.58157635 24.819885 0.99452811 0.19236344 0.098387673 
8.2600002 24.218262 -0.58041286 24.798676 0.99452806 0.19228368 0.09814208 
8.2700005 24.198179 -0.57917023 24.777349 0.99452794 0.19220404 0.097897097 
8.2799997 24.178024 -0.57786846 24.755894 0.9945277 0.19212455 0.097652733 
8.29 24.157837 -0.576478 24.734314 0.9945274 0.19204521 0.09740898 
8.3000002 24.137606 -0.5750103 24.712616 0.99452698 0.191966 0.09716583 
8.3100004 24.117294 -0.5734787 24.690773 0.99452651 0.19188693 0.096923292 
8.3199997 24.096931 -0.57186413 24.668797 0.99452597 0.19180802 0.096681356 
8.3299999 24.076529 -0.5701828 24.646711 0.99452537 0.19172922 0.096440025 
8.3400002 24.056068 -0.56840897 24.624477 0.99452466 0.19165058 0.096199296 
8.3500004 24.035564 -0.56657219 24.602137 0.99452382 0.19157207 0.095959172 
8.3599997 24.015026 -0.56464386 24.57967 0.99452299 0.1914937 0.095719643 
8.3699999 23.994431 -0.56263161 24.557062 0.99452204 0.19141547 0.095480718 
8.3800001 23.973764 -0.56057167 24.534336 0.99452096 0.19133738 0.095242389 
8.3900003 23.953066 -0.5583992 24.511465 0.99451983 0.19125943 0.095004648 
8.3999996 23.932308 -0.55617332 24.488482 0.99451864 0.1911816 0.094767511 
8.4099998 23.91151 -0.55387211 24.465382 0.99451739 0.19110392 0.094530955 
8.4200001 23.890654 -0.55147839 24.442131 0.99451602 0.19102637 0.094295003 
8.4300003 23.869762 -0.54901314 24.418776 0.99451458 0.19094898 0.094059631 
8.4399996 23.848816 -0.54645443 24.395271 0.99451309 0.1908717 0.093824849 
8.4499998 23.827799 -0.5438509 24.371651 0.99451149 0.19079457 0.093590654 
8.46 23.806751 -0.54115009 24.3479 0.99450982 0.19071756 0.093357049 
8.4700003 23.78566 -0.53835964 24.32402 0.99450803 0.1906407 0.093124017 
8.4799995 23.764528 -0.5354948 24.300022 0.99450624 0.19056396 0.092891574 
8.4899998 23.743357 -0.53254128 24.275898 0.99450433 0.19048737 0.092659712 
8.5 23.722092 -0.52952957 24.251621 0.99450231 0.19041091 0.092428431 
8.5100002 23.700832 -0.52643204 24.227264 0.99450022 0.19033457 0.092197724 
8.5200005 23.679518 -0.523242 24.202759 0.99449807 0.19025838 0.091967598 
8.5299997 23.658138 -0.51997948 24.178118 0.99449587 0.19018231 0.091738038 
8.54 23.636734 -0.51662445 24.153358 0.99449354 0.19010639 0.091509059 
8.5500002 23.615257 -0.51320267 24.12846 0.99449116 0.19003059 0.091280647 
8.5600004 23.59376 -0.50969028 24.103451 0.99448872 0.18995492 0.091052808 
8.5699997 23.572208 -0.5060997 24.078308 0.99448621 0.18987939 0.090825543 
8.5799999 23.550587 -0.50244904 24.053036 0.99448359 0.18980399 0.090598837 
8.5900002 23.528946 -0.49869728 24.027643 0.99448085 0.18972872 0.090372704 
8.6000004 23.50724 -0.49487019 24.00211 0.99447811 0.18965358 0.090147138 
8.6099997 23.485523 -0.49094391 23.976467 0.99447525 0.18957856 0.08992213 
8.6199999 23.463736 -0.48695564 23.950691 0.99447232 0.18950368 0.089697681 
8.6300001 23.441927 -0.48286915 23.924797 0.99446934 0.18942894 0.089473799 
8.6400003 23.420065 -0.47871113 23.898777 0.99446625 0.18935432 0.089250475 
8.6499996 23.398136 -0.47447491 23.872612 0.99446309 0.18927982 0.08902771 
8.6599998 23.376188 -0.47015285 23.84634 0.99445987 0.18920547 0.088805497 
8.6700001 23.354216 -0.46573257 23.819948 0.99445653 0.18913123 0.088583842 
8.6800003 23.33215 -0.46125317 23.793404 0.99445313 0.18905713 0.088362738 
8.6899996 23.31007 -0.45667934 23.76675 0.99444968 0.18898316 0.088142194 
8.6999998 23.287958 -0.45201778 23.739975 0.99444616 0.18890931 0.087922193 
8.71 23.265808 -0.44727325 23.713081 0.99444252 0.18883559 0.087702744 
8.7200003 23.243576 -0.44246483 23.686041 0.99443883 0.18876199 0.087483846 
8.7299995 23.221336 -0.43755341 23.65889 0.99443507 0.18868853 0.087265491 
8.7399998 23.199064 -0.4325552 23.631618 0.9944312 0.18861519 0.087047681 
8.75 23.176722 -0.42748547 23.604206 0.99442726 0.18854198 0.086830422 
8.7600002 23.154364 -0.42232704 23.576691 0.99442327 0.18846889 0.0866137 
8.7700005 23.131924 -0.41710281 23.549026 0.99441922 0.18839593 0.086397521 
8.7799997 23.109484 -0.41177177 23.521255 0.99441504 0.1883231 0.086181879 
8.79 23.087004 -0.40636444 23.493368 0.99441081 0.18825039 0.085966781 
8.8000002 23.064463 -0.40086937 23.465332 0.99440652 0.18817781 0.085752219 
8.8100004 23.041901 -0.39529705 23.437199 0.99440217 0.18810534 0.085538194 
8.8199997 23.01926 -0.38964844 23.408909 0.9943977 0.18803301 0.085324697 
8.8299999 22.996605 -0.38391972 23.380524 0.99439317 0.1879608 0.085111737 
8.8400002 22.973938 -0.37806988 23.352009 0.99438852 0.18788871 0.084899314 
8.8500004 22.951183 -0.37218285 23.323366 0.99438387 0.18781675 0.084687419 
8.8599997 22.928448 -0.3661747 23.294622 0.9943791 0.18774492 0.084476054 
8.8699999 22.905636 -0.36010551 23.265741 0.99437428 0.1876732 0.08426521 
8.8800001 22.882774 -0.35394859 23.236723 0.99436939 0.1876016 0.084054902 
8.8900003 22.859871 -0.34771156 23.207582 0.99436438 0.18753013 0.083845116 
8.8999996 22.836941 -0.34138107 23.178322 0.99435931 0.18745878 0.083635852 
8.9099998 22.813997 -0.33496475 23.148962 0.99435419 0.18738756 0.083427116 
8.9200001 22.790998 -0.32846451 23.119463 0.994349 0.18731645 0.083218895 
8.9300003 22.767941 -0.32190609 23.089848 0.9943437 0.18724547 0.083011195 
8.9399996 22.74489 -0.31523514 23.060125 0.99433833 0.1871746 0.082804017 
8.9499998 22.721779 -0.30848408 23.030262 0.99433291 0.18710387 0.08259736 
8.96 22.698612 -0.30166721 23.000278 0.99432743 0.18703325 0.08239121 
8.9700003 22.675436 -0.29474831 22.970184 0.99432182 0.18696275 0.082185581 
8.9799995 22.652203 -0.28776741 22.93997 0.99431622 0.18689238 0.081980467 
8.9899998 22.628967 -0.28067398 22.909641 0.99431044 0.18682212 0.081775866 
9 22.605656 -0.27351379 22.879169 0.99430466 0.18675198 0.081571773 
9.0100002 22.582327 -0.26626682 22.848595 0.99429876 0.18668196 0.081368186 
9.0200005 22.558958 -0.25893784 22.817896 0.99429286 0.18661205 0.081165113 
9.0299997 22.535543 -0.25153732 22.787081 0.99428684 0.18654229 0.080962546 
9.04 22.512121 -0.24402618 22.756147 0.9942807 0.18647262 0.080760486 
9.0500002 22.488611 -0.23646641 22.725079 0.99427456 0.18640308 0.080558933 
9.0600004 22.465136 -0.22879314 22.693928 0.9942683 0.18633366 0.080357879 
9.0699997 22.441561 -0.22105694 22.662617 0.99426198 0.18626435 0.080157332 
9.0799999 22.418007 -0.21322632 22.631233 0.99425554 0.18619516 0.079957284 
9.0900002 22.394411 -0.20530224 22.599712 0.99424911 0.1861261 0.079757735 
9.1000004 22.370729 -0.19732571 22.568054 0.99424255 0.18605715 0.079558685 
9.1099997 22.347063 -0.18924427 22.536308 0.99423593 0.18598831 0.079360135 
9.1199999 22.323324 -0.18109894 22.504423 0.99422926 0.1859196 0.079162076 
9.1300001 22.299568 -0.17287254 22.472441 0.99422246 0.18585099 0.078964517 
9.1400003 22.275799 -0.16453552 22.440334 0.99421561 0.18578251 0.078767449 
9.1499996 22.25197 -0.15615082 22.408121 0.99420869 0.18571414 0.078570873 
9.1599998 22.228128 -0.14766884 22.375797 0.99420172 0.18564589 0.078374788 
9.1700001 22.204218 -0.13910866 22.343327 0.99419469 0.18557775 0.078179196 
9.1800003 22.180315 -0.13046074 22.310776 0.99418753 0.18550974 0.077984087 
9.1899996 22.15638 -0.12172318 22.278103 0.99418032 0.18544184 0.077789471 
9.1999998 22.132381 -0.11292648 22.245308 0.99417305 0.18537404 0.077595338 
9.21 22.108362 -0.1040535 22.212416 0.99416566 0.18530637 0.07740169 
9.2200003 22.084303 -0.095086098 22.17939 0.99415827 0.18523881 0.077208526 
9.2299995 22.060226 -0.086033821 22.146259 0.99415076 0.18517137 0.077015847 
9.2399998 22.036102 -0.076916695 22.113018 0.99414319 0.18510404 0.076823652 
9.25 22.011942 -0.067715645 22.079659 0.9941355 0.18503682 0.076631933 
9.2600002 21.98777 -0.058431625 22.046202 0.99412781 0.18496972 0.076440692 
9.2700005 21.963562 -0.049060822 22.012623 0.99412 0.18490273 0.076249927 
9.2799997 21.939333 -0.039620399 21.978954 0.99411213 0.18483587 0.076059647 
9.29 21.915037 -0.030108452 21.945145 0.99410421 0.18476909 0.075869836 
9.3000002 21.890753 -0.020503044 21.911255 0.99409616 0.18470246 0.075680502 
9.3100004 21.866394 -0.010835648 21.87723 0.99408805 0.18463592 0.075491637 
9.3199997 21.842041 -0.0010795593 21.843121 0.99407989 0.18456949 0.075303249 
9.3299999 21.817636 0.0087509155 21.808886 0.99407166 0.18450318 0.075115331 
9.3400002 21.793201 0.018654823 21.774548 0.99406338 0.18443699 0.074927881 
9.3500004 21.768719 0.028634071 21.740086 0.99405497 0.18437091 0.074740894 
9.3599997 21.744234 0.038696289 21.705538 0.99404651 0.18430494 0.074554384 
9.3699999 21.719715 0.048826218 21.670889 0.99403799 0.18423907 0.074368335 
9.3800001 21.695143 0.059031487 21.636112 0.99402934 0.18417333 0.074182749 
9.3900003 21.670576 0.069321632 21.601254 0.9940207 0.18410769 0.073997632 
9.3999996 21.645966 0.079679489 21.566286 0.99401194 0.18404216 0.073812976 
9.4099998 21.621317 0.090120316 21.531197 0.99400312 0.18397675 0.073628783 
9.4200001 21.596642 0.10062313 21.496017 0.99399418 0.18391144 0.073445044 
9.4300003 21.571941 0.11121082 21.460732 0.99398524 0.18384625 0.073261768 
9.4399996 21.547203 0.12185574 21.425346 0.99397618 0.18378116 0.073078953 
9.4499998 21.522448 0.13259983 21.389847 0.99396706 0.18371619 0.072896592 
9.46 21.497654 0.14340687 21.354248 0.99395788 0.18365133 0.072714686 
9.4700003 21.472824 0.15426731 21.318558 0.99394858 0.18358658 0.072533235 
9.4799995 21.447987 0.16521549 21.282772 0.99393922 0.18352194 0.072352238 
9.4899998 21.423115 0.17624283 21.246872 0.9939298 0.1834574 0.072171688 
9.5 21.398182 0.18731785 21.210865 0.99392033 0.18339299 0.0719916 
9.5100002 21.373249 0.19847679 21.174772 0.99391079 0.18332867 0.071811952 
9.5200005 21.348278 0.20969963 21.138578 0.99390113 0.18326446 0.071632758 
9.5299997 21.323299 0.22100163 21.102299 0.99389142 0.18320036 0.071454011 
9.54 21.298288 0.23237896 21.06591 0.99388164 0.18313637 0.071275711 
9.5500002 21.273233 0.24380016 21.029434 0.99387175 0.18307249 0.071097858 
9.5600004 21.248163 0.2553196 20.992844 0.99386185 0.18300873 0.070920445 
9.5699997 21.223061 0.26688766 20.956173 0.99385184 0.18294507 0.070743479 
9.5799999 21.197895 0.27850628 20.919388 0.99384177 0.1828815 0.070566952 
9.5900002 21.172749 0.2902174 20.88253 0.99383157 0.18281807 0.070390873 
9.6000004 21.147562 0.30199432 20.845568 0.99382132 0.18275473 0.070215225 
9.6099997 21.122332 0.31382275 20.80851 0.99381107 0.1826915 0.070040025 
9.6199999 21.097084 0.32571983 20.771364 0.99380064 0.18262838 0.069865257 
9.6300001 21.071827 0.33768749 20.734138 0.99379021 0.18256536 0.069690928 
9.6400003 21.046532 0.34972 20.696812 0.99377966 0.18250245 0.069517031 
9.6499996 21.021215 0.36180878 20.659407 0.99376905 0.18243964 0.069343567 
9.6599998 20.995819 0.37394333 20.621876 0.99375838 0.18237695 0.069170542 
9.6700001 20.970476 0.38617706 20.584299 0.99374765 0.18231437 0.068997949 
9.6800003 20.945055 0.39844799 20.546608 0.9937368 0.18225187 0.068825789 
9.6899996 20.91964 0.41079617 20.508842 0.9937259 0.18218949 0.068654053 
9.6999998 20.894159 0.42317772 20.470982 0.99371493 0.18212724 0.068482749 
9.71 20.868687 0.43564034 20.433046 0.9937039 0.18206507 0.068311878 
9.7200003 20.843176 0.44816399 20.395012 0.99369276 0.18200301 0.068141431 
9.7299995 20.817612 0.46071911 20.356892 0.99368155 0.18194106 0.067971408 
9.7399998 20.792095 0.4733696 20.318726 0.99367028 0.18187921 0.067801811 
9.75 20.766483 0.48605347 20.28043 0.9936589 0.18181747 0.067632638 
9.7600002 20.740866 0.49879932 20.242065 0.99364746 0.18175584 0.06746389 
9.7700005 20.715214 0.51158714 20.203627 0.99363595 0.1816943 0.067295559 
9.7799997 20.689547 0.52444744 20.1651 0.99362439 0.18163288 0.067127652 
9.79 20.663853 0.53735542 20.126497 0.99361277 0.18157156 0.066960163 
9.8000002 20.638134 0.55032349 20.087811 0.99360102 0.18151034 0.066793092 
9.8100004 20.612381 0.5633297 20.049051 0.99358922 0.18144923 0.066626444 
9.8199997 20.586622 0.57640171 20.01022 0.9935773 0.18138823 0.066460207 
9.8299999 20.560799 0.58950233 19.971296 0.99356538 0.18132733 0.066294387 
9.8400002 20.534992 0.60267925 19.932312 0.99355334 0.18126653 0.066128984 
9.8500004 20.509167 0.61590672 19.893261 0.99354124 0.18120584 0.065963991 
9.8599997 20.483276 0.62916756 19.854109 0.99352902 0.18114524 0.065799408 
9.8699999 20.457382 0.64248276 19.814899 0.99351674 0.18108475 0.065635242 
9.8800001 20.431465 0.65584469 19.77562 0.99350441 0.18102437 0.065471485 
9.8900003 20.40551 0.6692524 19.736258 0.99349201 0.1809641 0.065308131 
9.8999996 20.379519 0.68269825 19.696819 0.99347949 0.18090393 0.065145195 
9.9099998 20.353542 0.69619942 19.657343 0.99346697 0.18084385 0.06498266 
9.9200001 20.327513 0.70974064 19.617771 0.99345428 0.18078388 0.064820535 
9.9300003 20.30147 0.72332382 19.578146 0.99344158 0.18072401 0.064658813 
9.9399996 20.275414 0.73695755 19.538456 0.99342877 0.18066426 0.064497493 
9.9499998 20.249321 0.75063133 19.49869 0.99341589 0.18060459 0.064336583 
9.96 20.223181 0.76432991 19.458851 0.99340296 0.18054503 0.064176068 
9.9700003 20.197041 0.77807713 19.418964 0.9933899 0.18048559 0.064015955 
9.9799995 20.170858 0.79185295 19.379005 0.99337679 0.18042624 0.063856244 
9.9899998 20.144676 0.80568027 19.338997 0.99336362 0.18036698 0.063696936 
10 20.118462 0.81954956 19.298912 0.99335033 0.18030784 0.063538022 
10.01 20.092215 0.83344269 19.258772 0.99333698 0.1802488 0.063379504 
10.02 20.065948 0.84737778 19.218571 0.99332356 0.18018985 0.063221388 
10.03 20.039677 0.86135292 19.178324 0.99331003 0.18013102 0.063063659 
10.04 20.013365 0.87534618 19.13802 0.9932965 0.18007228 0.062906332 
10.05 19.987017 0.88936901 19.097649 0.99328279 0.18001364 0.062749393 
10.06 19.960636 0.90342712 19.057209 0.99326909 0.17995511 0.062592849 
10.07 19.93429 0.91753769 19.016752 0.99325526 0.17989667 0.062436696 
10.08 19.907843 0.93163681 18.976206 0.99324137 0.17983834 0.062280934 
10.09 19.881424 0.94579124 18.935633 0.99322736 0.17978011 0.06212556 
10.1 19.854961 0.95996189 18.895 0.9932133 0.17972198 0.061970577 
10.11 19.828491 0.97416592 18.854324 0.99319917 0.17966396 0.061815977 
10.12 19.80201 0.98840523 18.813604 0.99318498 0.17960604 0.061661765 
10.13 19.775455 1.0026407 18.772816 0.99317068 0.17954822 0.06150794 
10.14 19.748915 1.0169106 18.732004 0.99315631 0.17949049 0.061354499 
10.15 19.722347 1.0312138 18.691133 0.99314183 0.17943287 0.061201442 
10.16 19.695747 1.0455275 18.650219 0.99312729 0.17937535 0.061048768 
10.17 19.669128 1.0598564 18.609272 0.99311268 0.17931792 0.060896475 
10.18 19.642508 1.074214 18.568295 0.99309796 0.17926061 0.060744561 
10.19 19.615841 1.0885849 18.527256 0.99308318 0.17920339 0.060593028 
10.2 19.589136 1.1029682 18.486168 0.99306834 0.17914627 0.060441874 
10.21 19.56242 1.1173582 18.445061 0.99305338 0.17908925 0.060291097 
10.22 19.535688 1.1317778 18.403912 0.99303836 0.17903234 0.060140699 
10.23 19.508926 1.1461973 18.362728 0.99302322 0.17897552 0.059990674 
10.24 19.482147 1.1606379 18.32151 0.99300802 0.17891879 0.059841026 
10.25 19.45536 1.1750946 18.280266 0.99299276 0.17886218 0.059691753 
10.26 19.428505 1.1895418 18.238964 0.99297738 0.17880566 0.059542853 
10.27 19.401655 1.2040024 18.197653 0.99296194 0.17874925 0.059394322 
10.28 19.374783 1.2184782 18.156303 0.99294645 0.17869294 0.059246168 
10.29 19.347906 1.2329578 18.114948 0.99293083 0.17863671 0.059098382 
10.3 19.320974 1.2474308 18.073544 0.99291515 0.17858061 0.058950964 
10.31 19.294035 1.2619104 18.032124 0.99289936 0.17852458 0.058803916 
10.32 19.267075 1.2764044 17.990669 0.9928835 0.17846867 0.058657233 
10.33 19.24008 1.2908802 17.9492 0.99286753 0.17841285 0.058510918 
10.34 19.213076 1.3053608 17.907715 0.9928515 0.17835714 0.058364969 
10.35 19.186043 1.3198481 17.866196 0.9928354 0.17830153 0.058219388 
10.36 19.158993 1.3343296 17.824663 0.99281919 0.17824601 0.058074169 
10.37 19.131895 1.3487892 17.783106 0.99280292 0.17819059 0.057929311 
10.38 19.104811 1.3632708 17.741539 0.99278653 0.17813528 0.057784818 
10.39 19.077671 1.3777151 17.699955 0.99277008 0.17808005 0.057640683 
10.4 19.050514 1.3921518 17.658363 0.99275351 0.17802493 0.057496909 
10.41 19.023378 1.4066095 17.616768 0.99273688 0.17796992 0.057353497 
10.42 18.996172 1.4210281 17.575144 0.99272013 0.17791499 0.057210442 
10.43 18.968937 1.4354267 17.53351 0.99270332 0.17786017 0.057067744 
10.44 18.941708 1.4498358 17.491871 0.99268645 0.17780545 0.056925405 
10.45 18.914459 1.4642162 17.450243 0.99266946 0.17775083 0.056783423 
10.46 18.887142 1.4785724 17.408569 0.99265236 0.1776963 0.056641795 
10.47 18.859871 1.4929323 17.36694 0.99263519 0.17764188 0.056500517 
10.48 18.832539 1.5072484 17.325291 0.99261796 0.17758755 0.056359597 
10.49 18.805189 1.5215516 17.283638 0.99260062 0.17753333 0.056219026 
10.5 18.777807 1.5358276 17.24198 0.99258322 0.17747919 0.05607881 
10.51 18.750433 1.5500941 17.200338 0.99256569 0.17742518 0.055938944 
10.52 18.722988 1.5643063 17.158682 0.99254805 0.17737125 0.055799425 
10.53 18.69556 1.5785184 17.117043 0.99253035 0.17731741 0.055660255 
10.54 18.668081 1.59268 17.075401 0.99251258 0.17726368 0.055521436 
10.55 18.640594 1.6068211 17.033773 0.99249464 0.17721005 0.055382963 
10.56 18.613098 1.620935 16.992163 0.9924767 0.17715652 0.055244837 
10.57 18.585558 1.635005 16.950554 0.99245864 0.17710309 0.055107053 
10.58 18.558022 1.6490569 16.908964 0.99244046 0.17704976 0.054969616 
10.59 18.530424 1.6630473 16.867376 0.99242222 0.17699651 0.054832526 
10.6 18.502827 1.677011 16.825815 0.99240386 0.17694339 0.054695774 
10.61 18.475208 1.6909299 16.784279 0.99238539 0.17689034 0.054559365 
10.62 18.447552 1.7048087 16.742743 0.99236685 0.17683741 0.054423299 
10.63 18.419886 1.7186503 16.701235 0.99234825 0.17678457 0.054287571 
10.64 18.392181 1.7324414 16.65974 0.99232948 0.17673182 0.054152183 
10.65 18.364464 1.7461786 16.618286 0.9923107 0.17667919 0.054017134 
10.66 18.336756 1.7598891 16.576866 0.99229175 0.17662665 0.053882424 
10.67 18.308989 1.7735372 16.535452 0.99227273 0.17657422 0.053748049 
10.68 18.281193 1.7871332 16.494061 0.9922536 0.17652187 0.053614009 
10.69 18.253391 1.8006754 16.452717 0.99223441 0.17646962 0.053480309 
10.7 18.225554 1.8141561 16.411398 0.9922151 0.17641747 0.053346939 
10.71 18.197695 1.8275824 16.370113 0.99219567 0.17636544 0.053213906 
10.72 18.169834 1.8409667 16.328867 0.99217618 0.17631349 0.053081203 
10.73 18.141914 1.8542743 16.28764 0.99215657 0.17626163 0.052948833 
10.74 18.113981 1.8675141 16.246468 0.9921369 0.1762099 0.052816793 
10.75 18.086037 1.8807001 16.205338 0.99211705 0.17615825 0.052685086 
10.76 18.05809 1.893837 16.164253 0.99209714 0.17610669 0.052553706 
10.77 18.030075 1.9068809 16.123194 0.99207717 0.17605524 0.052422654 
10.78 18.002064 1.9198771 16.082188 0.99205703 0.17600389 0.05229193 
10.79 17.974031 1.9327931 16.041239 0.99203682 0.17595264 0.052161537 
10.8 17.945961 1.9456291 16.000332 0.99201649 0.17590149 0.052031465 
10.81 17.917879 1.9584093 15.95947 0.99199605 0.17585044 0.05190172 
10.82 17.889765 1.9711032 15.918661 0.99197555 0.17579949 0.0517723 
10.83 17.861633 1.9837151 15.877918 0.99195492 0.17574863 0.051643204 
10.84 17.833467 1.9962559 15.837212 0.99193418 0.17569789 0.051514432 
10.85 17.805269 2.0087056 15.796564 0.99191332 0.17564723 0.05138598 
10.86 17.777065 2.0210848 15.75598 0.9918924 0.17559668 0.051257852 
10.87 17.748846 2.0333686 15.715477 0.99187136 0.17554623 0.051130041 
10.88 17.720579 2.045568 15.675011 0.9918502 0.17549588 0.051002555 
10.89 17.692301 2.0576854 15.634615 0.99182892 0.17544563 0.050875384 
10.9 17.66399 2.0697079 15.594282 0.99180752 0.17539547 0.050748531 
10.91 17.635677 2.0816412 15.554036 0.99178606 0.17534542 0.050621998 
10.92 17.607315 2.093473 15.513842 0.99176443 0.17529547 0.050495777 
10.93 17.578922 2.1052055 15.473717 0.99174273 0.17524561 0.050369877 
10.94 17.55055 2.1168623 15.433688 0.99172091 0.17519587 0.05024429 
10.95 17.522081 2.1283884 15.393693 0.99169898 0.17514622 0.050119016 
10.96 17.493641 2.1398349 15.353806 0.99167693 0.17509666 0.049994055 
10.97 17.46517 2.151176 15.313993 0.99165475 0.17504722 0.049869407 
10.98 17.436666 2.162406 15.274261 0.99163246 0.17499787 0.049745075 
10.99 17.408123 2.1735215 15.234602 0.99161011 0.17494863 0.049621049 
11 17.379589 2.1845493 15.19504 0.99158758 0.17489947 0.049497336 
11.01 17.351004 2.1954479 15.155556 0.99156493 0.17485043 0.049373932 
11.02 17.322412 2.2062483 15.116164 0.99154222 0.1748015 0.049250837 
11.03 17.293768 2.2169147 15.076853 0.99151933 0.17475265 0.049128048 
11.04 17.265116 2.2274723 15.037643 0.99149638 0.17470391 0.049005568 
11.05 17.236448 2.2379155 14.998533 0.99147326 0.17465527 0.048883397 
11.06 17.207743 2.2482333 14.959509 0.99145001 0.17460674 0.048761528 
11.07 17.178989 2.25842 14.920569 0.99142671 0.17455831 0.048639964 
11.08 17.150238 2.2684917 14.881746 0.99140322 0.17450997 0.048518706 
11.09 17.12146 2.2784414 14.843019 0.99137962 0.17446174 0.048397753 
11.1 17.092625 2.2882404 14.804384 0.9913559 0.17441362 0.048277102 
11.11 17.063784 2.2979226 14.765862 0.99133205 0.17436559 0.048156749 
11.12 17.034922 2.3074746 14.727448 0.99130809 0.17431767 0.048036702 
11.13 17.006014 2.3168817 14.689133 0.99128401 0.17426986 0.047916953 
11.14 16.977097 2.3261561 14.65094 0.99125981 0.17422214 0.047797505 
11.15 16.948166 2.3353024 14.612864 0.99123544 0.17417452 0.047678355 
11.16 16.919176 2.3442931 14.574883 0.99121094 0.17412701 0.047559503 
11.17 16.890182 2.353148 14.537035 0.99118632 0.17407961 0.04744095 
11.18 16.861139 2.3618498 14.49929 0.99116158 0.1740323 0.04732269 
11.19 16.832064 2.3704047 14.461658 0.99113673 0.17398511 0.047204729 
11.2 16.802986 2.3788195 14.424167 0.9911117 0.17393802 0.047087066 
11.21 16.77388 2.3870864 14.386793 0.99108654 0.17389102 0.046969693 
11.22 16.744719 2.3951845 14.349534 0.99106127 0.17384414 0.046852615 
11.23 16.715544 2.4031324 14.312411 0.99103588 0.17379735 0.046735831 
11.24 16.686331 2.4109173 14.275414 0.99101031 0.17375068 0.046619341 
11.25 16.657108 2.4185624 14.238546 0.99098462 0.17370412 0.046503138 
11.26 16.627834 2.4260216 14.201813 0.99095875 0.17365766 0.046387229 
11.27 16.598551 2.4333367 14.165215 0.99093276 0.1736113 0.046271611 
11.28 16.569227 2.4404759 14.128752 0.99090666 0.17356504 0.04615628 
11.29 16.539881 2.4474506 14.09243 0.99088037 0.1735189 0.046041239 
11.3 16.510487 2.454246 14.05624 0.99085397 0.17347285 0.045926489 
11.31 16.481077 2.4608793 14.020198 0.99082738 0.17342691 0.045812022 
11.32 16.451633 2.467339 13.984295 0.99080068 0.17338109 0.045697846 
11.33 16.422144 2.4736147 13.948529 0.9907738 0.17333537 0.045583952 
11.34 16.392658 2.4797249 13.912933 0.9907468 0.17328976 0.045470342 
11.35 16.363098 2.4856353 13.877462 0.99071962 0.17324425 0.045357019 
11.36 16.333515 2.491364 13.842152 0.99069232 0.17319885 0.045243982 
11.37 16.303926 2.4969335 13.806993 0.99066484 0.17315356 0.045131225 
11.38 16.274282 2.502295 13.771988 0.99063718 0.17310838 0.045018751 
11.39 16.244593 2.5074611 13.737131 0.99060941 0.17306331 0.04490656 
11.4 16.214922 2.512464 13.702457 0.99058145 0.17301835 0.044794649 
11.41 16.185169 2.5172482 13.667921 0.99055332 0.1729735 0.044683017 
11.42 16.155403 2.5218482 13.633554 0.99052507 0.17292875 0.044571668 
11.43 16.125587 2.5262499 13.599338 0.99049664 0.17288412 0.044460595 
11.44 16.095734 2.530447 13.565287 0.99046803 0.1728396 0.044349801 
11.45 16.065876 2.5344553 13.531421 0.99043924 0.17279518 0.044239286 
11.46 16.035957 2.5382462 13.497711 0.99041027 0.17275088 0.044129048 
11.47 16.006023 2.5418453 13.464178 0.99038112 0.17270669 0.044019084 
11.48 15.976037 2.5452256 13.430811 0.99035186 0.17266262 0.043909397 
11.49 15.946041 2.5484123 13.397629 0.99032241 0.17261864 0.043799981 
11.5 15.915963 2.5513644 13.364599 0.99029273 0.17257479 0.043690845 
11.51 15.885894 2.5541234 13.33177 0.99026293 0.17253105 0.043581981 
11.52 15.855764 2.5566611 13.299103 0.99023288 0.17248742 0.043473389 
11.53 15.82559 2.5589714 13.266619 0.99020272 0.17244391 0.043365069 
11.54 15.795371 2.5610566 13.234314 0.99017233 0.1724005 0.04325702 
11.55 15.765152 2.5629411 13.202211 0.99014175 0.17235723 0.04314924 
11.56 15.734872 2.5645957 13.170277 0.99011099 0.17231406 0.043041736 
11.57 15.704534 2.5660129 13.138521 0.99008006 0.172271 0.042934496 
11.58 15.674182 2.5672116 13.10697 0.99004894 0.17222807 0.042827528 
11.59 15.643773 2.5681725 13.075601 0.99001759 0.17218524 0.042720824 
11.6 15.613314 2.5688958 13.044418 0.98998606 0.17214254 0.042614393 
11.61 15.58284 2.5694036 13.013436 0.98995435 0.17209995 0.042508226 
11.62 15.552312 2.5696626 12.982649 0.9899224 0.17205748 0.042402323 
11.63 15.521762 2.5697017 12.952061 0.98989028 0.17201513 0.042296689 
11.64 15.491131 2.5694733 12.921658 0.98985791 0.1719729 0.042191319 
11.65 15.460459 2.5690098 12.891449 0.98982537 0.17193078 0.042086214 
11.66 15.42975 2.5682993 12.861451 0.98979259 0.17188878 0.041981373 
11.67 15.399019 2.5673604 12.831659 0.98975956 0.17184691 0.041876793 
11.68 15.368231 2.5661697 12.802061 0.98972636 0.17180516 0.041772477 
11.69 15.337383 2.5647125 12.772671 0.98969293 0.17176354 0.041668419 
11.7 15.306512 2.5630226 12.743489 0.98965931 0.17172202 0.041564625 
11.71 15.275552 2.5610552 12.714497 0.98962539 0.17168064 0.041461091 
11.72 15.244584 2.5588541 12.68573 0.9895913 0.17163938 0.041357819 
11.73 15.21357 2.5563884 12.657181 0.98955697 0.17159824 0.041254804 
11.74 15.182475 2.5536561 12.628819 0.9895224 0.17155723 0.041152045 
11.75 15.151359 2.5506759 12.600683 0.98948753 0.17151634 0.041049547 
11.76 15.120188 2.5474257 12.572762 0.98945248 0.17147559 0.040947307 
11.77 15.088959 2.5439138 12.545045 0.9894172 0.17143495 0.040845323 
11.78 15.057698 2.5401416 12.517557 0.98938161 0.17139444 0.040743593 
11.79 15.026341 2.5360785 12.490263 0.98934579 0.17135407 0.04064212 
11.8 14.994965 2.5317564 12.463208 0.98930973 0.17131382 0.0405409 
11.81 14.963541 2.5271664 12.436375 0.98927337 0.17127369 0.040439937 
11.82 14.932045 2.5222974 12.409748 0.98923677 0.17123371 0.040339224 
11.83 14.900504 2.5171595 12.383345 0.98919994 0.17119385 0.040238764 
11.84 14.868913 2.511745 12.357168 0.9891628 0.17115413 0.040138561 
11.85 14.837248 2.506042 12.331205 0.98912537 0.17111453 0.040038604 
11.86 14.805552 2.5000734 12.305478 0.98908764 0.17107508 0.039938901 
11.87 14.77377 2.4938078 12.279963 0.98904967 0.17103575 0.03983945 
11.88 14.741942 2.4872642 12.254679 0.98901141 0.17099656 0.039740246 
11.89 14.710054 2.4804354 12.229619 0.98897284 0.17095752 0.039641291 
11.9 14.678113 2.4733238 12.204789 0.98893392 0.1709186 0.039542586 
11.91 14.64611 2.4659162 12.180193 0.98889476 0.17087983 0.03944413 
11.92 14.614078 2.4582415 12.155836 0.9888553 0.1708412 0.03934592 
11.93 14.581936 2.4502473 12.131689 0.98881549 0.1708027 0.039247956 
11.94 14.549761 2.4419756 12.107785 0.98877537 0.17076436 0.039150242 
11.95 14.517515 2.4334145 12.084101 0.9887349 0.17072614 0.03905277 
11.96 14.485209 2.4245501 12.060659 0.98869413 0.17068808 0.038955543 
11.97 14.452845 2.4153976 12.037447 0.988653 0.17065015 0.038858563 
11.98 14.420417 2.405952 12.014465 0.98861152 0.17061238 0.038761824 
11.99 14.387926 2.3962049 11.991721 0.98856974 0.17057475 0.038665332 
12 14.355378 2.3861551 11.969223 0.9885276 0.17053728 0.038569078 
12.01 14.322784 2.3758268 11.946958 0.98848504 0.17049995 0.03847307 
12.02 14.290098 2.3651843 11.924913 0.98844212 0.17046277 0.038377304 
12.03 14.257356 2.354238 11.903118 0.98839885 0.17042574 0.038281776 
12.04 14.224557 2.3429904 11.881567 0.98835522 0.17038888 0.038186491 
12.05 14.191699 2.3314538 11.860245 0.98831117 0.17035216 0.038091443 
12.06 14.15876 2.3195987 11.839161 0.98826671 0.17031561 0.037996635 
12.07 14.1258 2.307466 11.818335 0.98822188 0.1702792 0.037902068 
12.08 14.092743 2.2950096 11.797733 0.98817658 0.17024297 0.037807737 
12.09 14.059649 2.2822676 11.777381 0.98813093 0.17020689 0.037713647 
12.1 14.026477 2.2692146 11.757262 0.98808479 0.17017098 0.037619792 
12.11 13.993263 2.2558589 11.737404 0.98803824 0.17013521 0.037526172 
12.12 13.96 2.2422094 11.717791 0.98799121 0.17009963 0.03743279 
12.13 13.926663 2.2282481 11.698416 0.98794377 0.17006423 0.037339643 
12.14 13.893275 2.2139912 11.679284 0.98789585 0.17002897 0.03724673 
12.15 13.859859 2.1994472 11.660412 0.98784739 0.16999391 0.037154052 
12.16 13.826344 2.184576 11.641768 0.98779851 0.16995901 0.037061609 
12.17 13.792829 2.1694345 11.623394 0.9877491 0.16992427 0.036969397 
12.18 13.759243 2.1539907 11.605252 0.98769921 0.16988973 0.03687742 
12.19 13.725616 2.1382432 11.587372 0.98764873 0.16985537 0.036785673 
12.2 13.691942 2.1221972 11.569745 0.98759776 0.16982119 0.036694158 
12.21 13.658242 2.1058702 11.552372 0.98754621 0.16978718 0.036602877 
12.22 13.624514 2.0892563 11.535257 0.98749411 0.16975337 0.036511824 
12.23 13.590763 2.0723543 11.518409 0.98744148 0.16971976 0.036421001 
12.24 13.556963 2.0551691 11.501794 0.98738819 0.16968632 0.036330409 
12.25 13.523139 2.0376835 11.485456 0.98733431 0.16965309 0.036240045 
12.26 13.489304 2.0199332 11.46937 0.98727983 0.16962005 0.036149912 
12.27 13.455451 2.0019021 11.453548 0.9872247 0.16958721 0.036060005 
12.28 13.421595 1.9835916 11.438004 0.98716897 0.16955458 0.035970327 
12.29 13.387723 1.9650126 11.42271 0.98711246 0.16952214 0.035880875 
12.3 13.353867 1.9461732 11.407694 0.98705536 0.16948992 0.03579165 
12.31 13.320013 1.9270625 11.39295 0.98699749 0.16945791 0.03570265 
12.32 13.286168 1.9077024 11.378466 0.98693889 0.16942611 0.035613876 
12.33 13.252338 1.8880739 11.364264 0.98687959 0.16939454 0.035525329 
12.34 13.218534 1.8681965 11.350337 0.98681945 0.16936319 0.035437007 
12.35 13.184738 1.8480639 11.336674 0.98675853 0.16933206 0.035348907 
12.36 13.15101 1.8277078 11.323301 0.98669684 0.16930117 0.035261031 
12.37 13.117311 1.8071008 11.310211 0.98663425 0.1692705 0.035173383 
12.38 13.083656 1.7862663 11.29739 0.98657084 0.16924007 0.035085954 
12.39 13.050067 1.765192 11.284875 0.98650646 0.1692099 0.034998745 
12.4 13.016535 1.7439089 11.272626 0.9864412 0.16917996 0.034911763 
12.41 12.983065 1.7223945 11.26067 0.98637497 0.16915026 0.034825001 
12.42 12.949642 1.7006569 11.248985 0.98630774 0.16912085 0.034738459 
12.43 12.916341 1.6787286 11.237612 0.98623949 0.16909167 0.03465214 
12.44 12.883106 1.6565876 11.226519 0.98617017 0.16906278 0.034566041 
12.45 12.849966 1.634253 11.215714 0.98609978 0.16903415 0.034480162 
12.46 12.816911 1.6117134 11.205197 0.98602819 0.1690058 0.034394503 
12.47 12.783951 1.5889874 11.194963 0.98595548 0.16897774 0.034309063 
12.48 12.751122 1.566092 11.18503 0.98588151 0.16894996 0.03422384 
12.49 12.718364 1.5429835 11.175381 0.98580629 0.1689225 0.03413884 
12.5 12.685732 1.5197148 11.166018 0.98572975 0.16889532 0.034054056 
12.51 12.653198 1.4962683 11.15693 0.98565179 0.16886847 0.033969488 
12.52 12.620795 1.4726548 11.14814 0.9855724 0.16884193 0.03388514 
12.53 12.588501 1.4488773 11.139624 0.98549157 0.16881572 0.033801012 
12.54 12.55631 1.424933 11.131376 0.98540914 0.16878983 0.033717096 
12.55 12.524243 1.4008331 11.12341 0.98532504 0.16876431 0.0336334 
12.56 12.492291 1.3765764 11.115715 0.98523927 0.16873914 0.03354992 
12.57 12.460442 1.3521614 11.10828 0.98515177 0.16871433 0.033466659 
12.58 12.428708 1.3275952 11.101112 0.9850623 0.16868989 0.033383612 
12.59 12.39708 1.302886 11.094194 0.98497093 0.16866586 0.033300783 
12.6 12.36556 1.2780252 11.087534 0.98487753 0.16864221 0.033218168 
12.61 12.334154 1.2530341 11.08112 0.98478192 0.16861898 0.033135772 
12.62 12.302861 1.2279048 11.074957 0.98468405 0.16859616 0.033053588 
12.63 12.271682 1.2026505 11.069031 0.98458374 0.1685738 0.032971624 
12.64 12.2406 1.1772556 11.063344 0.98448092 0.16855189 0.032889873 
12.65 12.209638 1.1517477 11.05789 0.98437542 0.16853045 0.032808341 
12.66 12.178764 1.126102 11.052662 0.98426712 0.1685095 0.032727025 
12.67 12.148025 1.1003742 11.04765 0.98415571 0.16848905 0.032645926 
12.68 12.117381 1.0745196 11.042862 0.98404115 0.16846915 0.032565042 
12.69 12.086835 1.0485597 11.038275 0.9839232 0.16844977 0.032484379 
12.7 12.056405 1.0224991 11.033906 0.98380154 0.16843098 0.032403931 
12.71 12.026062 0.99632597 11.029736 0.98367602 0.1684128 0.032323703 
12.72 11.995825 0.97007751 11.025747 0.98354626 0.16839524 0.032243691 
12.73 11.965679 0.94372606 11.021954 0.98341203 0.16837834 0.032163903 
12.74 11.935637 0.91729212 11.018345 0.98327297 0.16836213 0.032084335 
12.75 11.905693 0.89078331 11.01491 0.98312861 0.16834663 0.03200499 
12.76 11.875824 0.86418009 11.011644 0.98297858 0.16833191 0.031925865 
12.77 11.846066 0.83752155 11.008545 0.98282236 0.16831799 0.03184697 
12.78 11.816391 0.81078911 11.005602 0.9826594 0.16830492 0.0317683 
12.79 11.786779 0.78398371 11.002796 0.98248899 0.16829276 0.03168986 
12.8 11.757274 0.75712776 11.000146 0.98231047 0.16828157 0.031611651 
12.81 11.727849 0.73021698 10.997632 0.9821229 0.16827139 0.031533681 
12.82 11.69852 0.70326471 10.995255 0.98192531 0.16826233 0.031455949 
12.83 11.669262 0.67626476 10.992997 0.98171651 0.16825446 0.031378463 
12.84 11.640092 0.64922714 10.990865 0.98149514 0.16824786 0.031301226 
12.85 11.611014 0.6221652 10.98885 0.98125952 0.16824265 0.031224247 
12.86 11.582024 0.59506941 10.986954 0.9810077 0.16823894 0.031147532 
12.87 11.553115 0.56796789 10.985147 0.98073727 0.16823688 0.031071095 
12.88 11.524307 0.540833 10.983475 0.98044527 0.16823663 0.030994944 
12.89 11.495579 0.51370049 10.981878 0.98012805 0.16823837 0.030919097 
12.9 11.466938 0.48654175 10.980396 0.97978097 0.16824237 0.030843576 
12.91 11.438417 0.45940447 10.979013 0.97939807 0.16824886 0.030768408 
12.92 11.409974 0.43224955 10.977724 0.97897178 0.16825821 0.030693624 
12.93 11.381651 0.40511656 10.976534 0.97849184 0.16827081 0.030619271 
12.94 11.353413 0.37798119 10.975431 0.97794431 0.1682872 0.030545417 
12.95 11.325288 0.35086489 10.974422 0.97730988 0.16830802 0.030472148 
12.96 11.297278 0.32376146 10.973516 0.97656077 0.16833414 0.030399594 
12.97 11.269359 0.29667187 10.972687 0.97565562 0.1683667 0.030327955 
12.98 11.241558 0.26960945 10.971949 0.97453052 0.16840726 0.03025754 
12.99 11.213849 0.2425518 10.971297 0.97308218 0.16845806 0.03018886 
13 11.186265 0.21553135 10.970734 0.97113425 0.16852228 0.030122826 
13.01 11.158792 0.18853521 10.970257 0.96836859 0.16860481 0.030061174 
13.02 11.131411 0.16155481 10.969856 0.96417838 0.16871332 0.03000756 
13.03 11.104139 0.13459873 10.969541 0.95736897 0.16886036 0.029970674 
13.04 11.076939 0.10765171 10.969287 0.94571626 0.16906708 0.02997449 
13.05 11.049824 0.080718994 10.969105 0.92622906 0.16936982 0.030098317 
13.06 11.022772 0.053801537 10.96897 0.89816856 0.16983092 0.030663047 
13.07 10.995794 0.026900291 10.968894 0.86537641 0.17055805 0.033191275 
13.08 10.968868 0 10.968868 0.83192337 0.17174006 0.043846149 
