0 11.849042 0 11.849042 0.83110917 0.17643678 0.048370548 
0.0099999998 11.819892 -0.029185295 11.849077 0.79859501 0.17842406 0.075063609 
0.02 11.790788 -0.058372498 11.84916 0.76729745 0.18171066 0.10912744 
0.029999999 11.761745 -0.087567806 11.849314 0.73721761 0.18691027 0.14343965 
0.039999999 11.732747 -0.11677599 11.849524 0.70831478 0.19449112 0.17657205 
0.050000001 11.703819 -0.14599276 11.849812 0.68054438 0.20449142 0.20836917 
0.059999999 11.674956 -0.17521906 11.850176 0.65386248 0.21647261 0.23885334 
0.07 11.646153 -0.20446634 11.85062 0.62822664 0.22974209 0.26807219 
0.079999998 11.617422 -0.23372746 11.85115 0.60359597 0.24361691 0.29607639 
0.090000004 11.588748 -0.26302195 11.85177 0.57993114 0.25756207 0.32291576 
0.1 11.560164 -0.29231167 11.852476 0.55719441 0.27120885 0.34863845 
0.11 11.531657 -0.32162333 11.853281 0.53534937 0.28432015 0.37329069 
0.12 11.503215 -0.35096169 11.854177 0.5143612 0.29674914 0.39691684 
0.13 11.474861 -0.38030577 11.855167 0.49419627 0.30840823 0.41955936 
0.14 11.446591 -0.40966225 11.856254 0.4748224 0.31924888 0.44125894 
0.15000001 11.418427 -0.43901443 11.857441 0.45620865 0.32924983 0.46205446 
0.16 11.390348 -0.46838284 11.858731 0.43832526 0.33840987 0.48198298 
0.17 11.362374 -0.49774742 11.860122 0.42114371 0.34674355 0.50107974 
0.18000001 11.334503 -0.52711582 11.861619 0.40463662 0.35427785 0.51937819 
0.19 11.306749 -0.55646038 11.86321 0.38877767 0.36104968 0.53690952 
0.2 11.279145 -0.58578587 11.864931 0.37354165 0.36710334 0.55370265 
0.20999999 11.251637 -0.61511898 11.866756 0.35890433 0.37248853 0.56978339 
0.22 11.224277 -0.64441776 11.868695 0.34484249 0.37725806 0.58517355 
0.23 11.197061 -0.67368841 11.870749 0.33133394 0.38146609 0.5998891 
0.23999999 11.17 -0.70293283 11.872932 0.31835735 0.38516659 0.61393756 
0.25 11.143105 -0.73213768 11.875242 0.30589244 0.38841182 0.62731338 
0.25999999 11.116385 -0.76130533 11.877689 0.29391974 0.39125156 0.63999116 
0.27000001 11.089842 -0.79042053 11.880262 0.28242087 0.39373222 0.65191638 
0.28 11.063503 -0.81947994 11.882983 0.2713784 0.39589649 0.66299355 
0.28999999 11.037375 -0.84848356 11.885859 0.26077607 0.39778304 0.67307651 
0.30000001 11.01146 -0.87741947 11.88888 0.25059882 0.39942649 0.6819694 
0.31 10.985778 -0.90628815 11.892066 0.24083325 0.40085763 0.68945402 
0.31999999 10.960342 -0.93507528 11.895418 0.23146784 0.40210342 0.69535208 
0.33000001 10.935153 -0.96379519 11.898949 0.22249371 0.40318751 0.69960374 
0.34 10.910241 -0.99241495 11.902657 0.21390548 0.40413028 0.70231259 
0.34999999 10.885587 -1.0209556 11.906542 0.20570254 0.4049494 0.70371854 
0.36000001 10.861234 -1.049396 11.910629 0.19789074 0.40566003 0.7041204 
0.37 10.83716 -1.0777326 11.914892 0.19048451 0.40627521 0.70380127 
0.38 10.813403 -1.1059647 11.919368 0.1835092 0.40680608 0.70298958 
0.38999999 10.789974 -1.1340952 11.924069 0.177003 0.40726221 0.70185173 
0.40000001 10.766856 -1.1620984 11.928955 0.1710175 0.40765187 0.70050216 
0.41 10.744081 -1.18999 11.934071 0.16561471 0.40798232 0.69901663 
0.41999999 10.721659 -1.2177501 11.939409 0.16085908 0.40825984 0.69744456 
0.43000001 10.699586 -1.2453833 11.944969 0.15680392 0.40849009 0.69581777 
0.44 10.677869 -1.2728934 11.950762 0.1534757 0.40867811 0.69415671 
0.44999999 10.65653 -1.3002629 11.956793 0.15086317 0.40882847 0.69247472 
0.46000001 10.635574 -1.3274798 11.963055 0.14891712 0.40894508 0.69078022 
0.47 10.615024 -1.3545337 11.969557 0.14756085 0.40903154 0.68907875 
0.47999999 10.59486 -1.3814454 11.976305 0.14670561 0.40909085 0.687374 
0.49000001 10.575104 -1.4081974 11.983301 0.14626437 0.40912557 0.68566835 
0.5 10.555772 -1.4347701 11.990541 0.14616075 0.40913787 0.68396342 
0.50999999 10.536856 -1.461184 11.998039 0.14633334 0.40912959 0.68226033 
0.51999998 10.518378 -1.4874153 12.005794 0.14673704 0.40910223 0.68055981 
0.52999997 10.500343 -1.5134716 12.013815 0.14734298 0.4090569 0.67886239 
0.54000002 10.482733 -1.5393291 12.022062 0.14813808 0.40899441 0.67716849 
0.55000001 10.465604 -1.565011 12.030615 0.14912431 0.40891495 0.67547834 
0.56 10.448912 -1.5904918 12.039404 0.15031835 0.40881816 0.67379218 
0.56999999 10.432701 -1.6157646 12.048466 0.15175073 0.40870288 0.67211002 
0.57999998 10.416962 -1.640831 12.057793 0.15346469 0.40856701 0.67043191 
0.58999997 10.401687 -1.6656971 12.067384 0.15551409 0.40840778 0.66875803 
0.60000002 10.386891 -1.6903448 12.077236 0.15796007 0.40822178 0.66708821 
0.61000001 10.372595 -1.7147741 12.087369 0.16086639 0.40800527 0.66542262 
0.62 10.3588 -1.7389646 12.097765 0.16429378 0.40775472 0.66376114 
0.63 10.345501 -1.7629228 12.108423 0.16829412 0.40746698 0.66210383 
0.63999999 10.332689 -1.7866621 12.119351 0.1729054 0.40713972 0.66045064 
0.64999998 10.320396 -1.8101478 12.130545 0.17814836 0.4067716 0.65880156 
0.66000003 10.308601 -1.8333797 12.141981 0.18402527 0.40636227 0.65715665 
0.67000002 10.297353 -1.8563485 12.153702 0.19052078 0.40591234 0.65551579 
0.68000001 10.286602 -1.8790526 12.165655 0.1976044 0.40542331 0.65387905 
0.69 10.276364 -1.901505 12.17787 0.20523395 0.40489718 0.65224642 
0.69999999 10.266668 -1.9236722 12.19034 0.2133593 0.40433648 0.65061778 
0.70999998 10.257503 -1.94557 12.203073 0.22192582 0.40374389 0.64899331 
0.72000003 10.248869 -1.967175 12.216043 0.23087732 0.40312231 0.64737284 
0.73000002 10.240763 -1.9885082 12.229271 0.24015829 0.40247446 0.64575642 
0.74000001 10.233212 -2.0095119 12.242723 0.24971555 0.40180308 0.64414406 
0.75 10.226183 -2.0302534 12.256436 0.25949928 0.40111071 0.64253569 
0.75999999 10.219707 -2.0506706 12.270378 0.26946357 0.40039971 0.64093137 
0.76999998 10.213771 -2.0707874 12.284558 0.27956674 0.39967224 0.63933104 
0.77999997 10.208392 -2.0905991 12.298991 0.28977129 0.39893028 0.63773471 
0.79000002 10.203559 -2.110095 12.313654 0.30004373 0.39817563 0.63614237 
0.80000001 10.199256 -2.1292863 12.328543 0.31035447 0.39740986 0.63455397 
0.81 10.195534 -2.1481433 12.343678 0.32067737 0.39663446 0.63296962 
0.81999999 10.192344 -2.1666856 12.35903 0.33098954 0.39585072 0.63138914 
0.82999998 10.189705 -2.1849093 12.374615 0.34127095 0.39505979 0.62981266 
0.83999997 10.187652 -2.2028031 12.390455 0.35150421 0.39426273 0.62824011 
0.85000002 10.186149 -2.2203612 12.406509 0.36167419 0.39346048 0.62667143 
0.86000001 10.18519 -2.2375879 12.422778 0.37176785 0.39265385 0.62510669 
0.87 10.184798 -2.2545004 12.439299 0.38177398 0.39184362 0.62354589 
0.88 10.184948 -2.2710781 12.456026 0.39168298 0.39103046 0.62198901 
0.88999999 10.185668 -2.2873201 12.472988 0.40148661 0.39021495 0.62043595 
0.89999998 10.18694 -2.3032303 12.49017 0.41117796 0.38939771 0.61888683 
0.91000003 10.188781 -2.318809 12.507589 0.42075121 0.38857916 0.61734152 
0.92000002 10.191176 -2.3340559 12.525232 0.43020147 0.3877598 0.61580008 
0.93000001 10.194132 -2.3489618 12.543094 0.43952474 0.38694 0.61426252 
0.94 10.197633 -2.3635383 12.561171 0.44871774 0.38612017 0.61272877 
0.94999999 10.201712 -2.3777747 12.579487 0.45777795 0.38530058 0.61119884 
0.95999998 10.206336 -2.3916907 12.598026 0.4667033 0.38448161 0.60967278 
0.97000003 10.211522 -2.4052649 12.616787 0.47549233 0.38366348 0.60815048 
0.98000002 10.21726 -2.4185123 12.635773 0.48414403 0.38284647 0.60663205 
0.99000001 10.223562 -2.431426 12.654988 0.49265775 0.38203079 0.60511732 
1 10.23039 -2.4440184 12.674408 0.50103319 0.38121668 0.60360646 
1.01 10.237799 -2.4562626 12.694061 0.50927037 0.38040429 0.6020993 
1.02 10.245754 -2.468194 12.713948 0.51736963 0.37959382 0.60059595 
1.03 10.254258 -2.4797969 12.734055 0.5253315 0.37878546 0.5990963 
1.04 10.263319 -2.4910641 12.754383 0.53315663 0.37797928 0.59760046 
1.05 10.272902 -2.5020275 12.774929 0.54084611 0.37717551 0.59610832 
1.0599999 10.283064 -2.5126548 12.795719 0.54840088 0.37637419 0.59461993 
1.0700001 10.293742 -2.5229692 12.816711 0.55582225 0.37557548 0.59313524 
1.08 10.304992 -2.5329537 12.837946 0.56311154 0.37477949 0.59165424 
1.09 10.316763 -2.5426283 12.859391 0.57027018 0.37398627 0.59017694 
1.1 10.329088 -2.5519743 12.881063 0.57729971 0.37319598 0.58870333 
1.11 10.341921 -2.5610247 12.902946 0.58420175 0.37240863 0.58723342 
1.12 10.355309 -2.5697589 12.925068 0.59097797 0.37162432 0.58576715 
1.13 10.369216 -2.5781813 12.947397 0.59763014 0.37084314 0.58430457 
1.14 10.383678 -2.5862823 12.969961 0.60416001 0.37006512 0.58284563 
1.15 10.39866 -2.5940919 12.992752 0.61056936 0.36929032 0.58139032 
1.16 10.414149 -2.6015968 13.015746 0.61686009 0.36851883 0.57993871 
1.17 10.430195 -2.6087794 13.038975 0.623034 0.36775064 0.57849067 
1.1799999 10.446737 -2.6156836 13.062421 0.62909305 0.36698583 0.57704622 
1.1900001 10.463804 -2.6222677 13.086072 0.63503909 0.36622441 0.57560539 
1.2 10.481382 -2.6285806 13.109962 0.64087397 0.36546648 0.57416821 
1.21 10.499471 -2.6345844 13.134055 0.64659971 0.36471197 0.57273459 
1.22 10.518087 -2.6402941 13.158381 0.6522181 0.36396098 0.5713045 
1.23 10.537196 -2.6457191 13.182915 0.65773112 0.36321354 0.56987804 
1.24 10.556817 -2.6508617 13.207679 0.66314059 0.36246964 0.56845516 
1.25 10.576944 -2.655704 13.232649 0.66844845 0.36172929 0.56703579 
1.26 10.597554 -2.6602774 13.257832 0.67365652 0.36099255 0.56561995 
1.27 10.618669 -2.6645579 13.283226 0.67876667 0.36025941 0.56420767 
1.28 10.640282 -2.6685529 13.308834 0.68378073 0.35952985 0.56279892 
1.29 10.662377 -2.6722856 13.334663 0.6887005 0.35880396 0.56139368 
1.3 10.684968 -2.6757369 13.360704 0.69352782 0.35808167 0.55999196 
1.3099999 10.708046 -2.6789112 13.386957 0.69826442 0.35736302 0.55859369 
1.3200001 10.731584 -2.6818233 13.413406 0.70291203 0.356648 0.55719894 
1.33 10.755617 -2.6844635 13.440081 0.7074725 0.35593665 0.55580771 
1.34 10.780112 -2.6868339 13.466946 0.71194744 0.35522893 0.55441993 
1.35 10.805089 -2.6889434 13.494032 0.71633852 0.35452485 0.55303562 
1.36 10.830523 -2.6907949 13.521317 0.72064745 0.35382444 0.55165476 
1.37 10.856416 -2.6923852 13.548801 0.72487581 0.35312766 0.55027735 
1.38 10.882775 -2.6937184 13.576494 0.7290253 0.35243449 0.54890335 
1.39 10.909597 -2.694787 13.604384 0.73309737 0.35174498 0.5475328 
1.4 10.936865 -2.695612 13.632477 0.73709369 0.35105908 0.5461657 
1.41 10.964581 -2.6961923 13.660774 0.74101567 0.35037678 0.54480201 
1.42 10.992766 -2.696507 13.689274 0.74486494 0.34969813 0.54344165 
1.4299999 11.021357 -2.6965895 13.717946 0.74864292 0.34902304 0.54208475 
1.4400001 11.050397 -2.6964335 13.74683 0.75235099 0.34835157 0.54073125 
1.45 11.079883 -2.6960177 13.7759 0.75599062 0.34768367 0.53938109 
1.46 11.109793 -2.695384 13.805177 0.75956327 0.34701934 0.53803432 
1.47 11.140139 -2.6944952 13.834634 0.76307023 0.34635857 0.53669095 
1.48 11.170894 -2.6933665 13.86426 0.76651281 0.34570134 0.53535086 
1.49 11.202074 -2.6920376 13.894112 0.76989245 0.34504762 0.53401417 
1.5 11.233673 -2.6904535 13.924127 0.77321029 0.34439743 0.53268081 
1.51 11.26567 -2.6886544 13.954325 0.77646774 0.34375072 0.53135079 
1.52 11.298105 -2.6866121 13.984717 0.77966595 0.34310752 0.53002405 
1.53 11.330928 -2.6843591 14.015287 0.7828061 0.34246778 0.52870065 
1.54 11.364135 -2.6818852 14.046021 0.78588951 0.34183148 0.52738053 
1.55 11.397761 -2.6791778 14.076939 0.78891718 0.34119862 0.52606374 
1.5599999 11.431767 -2.6762648 14.108031 0.79189038 0.3405692 0.52475023 
1.5700001 11.466166 -2.673151 14.139317 0.79481024 0.33994314 0.52344 
1.58 11.500963 -2.6698074 14.170771 0.79767776 0.33932051 0.52213305 
1.59 11.536123 -2.6662645 14.202388 0.80049402 0.33870122 0.52082932 
1.6 11.571668 -2.6625075 14.234175 0.80326015 0.33808529 0.51952887 
1.61 11.607574 -2.6585522 14.266127 0.80597711 0.33747268 0.51823169 
1.62 11.64386 -2.6543922 14.298252 0.80864596 0.33686337 0.51693773 
1.63 11.680509 -2.6500306 14.33054 0.81126761 0.33625737 0.51564699 
1.64 11.717522 -2.6454582 14.36298 0.81384307 0.33565465 0.51435947 
1.65 11.754872 -2.6407046 14.395576 0.81637329 0.33505517 0.51307517 
1.66 11.792604 -2.635747 14.428351 0.81885922 0.33445892 0.51179409 
1.67 11.830659 -2.6306119 14.461271 0.82130164 0.33386588 0.51051623 
1.6799999 11.869078 -2.6252689 14.494347 0.82370156 0.33327606 0.50924152 
1.6900001 11.907825 -2.6197538 14.527579 0.82605982 0.3326894 0.50797004 
1.7 11.946906 -2.6140447 14.560951 0.82837719 0.3321059 0.50670165 
1.71 11.986334 -2.6081629 14.594497 0.83065456 0.33152553 0.50543648 
1.72 12.026071 -2.6020904 14.62816 0.83289278 0.33094829 0.50417447 
1.73 12.066142 -2.5958333 14.661976 0.83509254 0.33037415 0.50291562 
1.74 12.106528 -2.5894246 14.695953 0.8372547 0.32980308 0.50165993 
1.75 12.14724 -2.5828218 14.730062 0.83937997 0.32923505 0.50040734 
1.76 12.188254 -2.5760589 14.764313 0.84146911 0.32867008 0.49915788 
1.77 12.229584 -2.5691195 14.798703 0.84352279 0.32810813 0.49791154 
1.78 12.271214 -2.5620041 14.833218 0.84554183 0.32754916 0.49666831 
1.79 12.313144 -2.5547366 14.86788 0.84752685 0.32699317 0.49542817 
1.8 12.355366 -2.5473022 14.902668 0.84947848 0.32644013 0.49419117 
1.8099999 12.39788 -2.5397067 14.937586 0.85139751 0.32589003 0.49295723 
1.8200001 12.440681 -2.53196 14.972641 0.85328448 0.32534283 0.49172637 
1.83 12.483756 -2.524055 15.007811 0.85514003 0.32479855 0.4904986 
1.84 12.527126 -2.5159941 15.04312 0.85696489 0.32425717 0.48927388 
1.85 12.570754 -2.507771 15.078526 0.85875952 0.32371861 0.48805222 
1.86 12.614663 -2.4994082 15.114071 0.86052465 0.32318288 0.4868336 
1.87 12.658843 -2.4908872 15.149731 0.86226076 0.32264999 0.48561805 
1.88 12.703279 -2.4822326 15.185511 0.86396843 0.32211989 0.48440552 
1.89 12.747976 -2.4734402 15.221416 0.86564827 0.32159257 0.48319602 
1.9 12.792935 -2.4644818 15.257418 0.86730081 0.32106802 0.48198953 
1.91 12.838121 -2.4554014 15.293523 0.86892653 0.32054618 0.48078609 
1.92 12.883574 -2.4461861 15.32976 0.87052596 0.32002708 0.47958562 
1.9299999 12.929255 -2.4368324 15.366087 0.87209964 0.31951067 0.47838813 
1.9400001 12.975186 -2.4273381 15.402525 0.87364811 0.31899697 0.47719365 
1.95 13.021358 -2.4177175 15.439075 0.87517178 0.31848592 0.47600216 
1.96 13.067747 -2.4079704 15.475718 0.87667114 0.31797749 0.47481364 
1.97 13.114355 -2.3981113 15.512466 0.87814665 0.31747171 0.4736281 
1.98 13.161196 -2.3881035 15.549299 0.8795988 0.31696853 0.47244552 
1.99 13.20826 -2.3779793 15.586239 0.881028 0.31646791 0.47126588 
2 13.255525 -2.3677354 15.62326 0.88243473 0.31596988 0.47008917 
2.01 13.303011 -2.3573866 15.660398 0.8838194 0.31547442 0.46891543 
2.02 13.350698 -2.3469124 15.697611 0.88518238 0.31498149 0.46774459 
2.03 13.398592 -2.3363104 15.734902 0.88652414 0.31449106 0.4665767 
2.04 13.446687 -2.3256078 15.772295 0.8878451 0.31400311 0.46541172 
2.05 13.494975 -2.3147988 15.809774 0.88914555 0.31351766 0.46424964 
2.0599999 13.543453 -2.303874 15.847327 0.89042598 0.31303468 0.46309048 
2.0699999 13.592116 -2.2928348 15.884951 0.89168668 0.31255412 0.46193418 
2.0799999 13.640957 -2.2817116 15.922668 0.89292806 0.312076 0.4607808 
2.0899999 13.689988 -2.2704711 15.960459 0.8941505 0.31160027 0.45963028 
2.0999999 13.739182 -2.259129 15.998312 0.89535427 0.31112695 0.45848265 
2.1099999 13.788568 -2.2476993 16.036266 0.89653981 0.31065601 0.45733786 
2.1199999 13.838088 -2.2361875 16.074276 0.8977074 0.3101874 0.45619595 
2.1300001 13.887795 -2.2245488 16.112345 0.89885736 0.30972114 0.45505688 
2.1400001 13.937659 -2.2128339 16.150494 0.89999008 0.30925721 0.45392066 
2.1500001 13.987681 -2.2010207 16.188702 0.90110582 0.30879557 0.45278728 
2.1600001 14.037849 -2.1891346 16.226984 0.90220487 0.30833623 0.45165673 
2.1700001 14.088176 -2.1771407 16.265316 0.90328759 0.30787918 0.45052898 
2.1800001 14.138642 -2.1650758 16.303719 0.90435427 0.30742437 0.44940409 
2.1900001 14.189256 -2.1529241 16.34218 0.90540516 0.30697179 0.44828197 
2.2 14.24 -2.1406689 16.380669 0.90644056 0.30652145 0.44716266 
2.21 14.290878 -2.1283855 16.419264 0.90746075 0.30607331 0.44604614 
2.22 14.341874 -2.1159902 16.457865 0.90846598 0.30562735 0.44493243 
2.23 14.393021 -2.1035185 16.49654 0.90945661 0.30518359 0.44382149 
2.24 14.444273 -2.0909863 16.535259 0.91043276 0.30474198 0.44271332 
2.25 14.495656 -2.0783763 16.574032 0.91139483 0.30430251 0.44160792 
2.26 14.547148 -2.0656948 16.612843 0.91234297 0.30386516 0.4405053 
2.27 14.598758 -2.0529399 16.651697 0.91327745 0.30342993 0.43940541 
2.28 14.650478 -2.0401306 16.690609 0.91419846 0.30299681 0.43830827 
2.29 14.702291 -2.0272498 16.72954 0.91510636 0.30256578 0.43721387 
2.3 14.754223 -2.0143023 16.768524 0.91600132 0.30213684 0.43612218 
2.3099999 14.806244 -2.0012913 16.807535 0.91688353 0.30170992 0.43503323 
2.3199999 14.85836 -1.9882278 16.846588 0.91775322 0.30128506 0.43394703 
2.3299999 14.910568 -1.9751167 16.885685 0.91861069 0.30086219 0.4328635 
2.3399999 14.962852 -1.9619255 16.924778 0.91945601 0.30044138 0.43178269 
2.3499999 15.015244 -1.9487009 16.963943 0.92028952 0.30002254 0.43070459 
2.3599999 15.067705 -1.9354086 17.003113 0.92111135 0.2996057 0.42962918 
2.3699999 15.120255 -1.9220667 17.04232 0.92192173 0.29919082 0.42855644 
2.3800001 15.172867 -1.9086819 17.081549 0.92272085 0.29877788 0.42748639 
2.3900001 15.225543 -1.8952584 17.120802 0.92350894 0.2983669 0.42641902 
2.4000001 15.278313 -1.8817701 17.160084 0.92428607 0.29795787 0.4253543 
2.4100001 15.331117 -1.868237 17.199354 0.92505258 0.29755071 0.42429224 
2.4200001 15.383993 -1.8546839 17.238678 0.92580855 0.29714549 0.42323282 
2.4300001 15.436925 -1.841084 17.278009 0.92655414 0.29674211 0.42217606 
2.4400001 15.489929 -1.8274326 17.317362 0.92728961 0.29634064 0.42112195 
2.45 15.542963 -1.8137541 17.356716 0.92801505 0.29594103 0.42007047 
2.46 15.596058 -1.8000326 17.396091 0.92873067 0.29554325 0.41902161 
2.47 15.649195 -1.786274 17.435469 0.92943668 0.29514733 0.41797537 
2.48 15.702374 -1.7724991 17.474873 0.93013316 0.29475322 0.41693172 
2.49 15.755603 -1.7586675 17.514271 0.93082029 0.29436094 0.41589069 
2.5 15.808841 -1.7448173 17.553658 0.93149817 0.29397044 0.41485226 
2.51 15.86215 -1.7309341 17.593084 0.93216711 0.29358172 0.41381642 
2.52 15.915453 -1.7170506 17.632504 0.93282712 0.29319477 0.41278318 
2.53 15.968798 -1.703105 17.671902 0.93347836 0.29280961 0.41175252 
2.54 16.022156 -1.6891623 17.711319 0.93412101 0.29242617 0.41072443 
2.55 16.075554 -1.6751842 17.750738 0.93475521 0.29204446 0.4096989 
2.5599999 16.128962 -1.6611757 17.790138 0.93538111 0.29166451 0.40867594 
2.5699999 16.182386 -1.6471691 17.829556 0.9359988 0.29128623 0.40765551 
2.5799999 16.235811 -1.6331367 17.868948 0.93660843 0.29090968 0.40663764 
2.5899999 16.289263 -1.6190825 17.908344 0.93721014 0.29053482 0.40562233 
2.5999999 16.34269 -1.6050396 17.947729 0.93780404 0.29016161 0.40460953 
2.6099999 16.396151 -1.5909538 17.987104 0.93839025 0.28979009 0.40359926 
2.6199999 16.449602 -1.5768604 18.026463 0.93896896 0.28942022 0.40259153 
2.6300001 16.503069 -1.562747 18.065815 0.93954021 0.28905201 0.40158632 
2.6400001 16.556507 -1.5486393 18.105146 0.94010413 0.28868541 0.4005836 
2.6500001 16.60993 -1.5345335 18.144463 0.94066083 0.28832045 0.3995834 
2.6600001 16.663361 -1.5203972 18.183758 0.94121051 0.28795707 0.39858568 
2.6700001 16.716772 -1.506279 18.223051 0.94175321 0.28759533 0.39759046 
2.6800001 16.77018 -1.4921236 18.262302 0.94228899 0.28723514 0.39659774 
2.6900001 16.823532 -1.4780169 18.301548 0.94281811 0.28687656 0.39560747 
2.7 16.876898 -1.4638586 18.340755 0.94334048 0.28651953 0.3946197 
2.71 16.930233 -1.4497271 18.379959 0.94385636 0.28616408 0.39363438 
2.72 16.983538 -1.4355888 18.419127 0.9443658 0.28581014 0.39265153 
2.73 17.036812 -1.4214516 18.458263 0.94486886 0.28545776 0.39167112 
2.74 17.090054 -1.4073143 18.497368 0.94536573 0.2851069 0.39069316 
2.75 17.143257 -1.3932028 18.536461 0.94585639 0.28475755 0.38971767 
2.76 17.196432 -1.3790751 18.575508 0.94634104 0.28440973 0.38874459 
2.77 17.249569 -1.3649578 18.614527 0.94681972 0.28406337 0.38777393 
2.78 17.302656 -1.3508625 18.653519 0.94729251 0.28371853 0.38680571 
2.79 17.355698 -1.3367729 18.692471 0.94775951 0.28337514 0.38583991 
2.8 17.408707 -1.3226852 18.731392 0.94822085 0.28303325 0.38487652 
2.8099999 17.46166 -1.3086128 18.770273 0.94867653 0.28269279 0.38391551 
2.8199999 17.514557 -1.2945585 18.809116 0.94912672 0.28235379 0.38295692 
2.8299999 17.56741 -1.2805166 18.847927 0.94957149 0.28201622 0.38200074 
2.8399999 17.620186 -1.2665024 18.886688 0.9500109 0.28168008 0.38104692 
2.8499999 17.672922 -1.2524767 18.9254 0.950445 0.28134537 0.38009551 
2.8599999 17.72559 -1.2384901 18.964081 0.95087391 0.28101206 0.37914646 
2.8699999 17.778185 -1.2245216 19.002707 0.9512977 0.28068015 0.37819979 
2.8800001 17.830736 -1.2105656 19.041302 0.95171642 0.28034961 0.37725547 
2.8900001 17.883211 -1.1966238 19.079834 0.9521302 0.28002048 0.37631351 
2.9000001 17.935612 -1.1827259 19.118338 0.95253909 0.27969271 0.3753739 
2.9100001 17.987934 -1.1688452 19.15678 0.95294315 0.27936631 0.37443662 
2.9200001 18.040201 -1.1549768 19.195179 0.95334244 0.27904129 0.37350172 
2.9300001 18.092377 -1.1411486 19.233524 0.95373702 0.27871761 0.37256911 
2.9400001 18.144489 -1.1273317 19.27182 0.95412701 0.27839524 0.37163886 
2.95 18.196505 -1.1135502 19.310055 0.95451248 0.2780742 0.37071094 
2.96 18.248434 -1.0998058 19.34824 0.95489347 0.27775452 0.36978531 
2.97 18.300282 -1.0860863 19.386368 0.95526999 0.27743614 0.368862 
2.98 18.352055 -1.0723858 19.42444 0.95564216 0.27711904 0.36794099 
2.99 18.403736 -1.0587349 19.462471 0.95601004 0.27680326 0.36702231 
3 18.455324 -1.0451069 19.500431 0.95637375 0.27648875 0.36610588 
3.01 18.506819 -1.0315142 19.538334 0.95673323 0.27617553 0.36519176 
3.02 18.558208 -1.0179472 19.576157 0.95708865 0.27586359 0.36427993 
3.03 18.609501 -1.0044403 19.613941 0.95743996 0.2755529 0.36337036 
3.04 18.660721 -0.99094391 19.651665 0.95778733 0.27524349 0.36246309 
3.05 18.711821 -0.97749615 19.689316 0.95813072 0.27493531 0.36155805 
3.0599999 18.76281 -0.96409035 19.7269 0.95847023 0.27462837 0.36065528 
3.0699999 18.813711 -0.95070744 19.76442 0.95880592 0.27432266 0.35975477 
3.0799999 18.864508 -0.93736744 19.801876 0.95913786 0.27401817 0.35885653 
3.0899999 18.915188 -0.9240799 19.839268 0.9594661 0.2737149 0.35796049 
3.0999999 18.965755 -0.91083336 19.876589 0.95979065 0.27341285 0.35706672 
3.1099999 19.016211 -0.89762974 19.913841 0.96011156 0.273112 0.35617515 
3.1199999 19.066563 -0.8844595 19.951023 0.96042889 0.27281234 0.35528585 
3.1300001 19.116783 -0.87134361 19.988127 0.96074277 0.27251387 0.35439873 
3.1400001 19.166906 -0.85826778 20.025173 0.96105313 0.27221659 0.35351384 
3.1500001 19.216909 -0.84523773 20.062147 0.9613601 0.27192047 0.35263118 
3.1600001 19.266783 -0.83224583 20.09903 0.96166366 0.27162552 0.3517507 
3.1700001 19.31654 -0.81930351 20.135843 0.96196395 0.27133173 0.35087243 
3.1800001 19.36618 -0.80642414 20.172604 0.9622609 0.27103907 0.34999633 
3.1900001 19.415688 -0.79360008 20.209288 0.96255463 0.27074757 0.34912243 
3.2 19.465057 -0.7807951 20.245853 0.96284521 0.27045721 0.34825072 
3.21 19.514322 -0.76804161 20.282364 0.96313256 0.27016798 0.34738117 
3.22 19.563435 -0.75536251 20.318798 0.96341687 0.26987985 0.34651381 
3.23 19.612415 -0.74273586 20.355152 0.96369809 0.26959288 0.34564862 
3.24 19.661282 -0.73015118 20.391434 0.96397632 0.26930699 0.34478557 
3.25 19.710011 -0.71761036 20.42762 0.96425152 0.2690222 0.3439247 
3.26 19.758604 -0.70513344 20.463737 0.96452379 0.26873851 0.34306595 
3.27 19.807064 -0.69270611 20.499771 0.96479321 0.26845592 0.34220937 
3.28 19.855371 -0.68034172 20.535713 0.9650597 0.26817441 0.34135491 
3.29 19.903549 -0.66802311 20.571571 0.96532339 0.26789397 0.34050259 
3.3 19.951574 -0.65577602 20.607349 0.96558428 0.2676146 0.33965239 
3.3099999 19.999472 -0.6435709 20.643044 0.96584243 0.26733631 0.33880433 
3.3199999 20.047213 -0.6314373 20.67865 0.96609789 0.26705906 0.3379584 
3.3299999 20.09481 -0.61935043 20.714161 0.96635062 0.26678285 0.33711454 
3.3399999 20.142262 -0.6073246 20.749586 0.96660078 0.26650771 0.33627281 
3.3499999 20.189575 -0.59536171 20.784937 0.96684825 0.26623359 0.33543319 
3.3599999 20.236725 -0.58345222 20.820177 0.96709317 0.26596051 0.33459565 
3.3699999 20.283718 -0.57161903 20.855337 0.96733558 0.26568845 0.3337602 
3.3800001 20.330599 -0.55982494 20.890423 0.96757543 0.26541743 0.33292684 
3.3900001 20.377295 -0.54810524 20.9254 0.96781284 0.26514739 0.33209556 
3.4000001 20.423849 -0.53644276 20.960293 0.9680478 0.26487839 0.33126637 
3.4100001 20.470247 -0.52484798 20.995094 0.96828032 0.26461038 0.33043924 
3.4200001 20.516468 -0.51332378 21.029793 0.96851051 0.26434335 0.32961419 
3.4300001 20.562559 -0.50183487 21.064394 0.96873832 0.26407734 0.32879117 
3.4400001 20.608471 -0.49044037 21.098911 0.9689638 0.2638123 0.32797024 
3.45 20.654236 -0.4791069 21.133343 0.96918696 0.26354825 0.32715133 
3.46 20.699837 -0.46783257 21.167669 0.96940792 0.26328516 0.32633448 
3.47 20.745285 -0.45660114 21.201885 0.96962661 0.26302302 0.32551965 
3.48 20.790535 -0.44548512 21.236019 0.96984309 0.26276186 0.32470688 
3.49 20.835661 -0.43439102 21.270052 0.97005743 0.26250169 0.32389614 
3.5 20.880598 -0.42338562 21.303984 0.97026956 0.26224241 0.32308739 
3.51 20.925394 -0.41244698 21.337841 0.97047961 0.26198411 0.3222807 
3.52 20.969995 -0.40157604 21.371571 0.97068757 0.26172674 0.32147601 
3.53 21.014433 -0.39077091 21.405205 0.97089344 0.26147032 0.32067332 
3.54 21.05871 -0.38002872 21.43874 0.97109729 0.26121482 0.31987265 
3.55 21.102793 -0.36938286 21.472176 0.97129911 0.26096022 0.31907395 
3.5599999 21.146744 -0.35877514 21.50552 0.97149891 0.26070657 0.31827727 
3.5699999 21.190502 -0.34825039 21.538754 0.97169679 0.26045382 0.31748259 
3.5799999 21.234089 -0.33779049 21.57188 0.97189265 0.26020199 0.31668988 
3.5899999 21.277519 -0.32739449 21.604914 0.97208667 0.25995106 0.31589913 
3.5999999 21.320768 -0.31707191 21.63784 0.97227877 0.25970101 0.31511039 
3.6099999 21.363827 -0.30683708 21.670664 0.97246897 0.25945187 0.31432357 
3.6199999 21.4067 -0.29667664 21.703377 0.97265732 0.25920361 0.31353876 
3.6300001 21.449423 -0.28656769 21.735991 0.97284389 0.25895622 0.31275588 
3.6400001 21.491964 -0.27654648 21.768511 0.9730286 0.25870973 0.31197497 
3.6500001 21.534317 -0.26658726 21.800903 0.97321153 0.2584641 0.31119603 
3.6600001 21.576487 -0.25670147 21.833187 0.97339272 0.25821933 0.31041902 
3.6700001 21.618484 -0.24690723 21.865391 0.97357213 0.25797543 0.30964392 
3.6800001 21.660294 -0.23716927 21.897463 0.97374988 0.25773239 0.30887079 
3.6900001 21.701927 -0.22750378 21.929432 0.97392589 0.25749022 0.3080996 
3.7 21.743378 -0.21791935 21.961296 0.97410023 0.25724888 0.30733031 
3.71 21.784651 -0.20840549 21.993057 0.97427291 0.25700837 0.30656293 
3.72 21.825727 -0.19897652 22.024704 0.97444391 0.25676873 0.30579749 
3.73 21.866629 -0.18961906 22.056248 0.97461337 0.2565299 0.30503395 
3.74 21.907351 -0.18032551 22.087677 0.97478116 0.2562919 0.30427232 
3.75 21.947876 -0.17111588 22.118992 0.97494739 0.25605473 0.3035126 
3.76 21.988226 -0.16198063 22.150208 0.97511208 0.2558184 0.30275476 
3.77 22.028397 -0.15291309 22.181309 0.97527522 0.25558287 0.30199882 
3.78 22.068363 -0.14393806 22.212301 0.97543681 0.25534815 0.30124477 
3.79 22.108137 -0.13503456 22.243172 0.9755969 0.25511423 0.30049261 
3.8 22.14773 -0.12620354 22.273933 0.97575545 0.25488111 0.29974231 
3.8099999 22.18714 -0.11745167 22.304592 0.97591263 0.2546488 0.29899392 
3.8199999 22.226347 -0.10878658 22.335133 0.97606826 0.2544173 0.29824737 
3.8299999 22.265369 -0.10018349 22.365553 0.97622252 0.25418657 0.29750267 
3.8399999 22.30422 -0.091650009 22.39587 0.97637528 0.25395662 0.29675984 
3.8499999 22.342842 -0.083226204 22.426067 0.97652668 0.25372747 0.29601887 
3.8599999 22.381296 -0.074853897 22.45615 0.9766767 0.25349909 0.29527977 
3.8699999 22.419565 -0.066551208 22.486116 0.97682536 0.25327146 0.29454249 
3.8800001 22.457611 -0.058362961 22.515974 0.97697258 0.25304464 0.29380706 
3.8900001 22.495504 -0.050217628 22.545723 0.97711855 0.25281855 0.29307345 
3.9000001 22.533175 -0.042164803 22.57534 0.97726315 0.25259322 0.29234168 
3.9100001 22.570669 -0.034190178 22.604858 0.97740644 0.25236866 0.29161176 
3.9200001 22.607956 -0.026296616 22.634253 0.97754842 0.25214484 0.29088363 
3.9300001 22.645054 -0.01847744 22.663532 0.97768909 0.2519218 0.29015735 
3.9400001 22.681946 -0.010733604 22.69268 0.97782856 0.25169948 0.28943285 
3.95 22.718666 -0.0030727386 22.721739 0.97796673 0.2514779 0.28871018 
3.96 22.755171 0.0045003891 22.750671 0.97810364 0.25125706 0.28798932 
3.97 22.791487 0.012015343 22.779472 0.97823936 0.25103694 0.28727025 
3.98 22.827595 0.01943779 22.808157 0.97837389 0.25081754 0.28655297 
3.99 22.863512 0.026767731 22.836744 0.97850716 0.25059891 0.2858375 
4 22.89925 0.034040451 22.86521 0.9786393 0.25038096 0.2851238 
4.0100002 22.934788 0.041248322 22.893539 0.9787702 0.25016373 0.28441188 
4.02 22.970106 0.04833889 22.921768 0.97890002 0.24994722 0.28370175 
4.0300002 23.005224 0.055356979 22.949867 0.97902864 0.24973142 0.28299338 
4.04 23.040146 0.062306404 22.97784 0.97915614 0.24951632 0.28228679 
4.0500002 23.074896 0.069181442 23.005714 0.9792825 0.24930194 0.28158194 
4.0599999 23.109428 0.075979233 23.033449 0.97940779 0.24908824 0.28087887 
4.0700002 23.14378 0.082691193 23.061089 0.97953194 0.24887525 0.28017756 
4.0799999 23.177916 0.089331627 23.088585 0.97965503 0.24866293 0.27947801 
4.0900002 23.211845 0.095868111 23.115978 0.97977704 0.24845131 0.27878019 
4.0999999 23.245598 0.10235119 23.143246 0.97989798 0.24824037 0.2780841 
4.1100001 23.279123 0.10872746 23.170395 0.98001784 0.24803011 0.27738976 
4.1199999 23.312464 0.11505699 23.197407 0.98013669 0.24782053 0.27669716 
4.1300001 23.345594 0.12128258 23.224312 0.98025453 0.24761163 0.27600628 
4.1399999 23.378544 0.12744904 23.251095 0.98037136 0.24740338 0.27531713 
4.1500001 23.411274 0.13351917 23.277756 0.98048717 0.24719581 0.27462971 
4.1599998 23.443811 0.13951302 23.304298 0.98060197 0.24698891 0.27394399 
4.1700001 23.476162 0.14543343 23.330729 0.98071575 0.24678265 0.27326 
4.1799998 23.50828 0.15126324 23.357018 0.98082858 0.24657705 0.2725777 
4.1900001 23.540226 0.15703297 23.383194 0.98094046 0.24637212 0.27189714 
4.1999998 23.57197 0.16272163 23.409248 0.98105139 0.24616782 0.27121824 
4.21 23.603497 0.16831589 23.435181 0.98116142 0.24596417 0.27054104 
4.2199998 23.634821 0.17383766 23.460983 0.98127043 0.24576117 0.26986554 
4.23 23.665953 0.17927456 23.486679 0.98137856 0.2455588 0.26919171 
4.2399998 23.696888 0.18464088 23.512247 0.98148578 0.24535707 0.26851958 
4.25 23.727608 0.18994617 23.537663 0.98159206 0.24515598 0.26784915 
4.2600002 23.758118 0.19513893 23.562979 0.9816975 0.24495551 0.26718035 
4.27 23.788465 0.20026588 23.5882 0.98180199 0.24475567 0.26651326 
4.2800002 23.818575 0.2053175 23.613258 0.98190564 0.24455646 0.2658478 
4.29 23.848492 0.210289 23.638203 0.9820084 0.24435785 0.26518402 
4.3000002 23.878208 0.21517467 23.663033 0.98211032 0.24415988 0.2645219 
4.3099999 23.907763 0.22001266 23.68775 0.98221141 0.24396251 0.26386142 
4.3200002 23.937075 0.2247448 23.71233 0.98231161 0.24376576 0.26320261 
4.3299999 23.966196 0.22940445 23.736792 0.98241097 0.24356961 0.26254541 
4.3400002 23.995098 0.23398495 23.761112 0.98250955 0.24337406 0.26188987 
4.3499999 24.023813 0.23849201 23.78532 0.98260731 0.24317913 0.26123598 
4.3600001 24.052334 0.2429266 23.809406 0.98270422 0.24298479 0.2605837 
4.3699999 24.080633 0.24727345 23.833359 0.98280036 0.24279104 0.25993305 
4.3800001 24.108761 0.25154495 23.857216 0.98289573 0.24259789 0.25928405 
4.3899999 24.136663 0.25574875 23.880915 0.98299032 0.24240533 0.25863665 
4.4000001 24.164379 0.25986576 23.904514 0.98308408 0.24221335 0.2579909 
4.4099998 24.191879 0.26390362 23.927975 0.98317713 0.24202196 0.25734672 
4.4200001 24.219189 0.26787186 23.951317 0.98326939 0.24183115 0.25670415 
4.4299998 24.24629 0.27176476 23.974525 0.98336089 0.24164093 0.25606322 
4.4400001 24.273197 0.27557278 23.997623 0.98345166 0.24145128 0.25542384 
4.4499998 24.299902 0.27932739 24.020575 0.98354167 0.24126218 0.2547861 
4.46 24.32641 0.28297615 24.043434 0.98363096 0.24107368 0.25414994 
4.4699998 24.352715 0.28656769 24.066147 0.98371953 0.24088573 0.25351536 
4.48 24.378828 0.29009438 24.088734 0.98380738 0.24069835 0.25288236 
4.4899998 24.404736 0.29353333 24.111202 0.98389453 0.24051154 0.25225097 
4.5 24.430433 0.29687881 24.133554 0.98398095 0.24032527 0.25162113 
4.5100002 24.455923 0.30015659 24.155766 0.98406672 0.24013957 0.25099286 
4.52 24.481239 0.30338383 24.177856 0.98415178 0.23995443 0.25036618 
4.5300002 24.506363 0.30652332 24.199841 0.98423612 0.23976983 0.24974105 
4.54 24.531252 0.30958176 24.22167 0.98431987 0.23958577 0.24911749 
4.5500002 24.555969 0.31257915 24.243389 0.98440289 0.23940226 0.24849547 
4.5599999 24.580477 0.31548882 24.264988 0.98448527 0.23921931 0.24787502 
4.5700002 24.60479 0.3183403 24.286449 0.98456699 0.23903689 0.24725612 
4.5799999 24.628895 0.32110405 24.307791 0.98464805 0.238855 0.24663876 
4.5900002 24.652828 0.32381248 24.329016 0.98472846 0.23867366 0.24602294 
4.5999999 24.676548 0.32643318 24.350115 0.98480821 0.23849285 0.24540865 
4.6100001 24.700068 0.32899094 24.371077 0.98488736 0.23831256 0.2447959 
4.6199999 24.723379 0.33146954 24.391911 0.98496592 0.2381328 0.24418469 
4.6300001 24.746483 0.33385944 24.412624 0.98504382 0.23795357 0.24357501 
4.6399999 24.76943 0.33620739 24.433224 0.98512113 0.23777486 0.24296683 
4.6500001 24.792158 0.33847237 24.453686 0.98519778 0.23759668 0.24236017 
4.6599998 24.814705 0.34066582 24.474039 0.9852739 0.23741899 0.24175505 
4.6700001 24.837015 0.34278107 24.494234 0.98534936 0.23724185 0.24115142 
4.6799998 24.859182 0.34484291 24.514339 0.98542428 0.2370652 0.24054931 
4.6900001 24.881109 0.3468132 24.534296 0.98549861 0.23688906 0.23994869 
4.6999998 24.902872 0.34872818 24.554144 0.98557234 0.23671344 0.23934957 
4.71 24.924437 0.35057449 24.573862 0.98564547 0.23653832 0.23875196 
4.7199998 24.945791 0.35234547 24.593445 0.98571807 0.23636371 0.23815583 
4.73 24.966955 0.35403824 24.612917 0.98579007 0.23618959 0.2375612 
4.7399998 24.987936 0.35568619 24.63225 0.9858616 0.23601598 0.23696804 
4.75 25.008711 0.35725403 24.651457 0.98593247 0.23584285 0.23637637 
4.7600002 25.029301 0.35874557 24.670555 0.98600286 0.23567024 0.23578618 
4.77 25.049681 0.36016655 24.689514 0.98607266 0.2354981 0.23519745 
4.7800002 25.069889 0.36154652 24.708344 0.98614198 0.23532645 0.23461021 
4.79 25.089895 0.36283588 24.727058 0.9862107 0.2351553 0.23402442 
4.8000002 25.109707 0.36405277 24.745655 0.98627895 0.23498464 0.2334401 
4.8099999 25.12933 0.36521339 24.764116 0.98634666 0.23481444 0.23285724 
4.8200002 25.148767 0.36630154 24.782467 0.98641384 0.23464473 0.23227583 
4.8299999 25.168001 0.36733341 24.800667 0.98648047 0.23447551 0.23169588 
4.8400002 25.187048 0.36829472 24.818752 0.98654664 0.23430675 0.23111737 
4.8499999 25.205923 0.36918926 24.836735 0.98661226 0.23413847 0.23054031 
4.8600001 25.224569 0.37001801 24.854551 0.98667747 0.23397066 0.22996469 
4.8699999 25.243055 0.37079144 24.872265 0.98674208 0.23380332 0.2293905 
4.8800001 25.26136 0.37150002 24.88986 0.98680627 0.23363645 0.22881776 
4.8899999 25.279455 0.37213039 24.907326 0.98686993 0.23347004 0.22824644 
4.9000001 25.297344 0.37268925 24.924656 0.98693311 0.2333041 0.22767654 
4.9099998 25.315086 0.37320709 24.941879 0.98699582 0.23313862 0.22710808 
4.9200001 25.332613 0.37365246 24.958961 0.9870581 0.23297359 0.22654103 
4.9299998 25.349962 0.37403584 24.975925 0.98711985 0.23280904 0.22597538 
4.9400001 25.367107 0.37435341 24.992754 0.98718113 0.23264492 0.22541116 
4.9499998 25.3841 0.37461376 25.009487 0.98724198 0.23248127 0.22484834 
4.96 25.400864 0.37479305 25.02607 0.98730236 0.23231806 0.22428694 
4.9699998 25.417459 0.37492943 25.04253 0.98736227 0.23215531 0.22372693 
4.98 25.43388 0.37501144 25.058868 0.98742175 0.23199299 0.22316833 
4.9899998 25.450109 0.37502098 25.075089 0.98748082 0.23183112 0.22261111 
5 25.466145 0.37496281 25.091183 0.98753935 0.23166969 0.22205529 
5.0100002 25.481998 0.37485886 25.10714 0.98759753 0.23150872 0.22150086 
5.02 25.497669 0.37469101 25.122978 0.98765522 0.23134817 0.2209478 
5.0300002 25.513159 0.37446499 25.138695 0.9877125 0.23118807 0.22039615 
5.04 25.528469 0.37417603 25.154293 0.98776937 0.23102839 0.21984585 
5.0500002 25.5436 0.3738327 25.169767 0.98782581 0.23086916 0.21929693 
5.0599999 25.558531 0.37342644 25.185104 0.98788184 0.23071036 0.21874939 
5.0700002 25.573311 0.37298393 25.200327 0.98793739 0.23055197 0.2182032 
5.0799999 25.587872 0.37244987 25.215422 0.98799258 0.23039402 0.21765839 
5.0900002 25.602276 0.37187195 25.230404 0.98804736 0.2302365 0.21711494 
5.0999999 25.616489 0.37125111 25.245239 0.98810172 0.2300794 0.21657284 
5.1100001 25.630531 0.37057018 25.25996 0.98815566 0.22992273 0.2160321 
5.1199999 25.644373 0.36980438 25.274569 0.98820925 0.22976646 0.21549271 
5.1300001 25.658062 0.36902332 25.28904 0.98826241 0.22961062 0.21495466 
5.1399999 25.671553 0.36815166 25.303402 0.98831517 0.2294552 0.21441795 
5.1500001 25.684874 0.36724091 25.317633 0.98836756 0.22930019 0.2138826 
5.1599998 25.698004 0.36627293 25.33173 0.98841953 0.22914559 0.21334857 
5.1700001 25.710974 0.36525726 25.345716 0.98847115 0.2289914 0.21281587 
5.1799998 25.723759 0.36418533 25.359573 0.98852235 0.22883762 0.21228451 
5.1900001 25.736366 0.36305428 25.373312 0.98857319 0.22868425 0.21175447 
5.1999998 25.748804 0.36188126 25.386923 0.98862368 0.22853129 0.21122576 
5.21 25.761044 0.36064529 25.400398 0.98867381 0.22837873 0.21069837 
5.2199998 25.773155 0.35937309 25.413782 0.98872352 0.22822657 0.2101723 
5.23 25.78504 0.35802841 25.427011 0.98877293 0.2280748 0.20964754 
5.2399998 25.796762 0.35664368 25.440119 0.98882192 0.22792345 0.20912409 
5.25 25.808329 0.35520744 25.453121 0.98887056 0.22777249 0.20860194 
5.2600002 25.819729 0.35373974 25.465988 0.98891884 0.22762193 0.2080811 
5.27 25.830927 0.35219097 25.478737 0.98896682 0.22747175 0.20756155 
5.2800002 25.841959 0.35060024 25.49136 0.98901439 0.22732197 0.20704332 
5.29 25.85285 0.34897137 25.50388 0.98906165 0.22717257 0.20652637 
5.3000002 25.863531 0.34728432 25.516247 0.9891085 0.22702357 0.20601071 
5.3099999 25.874046 0.34555054 25.528496 0.98915505 0.22687495 0.20549634 
5.3200002 25.884426 0.34377384 25.540653 0.98920131 0.22672673 0.20498325 
5.3299999 25.894602 0.341959 25.552643 0.98924714 0.22657888 0.20447145 
5.3400002 25.904612 0.34006882 25.564543 0.98929268 0.22643141 0.20396093 
5.3499999 25.914467 0.33815479 25.576313 0.98933792 0.22628433 0.20345168 
5.3600001 25.924147 0.33619595 25.587952 0.9893828 0.22613762 0.2029437 
5.3699999 25.933628 0.33415604 25.599472 0.98942733 0.22599129 0.20243698 
5.3800001 25.943001 0.33211994 25.610882 0.98947155 0.22584534 0.20193154 
5.3899999 25.95216 0.33001328 25.622147 0.98951548 0.22569975 0.20142736 
5.4000001 25.961163 0.32785416 25.633308 0.98955905 0.22555456 0.20092443 
5.4099998 25.970005 0.32566738 25.644337 0.98960233 0.22540972 0.20042276 
5.4200001 25.978701 0.323452 25.655249 0.9896453 0.22526525 0.19992235 
5.4299998 25.987188 0.32116318 25.666025 0.98968792 0.22512116 0.19942318 
5.4400001 25.995565 0.31885624 25.676708 0.98973024 0.22497742 0.19892526 
5.4499998 26.003733 0.31648254 25.68725 0.98977226 0.22483405 0.19842859 
5.46 26.011763 0.31407928 25.697683 0.98981398 0.22469105 0.19793315 
5.4699998 26.0196 0.31163216 25.707968 0.98985541 0.22454841 0.19743896 
5.48 26.027294 0.30914783 25.718147 0.98989654 0.22440612 0.19694598 
5.4899998 26.034811 0.30661678 25.728195 0.98993737 0.2242642 0.19645426 
5.5 26.042189 0.30403709 25.738152 0.98997784 0.22412264 0.19596374 
5.5100002 26.049412 0.30146027 25.747952 0.99001807 0.22398143 0.19547446 
5.52 26.05644 0.29880428 25.757637 0.990058 0.22384058 0.1949864 
5.5300002 26.063335 0.29612064 25.767216 0.99009764 0.22370008 0.19449957 
5.54 26.070074 0.29340649 25.776669 0.99013704 0.22355992 0.19401394 
5.5500002 26.076622 0.29064274 25.78598 0.99017608 0.22342013 0.19352953 
5.5599999 26.083036 0.28783894 25.795197 0.99021488 0.22328067 0.19304632 
5.5700002 26.089285 0.28500557 25.804279 0.99025339 0.22314157 0.19256432 
5.5799999 26.095388 0.2821455 25.813244 0.99029166 0.22300281 0.19208354 
5.5900002 26.101309 0.27922058 25.822088 0.99032956 0.22286439 0.19160394 
5.5999999 26.107117 0.27629375 25.830822 0.99036723 0.22272632 0.19112554 
5.6100001 26.112757 0.27332687 25.83943 0.99040467 0.2225886 0.19064835 
5.6199999 26.118217 0.27030563 25.847912 0.9904418 0.22245121 0.19017234 
5.6300001 26.123528 0.267272 25.856255 0.99047863 0.22231415 0.18969752 
5.6399999 26.128685 0.26419163 25.864494 0.99051523 0.22217745 0.18922389 
5.6500001 26.133696 0.26107979 25.872616 0.99055159 0.22204107 0.18875143 
5.6599998 26.138538 0.2579298 25.880608 0.99058765 0.22190502 0.18828017 
5.6700001 26.143261 0.25476265 25.888498 0.99062347 0.22176932 0.18781006 
5.6799998 26.147787 0.25154686 25.89624 0.990659 0.22163394 0.18734115 
5.6900001 26.152199 0.24832439 25.903873 0.99069428 0.22149889 0.18687341 
5.6999998 26.15645 0.24504185 25.911407 0.99072933 0.22136419 0.18640682 
5.71 26.160524 0.2417469 25.918777 0.99076408 0.22122979 0.1859414 
5.7199998 26.164482 0.23841763 25.926064 0.99079859 0.22109573 0.18547715 
5.73 26.168259 0.2350502 25.933208 0.99083287 0.220962 0.18501405 
5.7399998 26.171911 0.2316637 25.940247 0.9908669 0.22082859 0.18455212 
5.75 26.175411 0.22825718 25.947155 0.9909007 0.2206955 0.18409133 
5.7600002 26.178764 0.22480774 25.953957 0.99093419 0.22056274 0.1836317 
5.77 26.181952 0.22133064 25.960621 0.99096745 0.22043028 0.18317321 
5.7800002 26.185011 0.21783161 25.967178 0.99100053 0.22029817 0.18271586 
5.79 26.187948 0.21431732 25.973631 0.99103332 0.22016636 0.18225966 
5.8000002 26.190691 0.21075535 25.979935 0.99106586 0.22003487 0.18180461 
5.8099999 26.193306 0.20717812 25.986128 0.99109823 0.21990369 0.18135069 
5.8200002 26.195766 0.20356655 25.992199 0.99113029 0.21977283 0.18089789 
5.8299999 26.198093 0.19994831 25.998146 0.99116212 0.21964228 0.18044624 
5.8400002 26.200277 0.19629574 26.003983 0.99119377 0.21951205 0.1799957 
5.8499999 26.202314 0.19262505 26.009689 0.99122512 0.21938212 0.1795463 
5.8600001 26.204248 0.18893337 26.015316 0.9912563 0.2192525 0.17909801 
5.8699999 26.205973 0.18520927 26.020763 0.99128723 0.2191232 0.17865086 
5.8800001 26.20756 0.18145466 26.026104 0.99131793 0.2189942 0.1782048 
5.8899999 26.209049 0.17769623 26.031353 0.99134845 0.2188655 0.17775987 
5.9000001 26.210382 0.17391586 26.036467 0.99137866 0.21873711 0.17731604 
5.9099998 26.211567 0.17010784 26.041458 0.99140871 0.21860902 0.17687333 
5.9200001 26.212637 0.16628075 26.046356 0.99143851 0.21848124 0.17643172 
5.9299998 26.213526 0.16243172 26.051094 0.99146813 0.21835376 0.17599121 
5.9400001 26.214279 0.15855312 26.055725 0.99149746 0.21822657 0.1755518 
5.9499998 26.214939 0.15468693 26.060253 0.9915266 0.21809968 0.1751135 
5.96 26.215422 0.1507616 26.064659 0.99155557 0.2179731 0.17467628 
5.9699998 26.215763 0.14683437 26.068928 0.9915843 0.21784681 0.17424016 
5.98 26.215994 0.14290142 26.073093 0.99161279 0.21772082 0.17380512 
5.9899998 26.216097 0.1389513 26.077145 0.9916411 0.21759512 0.17337118 
6 26.216042 0.13498306 26.081059 0.99166918 0.21746971 0.17293832 
6.0100002 26.215853 0.1309824 26.084869 0.99169707 0.2173446 0.17250653 
6.02 26.215534 0.12699413 26.088539 0.99172479 0.21721977 0.17207582 
6.0300002 26.215069 0.12297535 26.092094 0.99175221 0.21709524 0.17164619 
6.04 26.214495 0.11893559 26.095558 0.99177951 0.216971 0.17121764 
6.0500002 26.213776 0.11489487 26.098881 0.99180657 0.21684703 0.17079015 
6.0599999 26.212894 0.11081028 26.102085 0.99183339 0.21672337 0.17036374 
6.0700002 26.211941 0.10676003 26.105181 0.99186009 0.21659997 0.16993839 
6.0799999 26.210814 0.10267258 26.108141 0.99188656 0.21647687 0.16951409 
6.0900002 26.209568 0.09856987 26.110998 0.99191278 0.21635406 0.16909087 
6.0999999 26.208197 0.094462395 26.113735 0.99193883 0.21623152 0.16866869 
6.1100001 26.206667 0.090335846 26.116331 0.9919647 0.21610928 0.16824757 
6.1199999 26.205034 0.086210251 26.118824 0.99199039 0.21598729 0.1678275 
6.1300001 26.203283 0.082072258 26.121212 0.99201584 0.2158656 0.16740848 
6.1399999 26.201382 0.077922821 26.123459 0.99204117 0.21574418 0.1669905 
6.1500001 26.199364 0.07376194 26.125603 0.9920662 0.21562305 0.16657357 
6.1599998 26.197205 0.0695858 26.127619 0.99209112 0.21550219 0.16615768 
6.1700001 26.194937 0.065416336 26.12952 0.99211586 0.21538159 0.16574283 
6.1799998 26.192539 0.061233521 26.131306 0.99214035 0.21526128 0.16532902 
6.1900001 26.189983 0.057033539 26.13295 0.99216473 0.21514124 0.16491625 
6.1999998 26.187359 0.052838326 26.134521 0.99218887 0.21502148 0.16450448 
6.21 26.184559 0.048641205 26.135918 0.99221283 0.21490198 0.16409376 
6.2199998 26.181656 0.044425011 26.13723 0.99223661 0.21478274 0.16368407 
6.23 26.178642 0.040210724 26.138432 0.99226022 0.21466379 0.16327541 
6.2399998 26.175461 0.035999298 26.139462 0.99228364 0.2145451 0.16286775 
6.25 26.172209 0.031762123 26.140446 0.99230683 0.21442668 0.16246112 
6.2600002 26.168808 0.027525902 26.141281 0.9923299 0.21430852 0.16205549 
6.27 26.165277 0.023310661 26.141968 0.99235278 0.21419063 0.1616509 
6.2800002 26.161665 0.019081116 26.142584 0.99237549 0.214073 0.1612473 
6.29 26.157877 0.014832497 26.143044 0.99239802 0.21395564 0.16084471 
6.3000002 26.154003 0.010609627 26.143394 0.99242038 0.21383853 0.16044313 
6.3099999 26.149996 0.006354332 26.143642 0.99244255 0.21372169 0.16004254 
6.3200002 26.145891 0.0021238327 26.143768 0.99246454 0.21360512 0.15964296 
6.3299999 26.141644 -0.0021238327 26.143768 0.99248636 0.2134888 0.15924439 
6.3400002 26.137287 -0.006354332 26.143642 0.99250799 0.21337274 0.1588468 
6.3499999 26.132784 -0.010609627 26.143394 0.99252951 0.21325693 0.15845022 
6.3600001 26.128212 -0.014832497 26.143044 0.99255079 0.21314138 0.15805461 
6.3699999 26.123503 -0.019081116 26.142584 0.99257195 0.21302609 0.15765999 
6.3800001 26.118656 -0.023310661 26.141968 0.99259293 0.21291105 0.15726636 
6.3899999 26.113756 -0.027525902 26.141281 0.99261373 0.21279627 0.15687372 
6.4000001 26.108685 -0.031762123 26.140446 0.99263436 0.21268174 0.15648206 
6.4099998 26.103462 -0.035999298 26.139462 0.99265486 0.21256746 0.15609136 
6.4200001 26.098221 -0.040210724 26.138432 0.99267519 0.21245344 0.15570165 
6.4299998 26.092806 -0.044425011 26.13723 0.99269533 0.21233965 0.15531291 
6.4400001 26.087276 -0.048641205 26.135918 0.9927153 0.21222614 0.15492515 
6.4499998 26.081682 -0.052838326 26.134521 0.99273515 0.21211286 0.15453835 
6.46 26.075916 -0.057033539 26.13295 0.99275476 0.21199982 0.15415251 
6.4699998 26.070072 -0.061233521 26.131306 0.99277431 0.21188703 0.15376765 
6.48 26.064104 -0.065416336 26.12952 0.99279362 0.2117745 0.15338375 
6.4899998 26.058033 -0.0695858 26.127619 0.99281281 0.2116622 0.15300079 
6.5 26.05184 -0.07376194 26.125603 0.99283183 0.21155016 0.1526188 
6.5100002 26.045536 -0.077922821 26.123459 0.99285072 0.21143836 0.15223776 
6.52 26.039139 -0.082072258 26.121212 0.99286944 0.21132679 0.15185767 
6.5300002 26.032614 -0.086210251 26.118824 0.99288797 0.21121547 0.15147853 
6.54 26.025995 -0.090335846 26.116331 0.99290639 0.21110439 0.15110034 
6.5500002 26.019272 -0.094462395 26.113735 0.99292463 0.21099356 0.1507231 
6.5599999 26.012428 -0.09856987 26.110998 0.99294275 0.21088295 0.15034679 
6.5700002 26.005468 -0.10267258 26.108141 0.99296069 0.21077259 0.14997143 
6.5799999 25.998421 -0.10676003 26.105181 0.99297845 0.21066247 0.149597 
6.5900002 25.991274 -0.11081028 26.102085 0.9929961 0.21055257 0.14922351 
6.5999999 25.983986 -0.11489487 26.098881 0.99301362 0.21044293 0.14885095 
6.6100001 25.976624 -0.11893559 26.095558 0.99303097 0.21033351 0.14847931 
6.6199999 25.969118 -0.12297535 26.092094 0.99304813 0.21022433 0.14810862 
6.6300001 25.961546 -0.12699413 26.088539 0.99306518 0.21011537 0.14773884 
6.6399999 25.953888 -0.1309824 26.084869 0.99308211 0.21000665 0.14736998 
6.6500001 25.946075 -0.13498306 26.081059 0.99309886 0.20989817 0.14700206 
6.6599998 25.938194 -0.1389513 26.077145 0.99311543 0.20978992 0.14663504 
6.6700001 25.930191 -0.14290142 26.073093 0.99313188 0.2096819 0.14626895 
6.6799998 25.922094 -0.14683437 26.068928 0.99314821 0.2095741 0.14590377 
6.6900001 25.913898 -0.1507616 26.064659 0.99316442 0.20946655 0.14553949 
6.6999998 25.905565 -0.15468693 26.060253 0.99318045 0.2093592 0.14517614 
6.71 25.897173 -0.15855312 26.055725 0.99319631 0.20925209 0.14481369 
6.7199998 25.888662 -0.16243172 26.051094 0.99321204 0.2091452 0.14445214 
6.73 25.880075 -0.16628075 26.046356 0.99322766 0.20903856 0.1440915 
6.7399998 25.871351 -0.17010784 26.041458 0.99324316 0.20893212 0.14373176 
6.75 25.862551 -0.17391586 26.036467 0.99325848 0.20882592 0.14337291 
6.7600002 25.853657 -0.17769623 26.031353 0.99327368 0.20871992 0.14301497 
6.77 25.84465 -0.18145466 26.026104 0.9932887 0.20861416 0.14265791 
6.7800002 25.835554 -0.18520927 26.020763 0.9933036 0.20850863 0.14230174 
6.79 25.826382 -0.18893337 26.015316 0.99331838 0.2084033 0.14194646 
6.8000002 25.817064 -0.19262505 26.009689 0.99333304 0.20829821 0.14159209 
6.8099999 25.807686 -0.19629574 26.003983 0.99334753 0.20819332 0.14123859 
6.8200002 25.798197 -0.19994831 25.998146 0.99336189 0.20808867 0.14088596 
6.8299999 25.788633 -0.20356655 25.992199 0.99337614 0.20798422 0.14053422 
6.8400002 25.77895 -0.20717812 25.986128 0.9933902 0.20787999 0.14018337 
6.8499999 25.76918 -0.21075535 25.979935 0.99340415 0.20777598 0.13983339 
6.8600001 25.759314 -0.21431732 25.973631 0.99341798 0.20767219 0.13948427 
6.8699999 25.749348 -0.21783161 25.967178 0.99343169 0.20756862 0.13913605 
6.8800001 25.73929 -0.22133064 25.960621 0.99344528 0.20746526 0.13878867 
6.8899999 25.729149 -0.22480774 25.953957 0.99345869 0.2073621 0.13844217 
6.9000001 25.718897 -0.22825718 25.947155 0.99347198 0.20725918 0.13809654 
6.9099998 25.708584 -0.2316637 25.940247 0.99348515 0.20715645 0.13775177 
6.9200001 25.698158 -0.2350502 25.933208 0.99349821 0.20705394 0.13740785 
6.9299998 25.687647 -0.23841763 25.926064 0.99351114 0.20695163 0.13706481 
6.9400001 25.677031 -0.2417469 25.918777 0.99352396 0.20684955 0.13672261 
6.9499998 25.666367 -0.24504185 25.911407 0.99353659 0.20674767 0.13638128 
6.96 25.65555 -0.24832439 25.903873 0.99354911 0.206646 0.13604079 
6.9699998 25.644693 -0.25154686 25.89624 0.99356151 0.20654453 0.13570115 
6.98 25.633736 -0.25476265 25.888498 0.99357378 0.20644328 0.13536237 
6.9899998 25.622679 -0.2579298 25.880608 0.99358594 0.20634224 0.13502443 
7 25.611536 -0.26107979 25.872616 0.99359798 0.2062414 0.13468732 
7.0100002 25.600302 -0.26419163 25.864494 0.99360991 0.20614076 0.13435107 
7.02 25.588984 -0.267272 25.856255 0.99362165 0.20604034 0.13401565 
7.0300002 25.577606 -0.27030563 25.847912 0.99363333 0.20594011 0.13368107 
7.04 25.566103 -0.27332687 25.83943 0.99364483 0.20584008 0.13334733 
7.0500002 25.554529 -0.27629375 25.830822 0.99365628 0.20574027 0.13301443 
7.0599999 25.542868 -0.27922058 25.822088 0.99366754 0.20564064 0.13268234 
7.0700002 25.531097 -0.2821455 25.813244 0.99367869 0.20554124 0.1323511 
7.0799999 25.519274 -0.28500557 25.804279 0.99368978 0.20544203 0.13202067 
7.0900002 25.507359 -0.28783894 25.795197 0.99370068 0.20534301 0.13169107 
7.0999999 25.495337 -0.29064274 25.78598 0.99371147 0.2052442 0.1313623 
7.1100001 25.483261 -0.29340649 25.776669 0.99372214 0.20514558 0.13103434 
7.1199999 25.471094 -0.29612064 25.767216 0.99373269 0.20504718 0.13070722 
7.1300001 25.458832 -0.29880428 25.757637 0.99374318 0.20494895 0.1303809 
7.1399999 25.446491 -0.30146027 25.747952 0.99375349 0.20485093 0.1300554 
7.1500001 25.434114 -0.30403709 25.738152 0.99376369 0.20475312 0.12973072 
7.1599998 25.421577 -0.30661678 25.728195 0.99377376 0.20465548 0.12940684 
7.1700001 25.408998 -0.30914783 25.718147 0.99378371 0.20455804 0.12908377 
7.1799998 25.396336 -0.31163216 25.707968 0.99379361 0.20446081 0.12876152 
7.1900001 25.383604 -0.31407928 25.697683 0.99380332 0.20436378 0.12844005 
7.1999998 25.370768 -0.31648254 25.68725 0.99381298 0.20426692 0.12811939 
7.21 25.357853 -0.31885624 25.676708 0.99382246 0.20417027 0.12779954 
7.2199998 25.344862 -0.32116318 25.666025 0.99383187 0.2040738 0.12748049 
7.23 25.331797 -0.323452 25.655249 0.99384111 0.20397754 0.12716223 
7.2399998 25.31867 -0.32566738 25.644337 0.99385029 0.20388146 0.12684478 
7.25 25.305454 -0.32785416 25.633308 0.99385935 0.20378557 0.1265281 
7.2600002 25.292133 -0.33001328 25.622147 0.99386829 0.20368987 0.12621222 
7.27 25.278761 -0.33211994 25.610882 0.99387711 0.20359436 0.12589714 
7.2800002 25.265316 -0.33415604 25.599472 0.99388582 0.20349903 0.12558283 
7.29 25.251755 -0.33619595 25.587952 0.9938944 0.20340391 0.12526932 
7.3000002 25.238157 -0.33815479 25.576313 0.99390286 0.20330897 0.12495659 
7.3099999 25.224474 -0.34006882 25.564543 0.99391127 0.2032142 0.12464463 
7.3200002 25.210684 -0.341959 25.552643 0.99391949 0.20311964 0.12433346 
7.3299999 25.196878 -0.34377384 25.540653 0.99392766 0.20302525 0.12402306 
7.3400002 25.182945 -0.34555054 25.528496 0.9939357 0.20293105 0.12371344 
7.3499999 25.168962 -0.34728432 25.516247 0.99394363 0.20283704 0.12340459 
7.3600001 25.154907 -0.34897137 25.50388 0.99395144 0.20274322 0.12309652 
7.3699999 25.140759 -0.35060024 25.49136 0.99395913 0.20264956 0.12278921 
7.3800001 25.126545 -0.35219097 25.478737 0.99396676 0.2025561 0.12248267 
7.3899999 25.112249 -0.35373974 25.465988 0.99397427 0.20246282 0.12217689 
7.4000001 25.097914 -0.35520744 25.453121 0.9939816 0.20236972 0.12187189 
7.4099998 25.083475 -0.35664368 25.440119 0.99398893 0.20227681 0.12156764 
7.4200001 25.068983 -0.35802841 25.427011 0.99399608 0.20218408 0.12126415 
7.4299998 25.054409 -0.35937309 25.413782 0.99400312 0.20209152 0.12096142 
7.4400001 25.039753 -0.36064529 25.400398 0.99401009 0.20199914 0.12065945 
7.4499998 25.025042 -0.36188126 25.386923 0.99401695 0.20190695 0.12035822 
7.46 25.010258 -0.36305428 25.373312 0.99402368 0.20181493 0.12005775 
7.4699998 24.995388 -0.36418533 25.359573 0.9940303 0.2017231 0.11975804 
7.48 24.980459 -0.36525726 25.345716 0.99403685 0.20163144 0.11945907 
7.4899998 24.965458 -0.36627293 25.33173 0.99404329 0.20153996 0.11916085 
7.5 24.950392 -0.36724091 25.317633 0.99404961 0.20144865 0.11886337 
7.5100002 24.935249 -0.36815166 25.303402 0.99405581 0.20135753 0.11856664 
7.52 24.920015 -0.36902332 25.28904 0.99406189 0.20126657 0.11827064 
7.5300002 24.904764 -0.36980438 25.274569 0.99406791 0.20117579 0.11797539 
7.54 24.889391 -0.37057018 25.25996 0.99407381 0.20108519 0.11768088 
7.5500002 24.873987 -0.37125111 25.245239 0.99407965 0.20099476 0.11738709 
7.5599999 24.858532 -0.37187195 25.230404 0.99408531 0.2009045 0.11709405 
7.5700002 24.842972 -0.37244987 25.215422 0.99409091 0.20081443 0.11680174 
7.5799999 24.827343 -0.37298393 25.200327 0.9940964 0.20072451 0.11651015 
7.5900002 24.811678 -0.37342644 25.185104 0.99410182 0.20063478 0.1162193 
7.5999999 24.795935 -0.3738327 25.169767 0.99410707 0.20054522 0.11592916 
7.6100001 24.780117 -0.37417603 25.154293 0.99411225 0.20045583 0.11563976 
7.6199999 24.764229 -0.37446499 25.138695 0.99411738 0.2003666 0.11535108 
7.6300001 24.748287 -0.37469101 25.122978 0.99412233 0.20027755 0.11506312 
7.6399999 24.732281 -0.37485886 25.10714 0.99412721 0.20018867 0.11477587 
7.6500001 24.716219 -0.37496281 25.091183 0.99413204 0.20009995 0.11448935 
7.6599998 24.700068 -0.37502098 25.075089 0.99413669 0.2000114 0.11420354 
7.6700001 24.683857 -0.37501144 25.058868 0.99414128 0.19992302 0.11391845 
7.6799998 24.667601 -0.37492943 25.04253 0.99414575 0.19983482 0.11363406 
7.6900001 24.651278 -0.37479305 25.02607 0.99415016 0.19974677 0.11335039 
7.6999998 24.634872 -0.37461376 25.009487 0.99415445 0.1996589 0.11306743 
7.71 24.618401 -0.37435341 24.992754 0.99415863 0.19957119 0.11278518 
7.7199998 24.601891 -0.37403584 24.975925 0.99416268 0.19948366 0.11250362 
7.73 24.585308 -0.37365246 24.958961 0.99416667 0.19939628 0.11222278 
7.7399998 24.568672 -0.37320709 24.941879 0.99417061 0.19930907 0.11194263 
7.75 24.551966 -0.37268925 24.924656 0.99417436 0.19922201 0.11166318 
7.7600002 24.535194 -0.37213039 24.907326 0.99417806 0.19913514 0.11138443 
7.77 24.51836 -0.37150002 24.88986 0.99418169 0.19904841 0.11110637 
7.7800002 24.501472 -0.37079144 24.872265 0.99418521 0.19896187 0.11082902 
7.79 24.484533 -0.37001801 24.854551 0.99418861 0.19887547 0.11055236 
7.8000002 24.467545 -0.36918926 24.836735 0.99419188 0.19878924 0.11027638 
7.8099999 24.450459 -0.36829472 24.818752 0.9941951 0.19870317 0.11000109 
7.8200002 24.433334 -0.36733341 24.800667 0.9941982 0.19861726 0.1097265 
7.8299999 24.416164 -0.36630154 24.782467 0.99420124 0.19853151 0.10945258 
7.8400002 24.398903 -0.36521339 24.764116 0.99420416 0.19844593 0.10917936 
7.8499999 24.381601 -0.36405277 24.745655 0.99420702 0.1983605 0.10890681 
7.8600001 24.364223 -0.36283588 24.727058 0.99420971 0.19827524 0.10863495 
7.8699999 24.346796 -0.36154652 24.708344 0.99421239 0.19819012 0.10836376 
7.8800001 24.329348 -0.36016655 24.689514 0.99421489 0.19810519 0.10809325 
7.8899999 24.31181 -0.35874557 24.670555 0.9942174 0.19802038 0.10782342 
7.9000001 24.294203 -0.35725403 24.651457 0.99421972 0.19793576 0.10755426 
7.9099998 24.276564 -0.35568619 24.63225 0.99422199 0.19785129 0.10728578 
7.9200001 24.258879 -0.35403824 24.612917 0.99422413 0.19776696 0.10701796 
7.9299998 24.2411 -0.35234547 24.593445 0.99422622 0.1976828 0.10675082 
7.9400001 24.223288 -0.35057449 24.573862 0.99422824 0.1975988 0.10648434 
7.9499998 24.205416 -0.34872818 24.554144 0.99423009 0.19751495 0.10621852 
7.96 24.187483 -0.3468132 24.534296 0.99423188 0.19743125 0.10595338 
7.9699998 24.169497 -0.34484291 24.514339 0.99423361 0.19734772 0.10568889 
7.98 24.151453 -0.34278107 24.494234 0.99423522 0.19726433 0.10542507 
7.9899998 24.133373 -0.34066582 24.474039 0.99423671 0.19718111 0.1051619 
8 24.115213 -0.33847237 24.453686 0.99423814 0.19709802 0.10489939 
8.0100002 24.097015 -0.33620739 24.433224 0.99423951 0.19701509 0.10463753 
8.0200005 24.078764 -0.33385944 24.412624 0.9942407 0.19693233 0.10437634 
8.0299997 24.06044 -0.33146954 24.391911 0.99424189 0.1968497 0.10411579 
8.04 24.042086 -0.32899094 24.371077 0.99424297 0.19676724 0.10385589 
8.0500002 24.023682 -0.32643318 24.350115 0.99424392 0.19668493 0.10359664 
8.0600004 24.005203 -0.32381248 24.329016 0.99424475 0.19660276 0.10333805 
8.0699997 23.986687 -0.32110405 24.307791 0.99424559 0.19652076 0.10308009 
8.0799999 23.968109 -0.3183403 24.286449 0.99424624 0.19643889 0.10282278 
8.0900002 23.949499 -0.31548882 24.264988 0.99424684 0.19635718 0.10256612 
8.1000004 23.930811 -0.31257915 24.243389 0.99424738 0.19627562 0.10231009 
8.1099997 23.912088 -0.30958176 24.22167 0.99424779 0.1961942 0.10205471 
8.1199999 23.893316 -0.30652332 24.199841 0.99424815 0.19611295 0.10179996 
8.1300001 23.874472 -0.30338383 24.177856 0.99424839 0.19603182 0.10154585 
8.1400003 23.85561 -0.30015659 24.155766 0.99424857 0.19595087 0.10129237 
8.1499996 23.836676 -0.29687881 24.133554 0.99424863 0.19587004 0.10103953 
8.1599998 23.817669 -0.29353333 24.111202 0.99424857 0.19578937 0.10078731 
8.1700001 23.798639 -0.29009438 24.088734 0.99424845 0.19570884 0.10053574 
8.1800003 23.779579 -0.28656769 24.066147 0.99424827 0.19562846 0.10028478 
8.1899996 23.760458 -0.28297615 24.043434 0.99424797 0.19554824 0.10003445 
8.1999998 23.741247 -0.27932739 24.020575 0.99424762 0.19546816 0.099784754 
8.21 23.722052 -0.27557278 23.997623 0.99424714 0.19538821 0.099535674 
8.2200003 23.702761 -0.27176476 23.974525 0.99424654 0.19530842 0.099287219 
8.2299995 23.683445 -0.26787186 23.951317 0.99424595 0.19522877 0.099039383 
8.2399998 23.664072 -0.26390362 23.927975 0.99424517 0.19514926 0.098792173 
8.25 23.644648 -0.25986576 23.904514 0.9942444 0.19506991 0.098545574 
8.2600002 23.625166 -0.25574875 23.880915 0.99424344 0.19499068 0.098299593 
8.2700005 23.605671 -0.25154495 23.857216 0.99424249 0.19491161 0.098054223 
8.2799997 23.586086 -0.24727345 23.833359 0.99424136 0.19483268 0.097809471 
8.29 23.566481 -0.2429266 23.809406 0.99424022 0.1947539 0.097565331 
8.3000002 23.546829 -0.23849201 23.78532 0.99423897 0.19467525 0.097321793 
8.3100004 23.527128 -0.23398495 23.761112 0.9942376 0.19459674 0.097078875 
8.3199997 23.507387 -0.22940445 23.736792 0.99423617 0.19451839 0.096836552 
8.3299999 23.487585 -0.2247448 23.71233 0.99423468 0.19444016 0.09659484 
8.3400002 23.467737 -0.22001266 23.68775 0.99423307 0.19436207 0.096353732 
8.3500004 23.447859 -0.21517467 23.663033 0.99423134 0.19428414 0.096113227 
8.3599997 23.427914 -0.210289 23.638203 0.99422956 0.19420634 0.095873326 
8.3699999 23.40794 -0.2053175 23.613258 0.99422771 0.19412869 0.095634021 
8.3800001 23.387934 -0.20026588 23.5882 0.99422574 0.19405116 0.095395312 
8.3900003 23.36784 -0.19513893 23.562979 0.99422371 0.19397378 0.095157199 
8.3999996 23.347715 -0.18994617 23.537663 0.99422163 0.19389655 0.094919682 
8.4099998 23.327606 -0.18464088 23.512247 0.99421942 0.19381945 0.094682761 
8.4200001 23.307404 -0.17927456 23.486679 0.9942171 0.19374248 0.094446428 
8.4300003 23.287146 -0.17383766 23.460983 0.99421471 0.19366565 0.094210684 
8.4399996 23.266865 -0.16831589 23.435181 0.99421227 0.19358897 0.093975537 
8.4499998 23.246527 -0.16272163 23.409248 0.99420971 0.19351241 0.09374097 
8.46 23.22616 -0.15703297 23.383194 0.99420708 0.193436 0.093506992 
8.4700003 23.205753 -0.15126324 23.357018 0.99420434 0.19335972 0.093273595 
8.4799995 23.185295 -0.14543343 23.330729 0.99420154 0.19328359 0.093040787 
8.4899998 23.164785 -0.13951302 23.304298 0.99419862 0.19320758 0.09280856 
8.5 23.144236 -0.13351917 23.277756 0.9941957 0.19313172 0.092576906 
8.5100002 23.123646 -0.12744904 23.251095 0.9941926 0.19305597 0.092345841 
8.5200005 23.103029 -0.12128258 23.224312 0.99418944 0.19298038 0.092115343 
8.5299997 23.08235 -0.11505699 23.197407 0.99418622 0.19290492 0.091885425 
8.54 23.061668 -0.10872746 23.170395 0.99418294 0.19282958 0.091656081 
8.5500002 23.040895 -0.10235119 23.143246 0.99417955 0.19275439 0.091427311 
8.5600004 23.020109 -0.095868111 23.115978 0.99417603 0.19267933 0.091199115 
8.5699997 22.999252 -0.089331627 23.088585 0.99417245 0.19260441 0.090971485 
8.5799999 22.978397 -0.082691193 23.061089 0.99416882 0.1925296 0.090744428 
8.5900002 22.95747 -0.075979233 23.033449 0.99416506 0.19245495 0.090517938 
8.6000004 22.936533 -0.069181442 23.005714 0.99416125 0.19238041 0.090292007 
8.6099997 22.915533 -0.062306404 22.97784 0.99415737 0.19230603 0.090066649 
8.6199999 22.89451 -0.055356979 22.949867 0.99415338 0.19223176 0.08984185 
8.6300001 22.873428 -0.04833889 22.921768 0.99414933 0.19215763 0.08961761 
8.6400003 22.852291 -0.041248322 22.893539 0.99414515 0.19208363 0.089393936 
8.6499996 22.831169 -0.034040451 22.86521 0.99414092 0.19200976 0.089170814 
8.6599998 22.809977 -0.026767731 22.836744 0.99413657 0.19193602 0.088948257 
8.6700001 22.788719 -0.01943779 22.808157 0.99413216 0.19186242 0.088726252 
8.6800003 22.767456 -0.012015343 22.779472 0.99412769 0.19178894 0.088504799 
8.6899996 22.74617 -0.0045003891 22.750671 0.9941231 0.19171558 0.088283904 
8.6999998 22.724812 0.0030727386 22.721739 0.99411845 0.19164237 0.08806356 
8.71 22.703413 0.010733604 22.69268 0.99411374 0.19156928 0.087843768 
8.7200003 22.682009 0.01847744 22.663532 0.99410892 0.19149633 0.08762452 
8.7299995 22.660549 0.026296616 22.634253 0.99410397 0.19142349 0.087405823 
8.7399998 22.63905 0.034190178 22.604858 0.99409902 0.19135079 0.08718767 
8.75 22.617504 0.042164803 22.57534 0.99409395 0.19127822 0.086970069 
8.7600002 22.59594 0.050217628 22.545723 0.99408877 0.19120578 0.086753003 
8.7700005 22.574337 0.058362961 22.515974 0.99408352 0.19113345 0.086536482 
8.7799997 22.552668 0.066551208 22.486116 0.99407822 0.19106127 0.086320505 
8.79 22.531004 0.074853897 22.45615 0.99407285 0.19098921 0.086105071 
8.8000002 22.509295 0.083226204 22.426067 0.99406737 0.19091728 0.085890166 
8.8100004 22.48752 0.091650009 22.39587 0.99406177 0.19084547 0.085675806 
8.8199997 22.465736 0.10018349 22.365553 0.99405611 0.19077379 0.085461974 
8.8299999 22.44392 0.10878658 22.335133 0.99405038 0.19070223 0.085248679 
8.8400002 22.422043 0.11745167 22.304592 0.9940446 0.19063081 0.08503592 
8.8500004 22.400137 0.12620354 22.273933 0.9940387 0.19055951 0.08482369 
8.8599997 22.378206 0.13503456 22.243172 0.99403268 0.19048832 0.08461199 
8.8699999 22.356239 0.14393806 22.212301 0.99402666 0.19041727 0.084400818 
8.8800001 22.334223 0.15291309 22.181309 0.99402052 0.19034635 0.084190175 
8.8900003 22.312187 0.16198063 22.150208 0.99401426 0.19027555 0.083980061 
8.8999996 22.290108 0.17111588 22.118992 0.99400795 0.19020487 0.083770469 
8.9099998 22.268002 0.18032551 22.087677 0.99400157 0.19013432 0.083561398 
8.9200001 22.245867 0.18961906 22.056248 0.99399513 0.19006389 0.083352856 
8.9300003 22.22368 0.19897652 22.024704 0.99398857 0.18999359 0.083144829 
8.9399996 22.201462 0.20840549 21.993057 0.9939819 0.18992341 0.08293733 
8.9499998 22.179216 0.21791935 21.961296 0.99397516 0.18985334 0.082730338 
8.96 22.156935 0.22750378 21.929432 0.99396837 0.18978341 0.082523875 
8.9700003 22.134632 0.23716927 21.897463 0.99396151 0.1897136 0.082317919 
8.9799995 22.112299 0.24690723 21.865391 0.99395454 0.1896439 0.082112484 
8.9899998 22.08989 0.25670147 21.833187 0.99394751 0.18957435 0.081907555 
9 22.067492 0.26658726 21.800903 0.99394035 0.18950489 0.081703141 
9.0100002 22.045057 0.27654648 21.768511 0.99393314 0.18943557 0.081499241 
9.0200005 22.022558 0.28656769 21.735991 0.99392587 0.18936637 0.081295848 
9.0299997 22.000053 0.29667664 21.703377 0.99391848 0.18929729 0.081092961 
9.04 21.977501 0.30683708 21.670664 0.99391103 0.18922834 0.080890588 
9.0500002 21.954912 0.31707191 21.63784 0.99390346 0.1891595 0.080688715 
9.0600004 21.932308 0.32739449 21.604914 0.99389583 0.18909079 0.080487348 
9.0699997 21.90967 0.33779049 21.57188 0.99388814 0.18902218 0.08028648 
9.0799999 21.887003 0.34825039 21.538754 0.99388033 0.18895371 0.080086119 
9.0900002 21.864294 0.35877514 21.50552 0.99387246 0.18888536 0.079886258 
9.1000004 21.841558 0.36938286 21.472176 0.99386454 0.18881711 0.079686895 
9.1099997 21.818768 0.38002872 21.43874 0.99385649 0.188749 0.079488032 
9.1199999 21.795975 0.39077091 21.405205 0.99384838 0.18868101 0.079289667 
9.1300001 21.773148 0.40157604 21.371571 0.99384022 0.18861313 0.079091795 
9.1400003 21.750288 0.41244698 21.337841 0.99383193 0.18854538 0.078894421 
9.1499996 21.727369 0.42338562 21.303984 0.99382353 0.18847774 0.078697532 
9.1599998 21.704443 0.43439102 21.270052 0.99381512 0.18841021 0.078501143 
9.1700001 21.681505 0.44548512 21.236019 0.9938066 0.18834281 0.078305244 
9.1800003 21.658487 0.45660114 21.201885 0.99379796 0.18827553 0.078109831 
9.1899996 21.635502 0.46783257 21.167669 0.99378926 0.18820836 0.077914909 
9.1999998 21.61245 0.4791069 21.133343 0.99378049 0.18814132 0.077720471 
9.21 21.589352 0.49044037 21.098911 0.99377167 0.18807438 0.077526525 
9.2200003 21.566229 0.50183487 21.064394 0.99376273 0.18800758 0.077333055 
9.2299995 21.543116 0.51332378 21.029793 0.99375367 0.18794088 0.077140078 
9.2399998 21.519943 0.52484798 20.995094 0.99374461 0.1878743 0.076947577 
9.25 21.496735 0.53644276 20.960293 0.99373537 0.18780784 0.076755561 
9.2600002 21.473505 0.54810524 20.9254 0.99372613 0.18774149 0.076564021 
9.2700005 21.450249 0.55982494 20.890423 0.99371678 0.18767527 0.076372959 
9.2799997 21.426956 0.57161903 20.855337 0.99370736 0.18760915 0.076182373 
9.29 21.403629 0.58345222 20.820177 0.99369782 0.18754315 0.075992271 
9.3000002 21.380299 0.59536171 20.784937 0.99368823 0.18747728 0.075802639 
9.3100004 21.356911 0.6073246 20.749586 0.99367857 0.18741152 0.075613484 
9.3199997 21.333511 0.61935043 20.714161 0.99366879 0.18734586 0.075424798 
9.3299999 21.310087 0.6314373 20.67865 0.9936589 0.18728034 0.075236581 
9.3400002 21.286613 0.6435709 20.643044 0.99364901 0.18721491 0.075048842 
9.3500004 21.263126 0.65577602 20.607349 0.99363899 0.18714961 0.074861564 
9.3599997 21.239595 0.66802311 20.571571 0.99362886 0.18708442 0.074674763 
9.3699999 21.216055 0.68034172 20.535713 0.99361873 0.18701935 0.074488424 
9.3800001 21.192476 0.69270611 20.499771 0.99360842 0.18695439 0.074302547 
9.3900003 21.168871 0.70513344 20.463737 0.9935981 0.18688956 0.074117139 
9.3999996 21.145231 0.71761036 20.42762 0.99358767 0.18682483 0.073932193 
9.4099998 21.121584 0.73015118 20.391434 0.99357712 0.1867602 0.073747709 
9.4200001 21.097887 0.74273586 20.355152 0.99356657 0.18669571 0.073563695 
9.4300003 21.07416 0.75536251 20.318798 0.99355584 0.18663132 0.073380128 
9.4399996 21.050406 0.76804161 20.282364 0.99354511 0.18656704 0.07319703 
9.4499998 21.026648 0.7807951 20.245853 0.99353427 0.18650289 0.073014379 
9.46 21.002888 0.79360008 20.209288 0.9935233 0.18643883 0.07283219 
9.4700003 20.979029 0.80642414 20.172604 0.99351227 0.1863749 0.072650455 
9.4799995 20.955147 0.81930351 20.135843 0.99350119 0.18631108 0.072469175 
9.4899998 20.931274 0.83224583 20.09903 0.99348998 0.18624736 0.072288349 
9.5 20.907385 0.84523773 20.062147 0.99347872 0.18618377 0.072107978 
9.5100002 20.883442 0.85826778 20.025173 0.99346739 0.18612029 0.071928054 
9.5200005 20.85947 0.87134361 19.988127 0.99345595 0.18605691 0.071748577 
9.5299997 20.835482 0.8844595 19.951023 0.99344444 0.18599366 0.071569555 
9.54 20.81147 0.89762974 19.913841 0.99343282 0.18593051 0.071390979 
9.5500002 20.787422 0.91083336 19.876589 0.99342114 0.18586747 0.071212843 
9.5600004 20.763348 0.9240799 19.839268 0.99340934 0.18580455 0.071035154 
9.5699997 20.739243 0.93736744 19.801876 0.99339747 0.18574174 0.070857912 
9.5799999 20.715126 0.95070744 19.76442 0.99338549 0.18567903 0.070681117 
9.5900002 20.69099 0.96409035 19.7269 0.99337351 0.18561645 0.070504755 
9.6000004 20.666813 0.97749615 19.689316 0.99336135 0.18555397 0.070328839 
9.6099997 20.642609 0.99094391 19.651665 0.99334913 0.18549159 0.070153363 
9.6199999 20.618382 1.0044403 19.613941 0.99333686 0.18542935 0.069978327 
9.6300001 20.594103 1.0179472 19.576157 0.99332446 0.1853672 0.069803722 
9.6400003 20.569847 1.0315142 19.538334 0.993312 0.18530516 0.069629557 
9.6499996 20.545538 1.0451069 19.500431 0.99329948 0.18524323 0.069455832 
9.6599998 20.521206 1.0587349 19.462471 0.99328685 0.18518142 0.069282539 
9.6700001 20.496826 1.0723858 19.42444 0.99327409 0.18511972 0.069109678 
9.6800003 20.472454 1.0860863 19.386368 0.99326128 0.18505813 0.068937242 
9.6899996 20.448046 1.0998058 19.34824 0.9932484 0.18499663 0.068765245 
9.6999998 20.423605 1.1135502 19.310055 0.99323541 0.18493527 0.068593681 
9.71 20.399153 1.1273317 19.27182 0.99322236 0.184874 0.068422541 
9.7200003 20.374674 1.1411486 19.233524 0.99320918 0.18481284 0.068251826 
9.7299995 20.350155 1.1549768 19.195179 0.99319595 0.18475181 0.068081543 
9.7399998 20.325624 1.1688452 19.15678 0.9931826 0.18469086 0.067911685 
9.75 20.301064 1.1827259 19.118338 0.99316919 0.18463004 0.067742243 
9.7600002 20.276459 1.1966238 19.079834 0.99315566 0.18456933 0.067573234 
9.7700005 20.251867 1.2105656 19.041302 0.99314207 0.18450873 0.067404643 
9.7799997 20.227228 1.2245216 19.002707 0.99312836 0.18444823 0.067236476 
9.79 20.20257 1.2384901 18.964081 0.99311459 0.18438783 0.067068733 
9.8000002 20.177876 1.2524767 18.9254 0.9931007 0.18432756 0.066901401 
9.8100004 20.153191 1.2665024 18.886688 0.99308676 0.18426737 0.066734493 
9.8199997 20.128443 1.2805166 18.847927 0.99307275 0.18420732 0.066568002 
9.8299999 20.103674 1.2945585 18.809116 0.99305862 0.18414736 0.066401921 
9.8400002 20.078886 1.3086128 18.770273 0.99304438 0.18408751 0.066236265 
9.8500004 20.054077 1.3226852 18.731392 0.99303007 0.18402778 0.066071019 
9.8599997 20.029243 1.3367729 18.692471 0.99301565 0.18396814 0.065906182 
9.8699999 20.004381 1.3508625 18.653519 0.99300116 0.18390863 0.065741763 
9.8800001 19.979485 1.3649578 18.614527 0.99298656 0.18384922 0.065577753 
9.8900003 19.954582 1.3790751 18.575508 0.9929719 0.18378991 0.065414146 
9.8999996 19.929663 1.3932028 18.536461 0.99295712 0.18373071 0.065250956 
9.9099998 19.904682 1.4073143 18.497368 0.99294227 0.18367162 0.065088175 
9.9200001 19.879715 1.4214516 18.458263 0.99292731 0.18361264 0.064925797 
9.9300003 19.854715 1.4355888 18.419127 0.99291229 0.18355377 0.064763829 
9.9399996 19.829687 1.4497271 18.379959 0.99289715 0.183495 0.064602256 
9.9499998 19.804615 1.4638586 18.340755 0.99288189 0.18343633 0.0644411 
9.96 19.779566 1.4780169 18.301548 0.99286658 0.18337779 0.064280339 
9.9700003 19.754427 1.4921236 18.262302 0.9928512 0.18331935 0.06411998 
9.9799995 19.72933 1.506279 18.223051 0.99283564 0.18326101 0.063960023 
9.9899998 19.704155 1.5203972 18.183758 0.99282008 0.18320277 0.063800469 
10 19.678997 1.5345335 18.144463 0.99280435 0.18314466 0.06364131 
10.01 19.653786 1.5486393 18.105146 0.99278855 0.18308663 0.063482553 
10.02 19.628563 1.562747 18.065815 0.9927727 0.18302873 0.063324191 
10.03 19.603323 1.5768604 18.026463 0.99275672 0.18297093 0.063166223 
10.04 19.578058 1.5909538 17.987104 0.99274063 0.18291323 0.063008651 
10.05 19.552769 1.6050396 17.947729 0.99272448 0.18285565 0.062851474 
10.06 19.527428 1.6190825 17.908344 0.99270821 0.18279816 0.062694691 
10.07 19.502085 1.6331367 17.868948 0.99269181 0.18274079 0.062538296 
10.08 19.476725 1.6471691 17.829556 0.99267536 0.18268353 0.062382292 
10.09 19.451313 1.6611757 17.790138 0.99265885 0.18262637 0.062226683 
10.1 19.425922 1.6751842 17.750738 0.99264216 0.18256931 0.062071458 
10.11 19.40048 1.6891623 17.711319 0.99262542 0.18251237 0.061916623 
10.12 19.375008 1.703105 17.671902 0.99260861 0.18245552 0.061762176 
10.13 19.349554 1.7170506 17.632504 0.99259162 0.1823988 0.061608117 
10.14 19.324018 1.7309341 17.593084 0.99257457 0.18234217 0.061454441 
10.15 19.298475 1.7448173 17.553658 0.99255747 0.18228565 0.061301149 
10.16 19.272938 1.7586675 17.514271 0.99254018 0.18222924 0.061148241 
10.17 19.247372 1.7724991 17.474873 0.9925229 0.18217292 0.060995713 
10.18 19.221743 1.786274 17.435469 0.99250543 0.18211673 0.060843568 
10.19 19.196123 1.8000326 17.396091 0.99248791 0.18206064 0.060691807 
10.2 19.170471 1.8137541 17.356716 0.99247026 0.18200465 0.060540423 
10.21 19.144794 1.8274326 17.317362 0.9924525 0.18194877 0.060389414 
10.22 19.119093 1.841084 17.278009 0.99243468 0.18189299 0.060238786 
10.23 19.093361 1.8546839 17.238678 0.99241668 0.18183732 0.060088534 
10.24 19.067591 1.868237 17.199354 0.99239868 0.18178177 0.059938658 
10.25 19.041853 1.8817701 17.160084 0.9923805 0.18172631 0.059789158 
10.26 19.01606 1.8952584 17.120802 0.99236226 0.18167096 0.059640031 
10.27 18.990231 1.9086819 17.081549 0.9923439 0.18161571 0.059491277 
10.28 18.964388 1.9220667 17.04232 0.99232543 0.18156058 0.059342895 
10.29 18.938522 1.9354086 17.003113 0.99230683 0.18150555 0.059194881 
10.3 18.912645 1.9487009 16.963943 0.99228817 0.18145062 0.059047241 
10.31 18.886703 1.9619255 16.924778 0.9922694 0.18139581 0.058899969 
10.32 18.860802 1.9751167 16.885685 0.9922505 0.1813411 0.058753066 
10.33 18.834816 1.9882278 16.846588 0.99223149 0.1812865 0.058606531 
10.34 18.808826 2.0012913 16.807535 0.99221241 0.18123199 0.058460359 
10.35 18.782827 2.0143023 16.768524 0.99219322 0.1811776 0.058314554 
10.36 18.75679 2.0272498 16.72954 0.99217385 0.18112332 0.058169115 
10.37 18.73074 2.0401306 16.690609 0.99215448 0.18106914 0.058024041 
10.38 18.704638 2.0529399 16.651697 0.99213493 0.18101507 0.057879329 
10.39 18.678537 2.0656948 16.612843 0.99211526 0.1809611 0.057734977 
10.4 18.652409 2.0783763 16.574032 0.99209553 0.18090725 0.057590988 
10.41 18.626245 2.0909863 16.535259 0.99207562 0.1808535 0.057447359 
10.42 18.600058 2.1035185 16.49654 0.99205565 0.18079984 0.057304088 
10.43 18.573854 2.1159902 16.457865 0.99203557 0.18074632 0.057161175 
10.44 18.547649 2.1283855 16.419264 0.99201536 0.18069288 0.057018619 
10.45 18.521338 2.1406689 16.380669 0.99199504 0.18063955 0.056876421 
10.46 18.495104 2.1529241 16.34218 0.99197459 0.18058634 0.056734581 
10.47 18.468794 2.1650758 16.303719 0.99195409 0.18053323 0.056593094 
10.48 18.442457 2.1771407 16.265316 0.99193341 0.18048023 0.056451961 
10.49 18.416119 2.1891346 16.226984 0.9919126 0.18042733 0.056311179 
10.5 18.389723 2.2010207 16.188702 0.99189174 0.18037453 0.05617075 
10.51 18.363327 2.2128339 16.150494 0.9918707 0.18032184 0.056030672 
10.52 18.336893 2.2245488 16.112345 0.9918496 0.18026927 0.055890948 
10.53 18.310463 2.2361875 16.074276 0.99182832 0.1802168 0.05575157 
10.54 18.283966 2.2476993 16.036266 0.99180698 0.18016444 0.055612542 
10.55 18.257441 2.259129 15.998312 0.99178547 0.1801122 0.05547386 
10.56 18.23093 2.2704711 15.960459 0.99176389 0.18006004 0.055335529 
10.57 18.20438 2.2817116 15.922668 0.99174213 0.18000801 0.055197541 
10.58 18.177786 2.2928348 15.884951 0.99172032 0.17995608 0.055059899 
10.59 18.151201 2.303874 15.847327 0.99169832 0.17990425 0.054922599 
10.6 18.124573 2.3147988 15.809774 0.99167621 0.17985255 0.054785646 
10.61 18.097902 2.3256078 15.772295 0.99165398 0.17980094 0.054649033 
10.62 18.071213 2.3363104 15.734902 0.99163163 0.17974944 0.054512765 
10.63 18.044523 2.3469124 15.697611 0.99160916 0.17969805 0.054376837 
10.64 18.017784 2.3573866 15.660398 0.99158657 0.17964676 0.054241247 
10.65 17.990995 2.3677354 15.62326 0.9915638 0.17959559 0.054105997 
10.66 17.964218 2.3779793 15.586239 0.99154097 0.17954454 0.053971086 
10.67 17.937403 2.3881035 15.549299 0.99151796 0.17949358 0.053836513 
10.68 17.910578 2.3981113 15.512466 0.99149483 0.17944273 0.053702276 
10.69 17.883688 2.4079704 15.475718 0.99147159 0.179392 0.053568374 
10.7 17.856792 2.4177175 15.439075 0.99144822 0.17934136 0.053434808 
10.71 17.829863 2.4273381 15.402525 0.99142468 0.17929085 0.053301577 
10.72 17.802919 2.4368324 15.366087 0.99140102 0.17924044 0.053168681 
10.73 17.775946 2.4461861 15.32976 0.99137723 0.17919014 0.053036116 
10.74 17.748924 2.4554014 15.293523 0.99135333 0.17913994 0.052903879 
10.75 17.721899 2.4644818 15.257418 0.99132925 0.17908987 0.052771978 
10.76 17.694857 2.4734402 15.221416 0.99130505 0.1790399 0.052640405 
10.77 17.667744 2.4822326 15.185511 0.99128067 0.17899004 0.052509163 
10.78 17.640617 2.4908872 15.149731 0.99125624 0.1789403 0.052378248 
10.79 17.61348 2.4994082 15.114071 0.99123156 0.17889066 0.052247658 
10.8 17.586296 2.507771 15.078526 0.99120682 0.17884113 0.0521174 
10.81 17.559114 2.5159941 15.04312 0.99118191 0.17879172 0.051987465 
10.82 17.531866 2.524055 15.007811 0.99115688 0.17874241 0.051857855 
10.83 17.504601 2.53196 14.972641 0.99113166 0.17869322 0.051728573 
10.84 17.477293 2.5397067 14.937586 0.99110627 0.17864414 0.051599611 
10.85 17.44997 2.5473022 14.902668 0.99108082 0.17859516 0.051470973 
10.86 17.422617 2.5547366 14.86788 0.99105513 0.17854631 0.051342655 
10.87 17.395222 2.5620041 14.833218 0.99102932 0.17849757 0.051214661 
10.88 17.367823 2.5691195 14.798703 0.99100339 0.17844893 0.051086988 
10.89 17.340372 2.5760589 14.764313 0.99097729 0.17840041 0.050959632 
10.9 17.312883 2.5828218 14.730062 0.990951 0.178352 0.050832596 
10.91 17.285378 2.5894246 14.695953 0.9909246 0.1783037 0.05070588 
10.92 17.257809 2.5958333 14.661976 0.99089801 0.17825553 0.050579477 
10.93 17.230251 2.6020904 14.62816 0.99087131 0.17820747 0.050453395 
10.94 17.20266 2.6081629 14.594497 0.99084443 0.17815952 0.050327625 
10.95 17.174995 2.6140447 14.560951 0.99081737 0.17811167 0.050202172 
10.96 17.147333 2.6197538 14.527579 0.99079013 0.17806396 0.050077032 
10.97 17.119616 2.6252689 14.494347 0.99076271 0.17801635 0.049952209 
10.98 17.091883 2.6306119 14.461271 0.99073517 0.17796886 0.049827695 
10.99 17.064098 2.635747 14.428351 0.99070746 0.17792147 0.049703494 
11 17.036282 2.6407046 14.395576 0.99067956 0.17787422 0.049579602 
11.01 17.008438 2.6454582 14.36298 0.99065149 0.17782708 0.049456023 
11.02 16.98057 2.6500306 14.33054 0.99062324 0.17778005 0.049332753 
11.03 16.952644 2.6543922 14.298252 0.99059486 0.17773314 0.049209788 
11.04 16.924679 2.6585522 14.266127 0.99056625 0.17768635 0.049087137 
11.05 16.896683 2.6625075 14.234175 0.99053746 0.17763966 0.048964787 
11.06 16.868652 2.6662645 14.202388 0.99050856 0.17759311 0.04884275 
11.07 16.840578 2.6698074 14.170771 0.99047941 0.17754667 0.048721015 
11.08 16.812468 2.673151 14.139317 0.99045008 0.17750035 0.048599586 
11.09 16.784296 2.6762648 14.108031 0.99042058 0.17745414 0.048478458 
11.1 16.756117 2.6791778 14.076939 0.9903909 0.17740807 0.048357636 
11.11 16.727905 2.6818852 14.046021 0.99036103 0.1773621 0.048237119 
11.12 16.699646 2.6843591 14.015287 0.99033093 0.17731626 0.0481169 
11.13 16.671329 2.6866121 13.984717 0.99030066 0.17727055 0.047996987 
11.14 16.642979 2.6886544 13.954325 0.9902702 0.17722493 0.047877371 
11.15 16.61458 2.6904535 13.924127 0.99023956 0.17717946 0.047758054 
11.16 16.586149 2.6920376 13.894112 0.99020869 0.17713411 0.047639038 
11.17 16.557627 2.6933665 13.86426 0.99017763 0.17708887 0.047520321 
11.18 16.529129 2.6944952 13.834634 0.99014634 0.17704377 0.047401898 
11.19 16.500561 2.695384 13.805177 0.99011487 0.17699878 0.047283772 
11.2 16.471918 2.6960177 13.7759 0.99008322 0.17695391 0.047165945 
11.21 16.443264 2.6964335 13.74683 0.99005127 0.17690918 0.047048412 
11.22 16.414536 2.6965895 13.717946 0.99001914 0.17686456 0.046931174 
11.23 16.38578 2.696507 13.689274 0.98998684 0.17682007 0.046814229 
11.24 16.356966 2.6961923 13.660774 0.98995429 0.17677571 0.046697579 
11.25 16.328089 2.695612 13.632477 0.98992151 0.17673147 0.04658122 
11.26 16.299171 2.694787 13.604384 0.98988849 0.17668736 0.046465155 
11.27 16.270212 2.6937184 13.576494 0.98985523 0.17664339 0.04634938 
11.28 16.241186 2.6923852 13.548801 0.98982179 0.17659953 0.046233892 
11.29 16.212112 2.6907949 13.521317 0.98978806 0.17655581 0.046118699 
11.3 16.182976 2.6889434 13.494032 0.98975414 0.17651223 0.046003792 
11.31 16.15378 2.6868339 13.466946 0.98971993 0.17646876 0.045889173 
11.32 16.124544 2.6844635 13.440081 0.98968554 0.17642543 0.04577484 
11.33 16.09523 2.6818233 13.413406 0.98965085 0.17638223 0.045660798 
11.34 16.065868 2.6789112 13.386957 0.98961592 0.17633916 0.045547038 
11.35 16.036442 2.6757369 13.360704 0.98958075 0.17629622 0.045433566 
11.36 16.006948 2.6722856 13.334663 0.98954529 0.17625342 0.045320377 
11.37 15.977387 2.6685529 13.308834 0.98950958 0.17621076 0.045207471 
11.38 15.947784 2.6645579 13.283226 0.98947358 0.17616823 0.045094851 
11.39 15.918109 2.6602774 13.257832 0.98943734 0.17612584 0.044982512 
11.4 15.888352 2.655704 13.232649 0.98940086 0.17608358 0.044870455 
11.41 15.858541 2.6508617 13.207679 0.98936409 0.17604145 0.044758681 
11.42 15.828634 2.6457191 13.182915 0.98932701 0.17599948 0.044647187 
11.43 15.798676 2.6402941 13.158381 0.98928964 0.17595764 0.044535972 
11.44 15.76864 2.6345844 13.134055 0.98925197 0.17591593 0.044425037 
11.45 15.738544 2.6285806 13.109962 0.989214 0.17587437 0.044314377 
11.46 15.70834 2.6222677 13.086072 0.9891758 0.17583296 0.044204 
11.47 15.678104 2.6156836 13.062421 0.98913723 0.17579168 0.044093896 
11.48 15.647754 2.6087794 13.038975 0.98909837 0.17575055 0.04398407 
11.49 15.617343 2.6015968 13.015746 0.98905921 0.17570956 0.043874521 
11.5 15.586843 2.5940919 12.992752 0.98901969 0.17566873 0.043765247 
11.51 15.556243 2.5862823 12.969961 0.98897988 0.17562804 0.043656249 
11.52 15.525578 2.5781813 12.947397 0.9889397 0.17558749 0.043547522 
11.53 15.494827 2.5697589 12.925068 0.98889923 0.17554709 0.043439068 
11.54 15.46397 2.5610247 12.902946 0.9888584 0.17550685 0.043330889 
11.55 15.433037 2.5519743 12.881063 0.98881721 0.17546676 0.043222979 
11.56 15.40202 2.5426283 12.859391 0.98877567 0.17542683 0.04311534 
11.57 15.370899 2.5329537 12.837946 0.98873383 0.17538704 0.043007974 
11.58 15.339681 2.5229692 12.816711 0.98869157 0.1753474 0.042900879 
11.59 15.308373 2.5126548 12.795719 0.98864889 0.17530793 0.042794053 
11.6 15.276957 2.5020275 12.774929 0.98860592 0.17526862 0.042687491 
11.61 15.245447 2.4910641 12.754383 0.98856252 0.17522946 0.042581201 
11.62 15.213852 2.4797969 12.734055 0.98851871 0.17519046 0.042475179 
11.63 15.182142 2.468194 12.713948 0.98847449 0.17515163 0.042369422 
11.64 15.150324 2.4562626 12.694061 0.9884299 0.17511296 0.042263929 
11.65 15.118426 2.4440184 12.674408 0.98838484 0.17507446 0.042158704 
11.66 15.086414 2.431426 12.654988 0.98833942 0.17503613 0.042053744 
11.67 15.054285 2.4185123 12.635773 0.98829353 0.17499796 0.041949049 
11.68 15.022052 2.4052649 12.616787 0.98824716 0.17495996 0.041844618 
11.69 14.989717 2.3916907 12.598026 0.98820037 0.17492214 0.041740447 
11.7 14.957261 2.3777747 12.579487 0.9881531 0.17488448 0.041636541 
11.71 14.924709 2.3635383 12.561171 0.98810542 0.17484701 0.041532896 
11.72 14.892056 2.3489618 12.543094 0.9880572 0.17480971 0.041429512 
11.73 14.859288 2.3340559 12.525232 0.9880085 0.17477259 0.041326389 
11.74 14.826399 2.318809 12.507589 0.98795927 0.17473565 0.041223522 
11.75 14.793401 2.3032303 12.49017 0.98790956 0.1746989 0.04112092 
11.76 14.760308 2.2873201 12.472988 0.98785925 0.17466234 0.041018575 
11.77 14.727104 2.2710781 12.456026 0.98780847 0.17462595 0.040916488 
11.78 14.693799 2.2545004 12.439299 0.98775709 0.17458977 0.040814657 
11.79 14.660366 2.2375879 12.422778 0.98770517 0.17455377 0.040713087 
11.8 14.626871 2.2203612 12.406509 0.98765266 0.17451796 0.04061177 
11.81 14.593258 2.2028031 12.390455 0.98759955 0.17448236 0.04051071 
11.82 14.559524 2.1849093 12.374615 0.98754585 0.17444696 0.040409904 
11.83 14.525715 2.1666856 12.35903 0.98749149 0.17441176 0.040309355 
11.84 14.49182 2.1481433 12.343678 0.98743653 0.17437676 0.040209059 
11.85 14.457829 2.1292863 12.328543 0.98738086 0.17434196 0.040109016 
11.86 14.423749 2.110095 12.313654 0.98732454 0.17430739 0.040009227 
11.87 14.38959 2.0905991 12.298991 0.98726755 0.17427303 0.039909691 
11.88 14.355346 2.0707874 12.284558 0.9872098 0.17423889 0.039810404 
11.89 14.321049 2.0506706 12.270378 0.98715132 0.17420496 0.039711371 
11.9 14.28669 2.0302534 12.256436 0.98709214 0.17417127 0.039612588 
11.91 14.252235 2.0095119 12.242723 0.98703212 0.17413779 0.039514057 
11.92 14.217779 1.9885082 12.229271 0.98697132 0.17410456 0.039415773 
11.93 14.183219 1.967175 12.216043 0.98690969 0.17407155 0.039317742 
11.94 14.148643 1.94557 12.203073 0.98684722 0.17403878 0.039219957 
11.95 14.114013 1.9236722 12.19034 0.98678386 0.17400627 0.039122421 
11.96 14.079374 1.901505 12.17787 0.98671955 0.17397399 0.039025132 
11.97 14.044707 1.8790526 12.165655 0.9866544 0.17394198 0.038928092 
11.98 14.01005 1.8563485 12.153702 0.98658824 0.17391022 0.038831297 
11.99 13.975361 1.8333797 12.141981 0.98652107 0.17387873 0.038734749 
12 13.940692 1.8101478 12.130545 0.98645288 0.1738475 0.038638446 
12.01 13.906013 1.7866621 12.119351 0.98638362 0.17381653 0.03854239 
12.02 13.871346 1.7629228 12.108423 0.98631322 0.17378587 0.038446579 
12.03 13.836729 1.7389646 12.097765 0.9862417 0.17375547 0.038351014 
12.04 13.802143 1.7147741 12.087369 0.98616904 0.17372537 0.038255692 
12.05 13.767581 1.6903448 12.077236 0.98609507 0.17369555 0.038160611 
12.06 13.733081 1.6656971 12.067384 0.98601985 0.17366606 0.038065776 
12.07 13.698624 1.640831 12.057793 0.98594332 0.17363687 0.037971184 
12.08 13.66423 1.6157646 12.048466 0.98586541 0.17360799 0.037876833 
12.09 13.629895 1.5904918 12.039404 0.98578602 0.17357944 0.037782725 
12.1 13.595626 1.565011 12.030615 0.98570514 0.17355123 0.037688859 
12.11 13.561391 1.5393291 12.022062 0.9856227 0.17352337 0.037595235 
12.12 13.527287 1.5134716 12.013815 0.9855386 0.17349584 0.037501853 
12.13 13.493209 1.4874153 12.005794 0.98545283 0.17346869 0.03740871 
12.14 13.459224 1.461184 11.998039 0.98536527 0.17344192 0.037315808 
12.15 13.425312 1.4347701 11.990541 0.9852758 0.17341551 0.037223145 
12.16 13.391499 1.4081974 11.983301 0.98518437 0.17338951 0.037130728 
12.17 13.357751 1.3814454 11.976305 0.98509085 0.17336391 0.037038546 
12.18 13.324091 1.3545337 11.969557 0.98499519 0.17333874 0.036946606 
12.19 13.290534 1.3274798 11.963055 0.98489726 0.17331399 0.036854908 
12.2 13.257056 1.3002629 11.956793 0.98479688 0.17328969 0.036763445 
12.21 13.223656 1.2728934 11.950762 0.98469394 0.17326586 0.036672227 
12.22 13.190352 1.2453833 11.944969 0.98458833 0.17324249 0.036581244 
12.23 13.157159 1.2177501 11.939409 0.98447984 0.17321964 0.036490504 
12.24 13.124061 1.18999 11.934071 0.98436838 0.1731973 0.036400005 
12.25 13.091053 1.1620984 11.928955 0.98425364 0.1731755 0.036309745 
12.26 13.058165 1.1340952 11.924069 0.98413551 0.17315425 0.036219727 
12.27 13.025332 1.1059647 11.919368 0.98401368 0.17313358 0.036129948 
12.28 12.992625 1.0777326 11.914892 0.98388797 0.17311352 0.036040414 
12.29 12.960026 1.049396 11.910629 0.98375803 0.17309411 0.035951119 
12.3 12.927498 1.0209556 11.906542 0.98362356 0.17307535 0.03586207 
12.31 12.895071 0.99241495 11.902657 0.98348421 0.17305729 0.035773266 
12.32 12.862743 0.96379519 11.898949 0.98333961 0.17303997 0.035684705 
12.33 12.830493 0.93507528 11.895418 0.98318928 0.17302342 0.035596389 
12.34 12.798354 0.90628815 11.892066 0.9830327 0.1730077 0.035508327 
12.35 12.766299 0.87741947 11.88888 0.98286939 0.17299283 0.035420511 
12.36 12.734343 0.84848356 11.885859 0.98269862 0.17297888 0.035332948 
12.37 12.702463 0.81947994 11.882983 0.98251963 0.1729659 0.035245642 
12.38 12.670683 0.79042053 11.880262 0.98233157 0.17295398 0.035158593 
12.39 12.638995 0.76130533 11.877689 0.98213339 0.17294316 0.035071809 
12.4 12.60738 0.73213768 11.875242 0.981924 0.17293353 0.034985293 
12.41 12.575866 0.70293283 11.872932 0.98170197 0.1729252 0.034899045 
12.42 12.544437 0.67368841 11.870749 0.98146558 0.17291827 0.03481308 
12.43 12.513113 0.64441776 11.868695 0.98121285 0.17291287 0.034727402 
12.44 12.481875 0.61511898 11.866756 0.98094141 0.17290913 0.034642026 
12.45 12.450717 0.58578587 11.864931 0.98064822 0.1729072 0.034556955 
12.46 12.41967 0.55646038 11.86321 0.98032957 0.17290732 0.034472216 
12.47 12.388735 0.52711582 11.861619 0.97998089 0.17290968 0.034387823 
12.48 12.357869 0.49774742 11.860122 0.97959608 0.17291458 0.034303803 
12.49 12.327114 0.46838284 11.858731 0.9791674 0.17292234 0.034220193 
12.5 12.296455 0.43901443 11.857441 0.97868443 0.1729334 0.03413704 
12.51 12.265916 0.40966225 11.856254 0.97813314 0.17294827 0.03405441 
12.52 12.235473 0.38030577 11.855167 0.97749376 0.17296761 0.033972386 
12.53 12.205138 0.35096169 11.854177 0.97673804 0.1729923 0.033891112 
12.54 12.174904 0.32162333 11.853281 0.97582376 0.17302351 0.033810779 
12.55 12.144788 0.29231167 11.852476 0.97468561 0.17306282 0.03373171 
12.56 12.114792 0.26302195 11.85177 0.97321755 0.17311244 0.033654422 
12.57 12.084877 0.23372746 11.85115 0.97123832 0.17317566 0.033579856 
12.58 12.055086 0.20446634 11.85062 0.96841979 0.17325746 0.033509798 
12.59 12.025394 0.17521906 11.850176 0.96413475 0.17336562 0.03344804 
12.6 11.995805 0.14599276 11.849812 0.95714772 0.17351298 0.033403654 
12.61 11.966299 0.11677599 11.849524 0.94517565 0.17372116 0.033401866 
12.62 11.936881 0.087567806 11.849314 0.92523897 0.17402731 0.033526972 
12.63 11.907533 0.058372498 11.84916 0.89681929 0.17449519 0.034123525 
12.64 11.878263 0.029185295 11.849077 0.86391062 0.1752349 0.036832746 
12.65 11.849042 0 11.849042 0.83047462 0.1764397 0.048123889 
