0 2.9783034e-16 0.1929182 0.62060124 0.83134443 0.18113576 0.05236439 
0.0099999998 9.9356251 0.20728061 0.68571979 0.79882103 0.1831115 0.07893566 
0.02 19.688334 0.2238865 0.74786115 0.76751459 0.18637975 0.11284762 
0.029999999 28.291 0.24241178 0.8036266 0.73742622 0.19155169 0.14700675 
0.039999999 35.084179 0.26233533 0.85079819 0.70851523 0.19909433 0.17999116 
0.050000001 39.904079 0.28307226 0.88872313 0.68073696 0.2090468 0.21164612 
0.059999999 42.987091 0.30409941 0.91804254 0.65404749 0.22097339 0.24199401 
0.07 44.739765 0.32501969 0.94009489 0.62840438 0.234185 0.27108222 
0.079999998 45.554852 0.34556583 0.95638883 0.60376674 0.24800177 0.29896122 
0.090000004 45.731556 0.36557281 0.96829897 0.58009523 0.2618911 0.32568058 
0.1 45.469109 0.38494533 0.97695231 0.55735207 0.27548575 0.35128826 
0.11 44.889519 0.4036313 0.98322052 0.53550088 0.28854942 0.37583029 
0.12 44.063698 0.42160428 0.98775631 0.5145067 0.30093575 0.39935079 
0.13 43.031746 0.43885273 0.99103928 0.49433607 0.31255713 0.42189211 
0.14 41.816513 0.45537388 0.99341828 0.47495669 0.32336491 0.44349471 
0.15000001 40.431889 0.47117025 0.99514544 0.45633766 0.33333746 0.46419728 
0.16 38.887676 0.48624787 0.99640238 0.43844917 0.34247324 0.48403677 
0.17 37.192337 0.5006153 0.99731988 0.42126277 0.3507863 0.5030483 
0.18000001 35.35445 0.51428318 0.99799186 0.40475097 0.35830316 0.52126503 
0.19 33.383434 0.5272637 0.9984858 0.38888752 0.36506024 0.53871828 
0.2 31.289808 0.53957063 0.99885035 0.37364712 0.3711015 0.55543673 
0.20999999 29.085203 0.55121893 0.9991203 0.35900563 0.37647617 0.57144618 
0.22 26.782196 0.56222486 0.99932086 0.34493977 0.3812367 0.58676857 
0.23 24.394077 0.57260561 0.99947 0.33142734 0.38543707 0.60141987 
0.23999999 21.934572 0.58237898 0.99958044 0.31844699 0.38913086 0.615408 
0.25 19.417545 0.59156358 0.99966085 0.30597845 0.39237025 0.62872791 
0.25999999 16.856731 0.60017836 0.999717 0.29400223 0.39520484 0.64135516 
0.27000001 14.265471 0.60824251 0.99975163 0.28249997 0.39768091 0.65323657 
0.28 11.656492 0.61577523 0.99976492 0.27145422 0.39984104 0.66427869 
0.28999999 9.0417204 0.62279576 0.99975383 0.26084861 0.40172383 0.67433763 
0.30000001 6.4321146 0.62932295 0.99971169 0.25066817 0.40336391 0.68321967 
0.31 3.8375359 0.63537532 0.99962658 0.24089937 0.40479192 0.69070727 
0.31999999 1.2666353 0.640971 0.99947965 0.2315307 0.40603486 0.69661999 
0.33000001 -1.2732395 0.6461274 0.99924284 0.22255315 0.40711629 0.7008931 
0.34 -3.7761173 0.6508612 0.99887562 0.21396124 0.40805665 0.70362437 
0.34999999 -6.2374496 0.6551885 0.99832177 0.20575419 0.40887356 0.70504934 
0.36000001 -8.654109 0.65912437 0.99750531 0.19793764 0.40958214 0.70546496 
0.37 -11.024313 0.66268295 0.99632722 0.19052571 0.41019544 0.7051546 
0.38 -13.347439 0.66587746 0.99466234 0.1835434 0.41072455 0.70434767 
0.38999999 -15.62372 0.66872007 0.99235779 0.17702846 0.41117907 0.70321172 
0.40000001 -17.853836 0.67122197 0.98923403 0.17103212 0.41156724 0.70186216 
0.41 -20.038528 0.67339355 0.98508841 0.16561612 0.41189629 0.70037544 
0.41999999 -22.178461 0.67524427 0.97970206 0.16084504 0.4121725 0.69880134 
0.43000001 -24.274612 0.67678314 0.97284985 0.15677269 0.41240153 0.69717205 
0.44 -26.329384 0.67801833 0.96431136 0.15342653 0.41258839 0.69550818 
0.44999999 -28.348213 0.67895716 0.95387924 0.15079647 0.41273758 0.69382316 
0.46000001 -30.341133 0.67960584 0.94136298 0.1488343 0.41285312 0.69212556 
0.47 -32.323578 0.67996866 0.92658514 0.14746396 0.41293851 0.69042093 
0.47999999 -34.316162 0.68004721 0.90937203 0.14659686 0.4129968 0.68871295 
0.49000001 -36.343544 0.67984027 0.88954246 0.14614585 0.41303051 0.68700403 
0.5 -38.43285 0.67934328 0.86689872 0.14603417 0.41304186 0.68529582 
0.50999999 -40.611904 0.67854846 0.84122342 0.14620005 0.41303262 0.6835894 
0.51999998 -42.907345 0.67744535 0.81228811 0.14659794 0.41300431 0.6818856 
0.52999997 -45.342484 0.67602199 0.77987546 0.1471986 0.41295806 0.6801849 
0.54000002 -47.934662 0.67426598 0.74382192 0.14798845 0.41289464 0.67848772 
0.55000001 -50.692017 0.67216635 0.70408225 0.14896914 0.41281426 0.67679429 
0.56 -53.609779 0.66971523 0.66081059 0.15015687 0.41271654 0.6751048 
0.56999999 -56.666992 0.66690868 0.61443681 0.15158178 0.41260028 0.67341936 
0.57999998 -59.82505 0.66374665 0.56569773 0.15328671 0.41246343 0.67173803 
0.58999997 -63.029617 0.66023189 0.51559013 0.15532523 0.41230318 0.67006087 
0.60000002 -66.216347 0.65636873 0.46525016 0.15775827 0.41211605 0.66838783 
0.61000001 -69.319084 0.65216303 0.41580731 0.16064948 0.41189831 0.66671896 
0.62 -72.278107 0.64762276 0.36826429 0.16405973 0.41164637 0.66505426 
0.63 -75.046165 0.64275968 0.32342526 0.16804118 0.41135702 0.66339368 
0.63999999 -77.591499 0.63758987 0.28186795 0.17263226 0.41102788 0.66173726 
0.64999998 -79.897827 0.6321345 0.24394706 0.17785425 0.41065755 0.66008502 
0.66000003 -81.962357 0.62641853 0.20981772 0.18370999 0.41024566 0.65843683 
0.67000002 -83.792671 0.62047005 0.17946997 0.19018464 0.40979281 0.65679282 
0.68000001 -85.403427 0.61431867 0.1527676 0.19724819 0.40930045 0.65515292 
0.69 -86.813431 0.60799402 0.12948614 0.20485882 0.40877059 0.65351707 
0.69999999 -88.043251 0.60152495 0.10934637 0.21296667 0.40820578 0.65188533 
0.70999998 -89.113586 0.59493876 0.092041634 0.22151725 0.40760875 0.65025765 
0.72000003 -90.044144 0.58826041 0.077258714 0.23045444 0.40698233 0.64863402 
0.73000002 -90.853035 0.58151263 0.064692616 0.23972276 0.40632936 0.64701444 
0.74000001 -91.556496 0.57471573 0.054056235 0.24926898 0.40565255 0.64539891 
0.75 -92.168808 0.56788749 0.045085993 0.25904319 0.40495446 0.64378744 
0.75999999 -92.702415 0.56104368 0.037544563 0.26899943 0.40423751 0.64218003 
0.76999998 -93.168015 0.55419791 0.03122144 0.27909583 0.40350387 0.64057654 
0.77999997 -93.574814 0.54736203 0.025932124 0.28929487 0.40275556 0.63897711 
0.79000002 -93.930649 0.54054618 0.021516487 0.2995629 0.40199438 0.63738167 
0.80000001 -94.242241 0.5337593 0.017836643 0.30987021 0.40122193 0.63579023 
0.81 -94.515297 0.52700877 0.014774629 0.32019061 0.40043971 0.63420272 
0.81999999 -94.754707 0.5203011 0.012230073 0.33050108 0.39964902 0.6326192 
0.82999998 -94.96463 0.51364177 0.010117963 0.34078151 0.39885107 0.63103962 
0.83999997 -95.148643 0.50703543 0.008366568 0.35101444 0.39804688 0.62946397 
0.85000002 -95.309807 0.50048614 0.0069155623 0.36118466 0.39723739 0.62789232 
0.86000001 -95.450752 0.49399713 0.0057143513 0.37127906 0.39642349 0.62632453 
0.87 -95.573761 0.48757124 0.004720605 0.38128638 0.39560592 0.62476069 
0.88 -95.680786 0.48121086 0.0038989789 0.39119697 0.39478537 0.62320071 
0.88999999 -95.773537 0.47491786 0.0032200147 0.40100256 0.39396244 0.62164468 
0.89999998 -95.853485 0.46869388 0.0026591977 0.41069615 0.39313772 0.62009251 
0.91000003 -95.921936 0.46254012 0.0021961536 0.4202719 0.39231169 0.61854422 
0.92000002 -95.980003 0.45645767 0.0018139707 0.42972487 0.3914848 0.61699975 
0.93000001 -96.028694 0.45044726 0.0014986248 0.43905109 0.39065748 0.6154592 
0.94 -96.068863 0.44450948 0.0012384966 0.44824719 0.38983008 0.61392248 
0.94999999 -96.10128 0.43864471 0.0010239679 0.45731065 0.38900298 0.61238956 
0.95999998 -96.12664 0.43285319 0.00084708113 0.46623939 0.38817644 0.61086053 
0.97000003 -96.145531 0.42713502 0.00070125778 0.47503191 0.38735077 0.60933524 
0.98000002 -96.158493 0.42149019 0.00058106182 0.48368716 0.3865262 0.60781384 
0.99000001 -96.166 0.41591859 0.0004820035 0.49220449 0.38570297 0.60629618 
1 -96.168488 0.41041997 0.00040037619 0.50058359 0.38488132 0.60478234 
1.01 -96.166344 0.40499404 0.00033312087 0.50882453 0.38406143 0.60327226 
1.02 -96.159897 0.39964047 0.00027771384 0.51692754 0.38324344 0.60176599 
1.03 -96.149467 0.39435878 0.00023207357 0.52489316 0.38242757 0.60026348 
1.04 -96.135338 0.38914856 0.0001944836 0.53272212 0.38161394 0.59876466 
1.05 -96.11776 0.38400918 0.00016352891 0.54041529 0.38080269 0.59726965 
1.0599999 -96.09697 0.37894017 0.00013804313 0.54797387 0.37999398 0.59577829 
1.0700001 -96.073174 0.37394086 0.00011706499 0.555399 0.37918785 0.59429073 
1.08 -96.04657 0.36901063 9.9802346e-05 0.56269199 0.37838447 0.59280688 
1.09 -96.017326 0.3641488 8.5602507e-05 0.56985432 0.37758392 0.59132671 
1.1 -95.985611 0.3593547 7.3927731e-05 0.57688749 0.37678626 0.58985025 
1.11 -95.951569 0.35462764 6.4334985e-05 0.58379316 0.37599164 0.58837742 
1.12 -95.915337 0.34996682 5.6459299e-05 0.59057301 0.37520006 0.58690834 
1.13 -95.877045 0.3453716 5.0000024e-05 0.59722871 0.37441164 0.5854429 
1.14 -95.836815 0.34084114 4.4709483e-05 0.60376209 0.37362641 0.5839811 
1.15 -95.794746 0.33637473 4.0383635e-05 0.61017489 0.37284446 0.58252299 
1.16 -95.750938 0.33197159 3.685441e-05 0.61646897 0.37206581 0.58106852 
1.17 -95.705498 0.32763094 3.3983342e-05 0.62264627 0.37129053 0.57961762 
1.1799999 -95.658508 0.32335201 3.1656353e-05 0.6287086 0.37051862 0.57817042 
1.1900001 -95.610046 0.31913403 2.9779465e-05 0.63465786 0.3697502 0.57672679 
1.2 -95.560196 0.31497616 2.8275246e-05 0.64049596 0.36898524 0.57528675 
1.21 -95.509026 0.31087765 2.707989e-05 0.64622474 0.36822379 0.57385033 
1.22 -95.456604 0.30683774 2.6140828e-05 0.65184623 0.36746588 0.5724175 
1.23 -95.403 0.30285561 2.5414734e-05 0.65736222 0.36671156 0.57098824 
1.24 -95.348259 0.29893053 2.4865911e-05 0.66277462 0.36596081 0.56956255 
1.25 -95.292458 0.29506165 2.4464929e-05 0.6680854 0.36521366 0.56814045 
1.26 -95.235641 0.29124823 2.418754e-05 0.67329627 0.36447012 0.56672186 
1.27 -95.177856 0.2874895 2.4013762e-05 0.67840916 0.36373025 0.56530684 
1.28 -95.119156 0.28378469 2.3927114e-05 0.6834259 0.36299402 0.56389534 
1.29 -95.059586 0.28013307 2.3914024e-05 0.68834829 0.36226144 0.56248736 
1.3 -94.999191 0.27653384 2.3963305e-05 0.69317818 0.36153254 0.5610829 
1.3099999 -94.938011 0.27298626 2.406573e-05 0.69791728 0.36080733 0.55968195 
1.3200001 -94.876083 0.26948962 2.4213708e-05 0.7025674 0.36008579 0.55828446 
1.33 -94.813446 0.26604313 2.4400981e-05 0.70713025 0.35936794 0.55689049 
1.34 -94.750137 0.26264611 2.4622395e-05 0.71160752 0.35865375 0.55550003 
1.35 -94.686195 0.25929782 2.4873711e-05 0.71600091 0.35794327 0.55411303 
1.36 -94.621643 0.25599754 2.5151439e-05 0.72031206 0.35723647 0.55272943 
1.37 -94.556519 0.25274459 2.5452717e-05 0.72454262 0.35653335 0.55134934 
1.38 -94.490852 0.24953823 2.5775191e-05 0.7286942 0.35583392 0.54997271 
1.39 -94.424667 0.2463778 2.611693e-05 0.73276836 0.35513815 0.54859948 
1.4 -94.357994 0.24326259 2.647636e-05 0.73676664 0.35444602 0.54722971 
1.41 -94.290855 0.24019195 2.6852193e-05 0.74069059 0.35375759 0.54586333 
1.42 -94.223274 0.2371652 2.7243379e-05 0.74454176 0.35307279 0.54450041 
1.4299999 -94.155289 0.23418169 2.7649074e-05 0.74832153 0.35239163 0.54314083 
1.4400001 -94.086906 0.23124076 2.8068589e-05 0.75203145 0.3517141 0.5417847 
1.45 -94.018158 0.22834179 2.8501381e-05 0.75567287 0.35104021 0.54043192 
1.46 -93.949059 0.22548412 2.8947014e-05 0.75924718 0.3503699 0.53908253 
1.47 -93.879639 0.22266713 2.9405148e-05 0.76275581 0.34970319 0.53773648 
1.48 -93.809906 0.21989021 2.9875522e-05 0.76620001 0.34904009 0.53639382 
1.49 -93.739876 0.21715276 3.0357938e-05 0.7695812 0.34838054 0.5350545 
1.5 -93.669586 0.21445416 3.0852258e-05 0.77290058 0.34772453 0.53371859 
1.51 -93.59903 0.21179383 3.1358381e-05 0.77615952 0.34707206 0.53238595 
1.52 -93.528244 0.20917119 3.187625e-05 0.77935916 0.34642315 0.53105664 
1.53 -93.45723 0.20658566 3.2405842e-05 0.78250074 0.34577772 0.52973062 
1.54 -93.386009 0.20403668 3.2947151e-05 0.78558546 0.34513578 0.52840799 
1.55 -93.314598 0.20152368 3.3500204e-05 0.78861451 0.34449732 0.52708858 
1.5599999 -93.243004 0.19904612 3.406504e-05 0.79158896 0.34386232 0.52577251 
1.5700001 -93.171249 0.19660346 3.4641722e-05 0.79451001 0.34323075 0.52445972 
1.58 -93.099335 0.19419515 3.5230321e-05 0.79737878 0.34260264 0.52315021 
1.59 -93.027283 0.19182068 3.5830919e-05 0.80019623 0.34197789 0.52184397 
1.6 -92.955101 0.18947953 3.6443613e-05 0.8029635 0.34135655 0.52054101 
1.61 -92.882805 0.18717119 3.7068508e-05 0.80568153 0.34073859 0.51924127 
1.62 -92.810402 0.18489514 3.7705711e-05 0.80835146 0.34012395 0.51794481 
1.63 -92.7379 0.18265092 3.8355342e-05 0.81097412 0.33951268 0.51665157 
1.64 -92.665321 0.18043801 3.9017526e-05 0.81355059 0.33890468 0.51536155 
1.65 -92.592659 0.17825595 3.9692397e-05 0.81608182 0.33829999 0.51407474 
1.66 -92.519928 0.17610425 4.038008e-05 0.81856865 0.33769858 0.51279116 
1.67 -92.447144 0.17398246 4.1080722e-05 0.82101202 0.33710042 0.51151079 
1.6799999 -92.374306 0.17189012 4.1794465e-05 0.82341284 0.3365055 0.51023358 
1.6900001 -92.30143 0.16982678 4.2521457e-05 0.82577193 0.33591378 0.50895959 
1.7 -92.228523 0.16779199 4.3261844e-05 0.82809013 0.33532527 0.50768882 
1.71 -92.155586 0.16578533 4.4015782e-05 0.83036834 0.33473992 0.50642115 
1.72 -92.082634 0.16380633 4.4783432e-05 0.83260733 0.33415771 0.5051567 
1.73 -92.009674 0.16185462 4.5564946e-05 0.83480781 0.33357865 0.5038954 
1.74 -91.936707 0.15992977 4.6360496e-05 0.83697075 0.33300272 0.50263721 
1.75 -91.863739 0.15803134 4.7170241e-05 0.83909672 0.33242986 0.50138217 
1.76 -91.790779 0.15615895 4.7994348e-05 0.84118652 0.33186007 0.5001303 
1.77 -91.717834 0.15431221 4.8832997e-05 0.84324092 0.33129334 0.49888155 
1.78 -91.644913 0.15249072 4.968635e-05 0.84526056 0.33072963 0.4976359 
1.79 -91.572014 0.1506941 5.0554587e-05 0.84724623 0.33016896 0.49639335 
1.8 -91.499146 0.14892197 5.1437888e-05 0.84919846 0.32961127 0.49515393 
1.8099999 -91.426308 0.14717396 5.2336432e-05 0.85111809 0.32905653 0.49391758 
1.8200001 -91.353516 0.1454497 5.3250402e-05 0.85300565 0.32850477 0.49268433 
1.83 -91.280769 0.14374883 5.4179985e-05 0.8548618 0.32795593 0.49145415 
1.84 -91.208076 0.14207102 5.5125362e-05 0.85668713 0.32741001 0.49022704 
1.85 -91.135429 0.14041589 5.608673e-05 0.8584823 0.32686698 0.48900303 
1.86 -91.062843 0.13878311 5.7064273e-05 0.86024791 0.32632682 0.48778203 
1.87 -90.990318 0.13717236 5.8058195e-05 0.86198449 0.32578948 0.4865641 
1.88 -90.917854 0.13558328 5.9068687e-05 0.8636927 0.32525501 0.48534921 
1.89 -90.845467 0.13401556 6.0095947e-05 0.86537296 0.32472333 0.48413736 
1.9 -90.773148 0.13246888 6.1140177e-05 0.86702591 0.32419446 0.48292851 
1.91 -90.700905 0.13094291 6.220158e-05 0.86865211 0.32366836 0.48172271 
1.92 -90.628738 0.12943736 6.3280357e-05 0.87025195 0.323145 0.48051992 
1.9299999 -90.556656 0.12795192 6.4376727e-05 0.87182605 0.32262439 0.47932011 
1.9400001 -90.484657 0.12648627 6.5490887e-05 0.87337488 0.32210648 0.47812331 
1.95 -90.412743 0.12504014 6.6623063e-05 0.87489891 0.32159126 0.47692949 
1.96 -90.340919 0.12361324 6.7773457e-05 0.87639868 0.32107872 0.47573867 
1.97 -90.269188 0.12220526 6.8942289e-05 0.87787455 0.32056883 0.47455081 
1.98 -90.197556 0.12081593 7.0129776e-05 0.87932706 0.32006159 0.4733659 
1.99 -90.126015 0.11944499 7.1336151e-05 0.88075662 0.31955698 0.47218397 
2 -90.054581 0.11809214 7.2561619e-05 0.8821637 0.31905496 0.47100499 
2.01 -89.983238 0.11675713 7.3806419e-05 0.88354868 0.31855553 0.46982893 
2.02 -89.912003 0.1154397 7.5070777e-05 0.88491195 0.31805864 0.46865582 
2.03 -89.840874 0.11413958 7.6354918e-05 0.88625401 0.31756431 0.46748567 
2.04 -89.769852 0.11285651 7.7659075e-05 0.88757527 0.31707251 0.4663184 
2.05 -89.698936 0.11159026 7.8983481e-05 0.88887602 0.31658322 0.46515408 
2.0599999 -89.628136 0.11034057 8.0328384e-05 0.89015669 0.3160964 0.46399263 
2.0699999 -89.557442 0.1091072 8.1694016e-05 0.89141768 0.31561208 0.46283409 
2.0799999 -89.48687 0.10788991 8.3080609e-05 0.89265931 0.3151302 0.46167848 
2.0899999 -89.416405 0.10668845 8.448842e-05 0.89388198 0.31465074 0.46052572 
2.0999999 -89.346054 0.10550262 8.5917694e-05 0.89508605 0.31417373 0.45937583 
2.1099999 -89.275826 0.10433218 8.7368673e-05 0.89627182 0.3136991 0.45822883 
2.1199999 -89.205711 0.10317689 8.8841603e-05 0.8974396 0.31322688 0.45708469 
2.1300001 -89.135719 0.10203656 9.0336755e-05 0.89858985 0.31275702 0.45594341 
2.1400001 -89.065849 0.10091094 9.1854366e-05 0.89972275 0.31228948 0.45480496 
2.1500001 -88.996101 0.099799842 9.3394701e-05 0.90083873 0.31182432 0.45366937 
2.1600001 -88.926476 0.098703049 9.4958014e-05 0.90193802 0.31136143 0.45253661 
2.1700001 -88.856972 0.097620353 9.654458e-05 0.90302092 0.31090087 0.45140669 
2.1800001 -88.787598 0.096551552 9.8154647e-05 0.90408778 0.3104426 0.45027959 
2.1900001 -88.718346 0.095496446 9.9788493e-05 0.90513891 0.30998659 0.4491553 
2.2 -88.649223 0.09445484 0.00010144639 0.90617448 0.30953282 0.44803381 
2.21 -88.580223 0.09342654 0.00010312859 0.90719485 0.30908129 0.44691512 
2.22 -88.511353 0.092411362 0.00010483539 0.90820032 0.30863199 0.44579923 
2.23 -88.442612 0.091409102 0.00010656704 0.90919113 0.30818489 0.44468611 
2.24 -88.373993 0.09041959 0.00010832385 0.91016746 0.30773997 0.4435758 
2.25 -88.305511 0.089442648 0.00011010608 0.91112971 0.3072972 0.44246826 
2.26 -88.23716 0.088478081 0.00011191401 0.91207802 0.30685663 0.44136345 
2.27 -88.168938 0.087525733 0.00011374793 0.91301262 0.30641818 0.44026142 
2.28 -88.100845 0.086585417 0.00011560814 0.91393387 0.30598184 0.43916214 
2.29 -88.032883 0.085656971 0.00011749491 0.91484195 0.30554762 0.43806562 
2.3 -87.965057 0.084740222 0.00011940855 0.91573703 0.30511552 0.43697181 
2.3099999 -87.897362 0.083835006 0.00012134934 0.91661942 0.30468547 0.43588075 
2.3199999 -87.829796 0.082941167 0.00012331759 0.91748929 0.30425751 0.4347924 
2.3299999 -87.762367 0.082058541 0.00012531357 0.91834688 0.30383158 0.43370679 
2.3399999 -87.695076 0.081186973 0.00012733763 0.91919237 0.3034077 0.43262386 
2.3499999 -87.627914 0.080326304 0.00012939003 0.92002606 0.30298585 0.43154368 
2.3599999 -87.560883 0.079476386 0.00013147111 0.92084807 0.30256599 0.43046615 
2.3699999 -87.493988 0.078637071 0.00013358115 0.92165858 0.30214813 0.42939132 
2.3800001 -87.427231 0.077808209 0.00013572047 0.92245787 0.30173224 0.42831919 
2.3900001 -87.360603 0.076989658 0.00013788941 0.92324603 0.30131832 0.42724973 
2.4000001 -87.294113 0.07618127 0.00014008825 0.92402339 0.30090636 0.42618296 
2.4100001 -87.22776 0.075382903 0.00014231731 0.92478997 0.30049634 0.42511883 
2.4200001 -87.161537 0.074594431 0.00014457693 0.92554611 0.30008823 0.42405736 
2.4300001 -87.095451 0.073815711 0.00014686743 0.92629188 0.29968205 0.42299855 
2.4400001 -87.029503 0.073046602 0.00014918913 0.92702746 0.29927775 0.42194235 
2.45 -86.963692 0.072286986 0.00015154235 0.92775303 0.29887533 0.42088881 
2.46 -86.89801 0.07153672 0.00015392744 0.92846882 0.29847479 0.41983792 
2.47 -86.832466 0.070795685 0.0001563447 0.92917496 0.29807612 0.41878963 
2.48 -86.767059 0.070063747 0.0001587945 0.92987156 0.29767928 0.41774398 
2.49 -86.70179 0.069340795 0.00016127716 0.9305588 0.29728428 0.4167009 
2.5 -86.63665 0.068626694 0.00016379301 0.93123686 0.29689109 0.41566047 
2.51 -86.571655 0.067921326 0.00016634242 0.93190593 0.29649973 0.4146226 
2.52 -86.50679 0.067224585 0.0001689257 0.93256605 0.29611015 0.41358736 
2.53 -86.442055 0.066536337 0.00017154323 0.93321747 0.29572234 0.41255468 
2.54 -86.377464 0.065856479 0.00017419535 0.93386024 0.29533631 0.41152456 
2.55 -86.313004 0.065184899 0.00017688239 0.93449461 0.29495203 0.41049704 
2.5599999 -86.24868 0.064521477 0.00017960471 0.93512064 0.29456952 0.40947208 
2.5699999 -86.184494 0.063866109 0.00018236268 0.93573844 0.29418871 0.40844968 
2.5799999 -86.120438 0.06321869 0.00018515665 0.9363482 0.29380965 0.40742984 
2.5899999 -86.056519 0.06257911 0.000187987 0.93695009 0.2934323 0.40641254 
2.5999999 -85.992737 0.061947264 0.00019085406 0.93754411 0.29305661 0.40539777 
2.6099999 -85.929092 0.06132305 0.0001937582 0.9381305 0.29268265 0.40438554 
2.6199999 -85.865578 0.06070637 0.00019669982 0.93870932 0.29231033 0.40337583 
2.6300001 -85.8022 0.060097121 0.00019967926 0.93928069 0.29193971 0.40236866 
2.6400001 -85.738953 0.059495203 0.0002026969 0.93984479 0.29157072 0.401364 
2.6500001 -85.675842 0.05890052 0.00020575312 0.94040161 0.29120338 0.40036184 
2.6600001 -85.612869 0.058312982 0.0002088483 0.94095147 0.29083765 0.39936221 
2.6700001 -85.550026 0.057732489 0.0002119828 0.94149429 0.29047355 0.39836505 
2.6800001 -85.48732 0.057158951 0.00021515702 0.94203025 0.29011106 0.39737037 
2.6900001 -85.424744 0.056592278 0.00021837134 0.94255942 0.28975019 0.39637819 
2.7 -85.362305 0.056032378 0.00022162615 0.94308197 0.28939089 0.39538848 
2.71 -85.300003 0.055479161 0.00022492182 0.94359803 0.28903317 0.39440125 
2.72 -85.237823 0.054932546 0.00022825877 0.94410759 0.28867701 0.39341646 
2.73 -85.175789 0.054392442 0.00023163737 0.94461083 0.28832239 0.39243415 
2.74 -85.113876 0.053858768 0.00023505803 0.94510782 0.28796932 0.39145431 
2.75 -85.052101 0.053331438 0.00023852114 0.9455986 0.2876178 0.39047688 
2.76 -84.990463 0.052810375 0.00024202709 0.94608343 0.2872678 0.38950193 
2.77 -84.928955 0.052295491 0.00024557632 0.94656223 0.28691933 0.38852939 
2.78 -84.867577 0.051786713 0.00024916918 0.94703519 0.28657234 0.38755926 
2.79 -84.806328 0.051283956 0.00025280612 0.94750232 0.28622684 0.38659158 
2.8 -84.745216 0.050787151 0.00025648755 0.94796377 0.28588283 0.38562632 
2.8099999 -84.684235 0.050296213 0.00026021386 0.94841969 0.28554031 0.38466346 
2.8199999 -84.623383 0.049811076 0.00026398545 0.94887 0.28519925 0.38370299 
2.8299999 -84.56266 0.049331661 0.0002678028 0.94931489 0.28485963 0.38274494 
2.8399999 -84.502075 0.048857898 0.00027166624 0.94975448 0.28452146 0.38178927 
2.8499999 -84.441612 0.04838971 0.00027557628 0.9501887 0.28418475 0.38083598 
2.8599999 -84.381287 0.047927033 0.00027953327 0.95061779 0.28384945 0.37988508 
2.8699999 -84.321091 0.047469791 0.00028353767 0.9510417 0.28351554 0.37893656 
2.8800001 -84.261017 0.047017921 0.00028758991 0.9514606 0.28318307 0.37799039 
2.8900001 -84.20108 0.046571355 0.0002916904 0.95187455 0.28285199 0.37704661 
2.9000001 -84.141273 0.046130024 0.00029583959 0.95228362 0.28252232 0.37610519 
2.9100001 -84.081589 0.045693863 0.00030003791 0.9526878 0.28219402 0.37516609 
2.9200001 -84.022041 0.04526281 0.00030428579 0.95308727 0.28186709 0.37422934 
2.9300001 -83.962616 0.044836801 0.00030858367 0.95348203 0.2815415 0.37329495 
2.9400001 -83.90332 0.044415768 0.00031293201 0.9538722 0.28121731 0.37236288 
2.95 -83.844154 0.043999653 0.0003173312 0.95425779 0.28089443 0.37143314 
2.96 -83.785118 0.043588396 0.00032178176 0.9546389 0.28057289 0.37050572 
2.97 -83.726212 0.043181933 0.00032628406 0.9550156 0.2802527 0.3695806 
2.98 -83.667427 0.042780209 0.00033083861 0.95538801 0.27993381 0.3686578 
2.99 -83.608772 0.042383168 0.0003354458 0.95575607 0.27961624 0.36773732 
3 -83.55024 0.041990746 0.00034010617 0.95611989 0.27929997 0.36681911 
3.01 -83.491844 0.041602887 0.00034482009 0.95647955 0.27898499 0.36590323 
3.02 -83.433563 0.04121954 0.00034958805 0.95683509 0.27867132 0.36498961 
3.03 -83.37542 0.040840648 0.00035441053 0.95718664 0.27835891 0.36407828 
3.04 -83.31739 0.040466156 0.00035928795 0.95753413 0.27804777 0.36316922 
3.05 -83.259499 0.040096007 0.00036422082 0.9578777 0.27773792 0.36226243 
3.0599999 -83.201721 0.039730154 0.00036920956 0.95821744 0.27742928 0.3613579 
3.0699999 -83.144073 0.039368547 0.00037425468 0.95855331 0.27712193 0.36045563 
3.0799999 -83.086555 0.039011128 0.00037935661 0.95888537 0.2768158 0.35955563 
3.0899999 -83.02916 0.038657848 0.00038451585 0.95921379 0.27651089 0.35865787 
3.0999999 -82.971886 0.038308661 0.00038973286 0.95953852 0.27620724 0.35776234 
3.1099999 -82.914734 0.037963513 0.00039500813 0.95985961 0.27590477 0.35686904 
3.1199999 -82.857712 0.037622359 0.00040034211 0.96017712 0.2756035 0.35597798 
3.1300001 -82.800804 0.037285153 0.00040573531 0.96049118 0.27530345 0.35508916 
3.1400001 -82.744026 0.036951844 0.0004111882 0.96080172 0.27500463 0.35420254 
3.1500001 -82.68737 0.036622386 0.00041670125 0.96110886 0.27470693 0.35331815 
3.1600001 -82.630836 0.036296736 0.00042227496 0.96141261 0.27441046 0.35243595 
3.1700001 -82.574432 0.035974849 0.00042790981 0.96171308 0.27411515 0.35155597 
3.1800001 -82.518143 0.035656679 0.0004336063 0.9620102 0.273821 0.35067818 
3.1900001 -82.461975 0.035342183 0.00043936493 0.96230412 0.27352798 0.34980258 
3.2 -82.40593 0.035031315 0.00044518616 0.96259487 0.27323613 0.34892917 
3.21 -82.350006 0.034724034 0.00045107049 0.96288246 0.27294543 0.34805793 
3.22 -82.294205 0.034420304 0.00045701844 0.96316695 0.27265587 0.34718889 
3.23 -82.238525 0.034120075 0.0004630305 0.96344835 0.27236745 0.346322 
3.24 -82.182968 0.033823308 0.00046910718 0.96372676 0.27208012 0.34545729 
3.25 -82.127525 0.033529967 0.00047524893 0.96400213 0.27179393 0.34459472 
3.26 -82.072212 0.033240013 0.00048145631 0.96427464 0.27150884 0.34373429 
3.27 -82.017006 0.0329534 0.00048772982 0.96454418 0.27122483 0.34287605 
3.28 -81.961929 0.032670092 0.00049406994 0.96481091 0.27094194 0.34201992 
3.29 -81.906967 0.032390054 0.00050047721 0.96507478 0.27066013 0.34116593 
3.3 -81.852127 0.03211325 0.00050695211 0.96533585 0.27037942 0.34031409 
3.3099999 -81.797401 0.031839635 0.00051349518 0.96559423 0.27009979 0.33946437 
3.3199999 -81.742798 0.031569179 0.00052010687 0.96584982 0.2698212 0.33861679 
3.3299999 -81.688316 0.031301849 0.00052678777 0.96610278 0.26954368 0.3377713 
3.3399999 -81.633949 0.031037599 0.0005335384 0.96635312 0.26926723 0.33692792 
3.3499999 -81.579697 0.030776402 0.00054035924 0.96660078 0.26899183 0.33608666 
3.3599999 -81.525566 0.030518223 0.00054725085 0.96684593 0.26871747 0.33524749 
3.3699999 -81.47155 0.030263023 0.00055421365 0.96708852 0.26844415 0.33441043 
3.3800001 -81.417648 0.030010775 0.00056124828 0.96732855 0.26817185 0.33357546 
3.3900001 -81.363869 0.029761443 0.0005683552 0.96756619 0.26790059 0.33274254 
3.4000001 -81.310204 0.029514994 0.000575535 0.96780133 0.26763034 0.33191174 
3.4100001 -81.256653 0.029271396 0.00058278814 0.96803409 0.2673611 0.331083 
3.4200001 -81.203224 0.029030617 0.0005901152 0.9682644 0.26709288 0.33025631 
3.4300001 -81.149902 0.028792627 0.00059751666 0.96849245 0.26682565 0.32943171 
3.4400001 -81.096703 0.028557394 0.00060499308 0.96871811 0.26655942 0.32860917 
3.45 -81.043617 0.028324887 0.000612545 0.96894151 0.26629418 0.32778868 
3.46 -80.990646 0.028095078 0.00062017294 0.96916264 0.26602992 0.32697022 
3.47 -80.937782 0.027867936 0.00062787748 0.96938157 0.26576665 0.32615381 
3.48 -80.88504 0.027643431 0.00063565909 0.96959823 0.26550433 0.32533947 
3.49 -80.832413 0.027421536 0.00064351835 0.96981275 0.26524302 0.32452714 
3.5 -80.7799 0.027202221 0.00065145583 0.97002512 0.26498264 0.32371682 
3.51 -80.727493 0.026985459 0.00065947196 0.97023541 0.26472321 0.32290855 
3.52 -80.675209 0.026771221 0.00066756742 0.97044355 0.26446474 0.32210228 
3.53 -80.623032 0.026559481 0.00067574269 0.97064966 0.26420721 0.32129803 
3.54 -80.570969 0.026350213 0.00068399828 0.97085369 0.26395065 0.32049581 
3.55 -80.51902 0.026143389 0.00069233484 0.97105569 0.263695 0.31969556 
3.5599999 -80.467178 0.02593898 0.00070075283 0.97125572 0.26344028 0.31889734 
3.5699999 -80.415459 0.025736967 0.00070925278 0.97145379 0.26318645 0.31810108 
3.5799999 -80.363846 0.025537318 0.00071783533 0.97164989 0.26293358 0.31730682 
3.5899999 -80.31234 0.025340011 0.00072650099 0.97184408 0.26268163 0.31651455 
3.5999999 -80.260948 0.02514502 0.0007352503 0.97203636 0.26243058 0.31572425 
3.6099999 -80.209671 0.024952322 0.00074408384 0.9722268 0.26218042 0.31493592 
3.6199999 -80.158501 0.024761891 0.00075300212 0.97241539 0.26193115 0.31414959 
3.6300001 -80.107445 0.024573706 0.00076200574 0.97260213 0.26168278 0.31336519 
3.6400001 -80.056496 0.02438774 0.00077109528 0.97278708 0.2614353 0.31258276 
3.6500001 -80.005653 0.024203971 0.00078027119 0.97297019 0.26118872 0.3118023 
3.6600001 -79.954926 0.024022376 0.00078953418 0.97315162 0.260943 0.31102374 
3.6700001 -79.904305 0.023842933 0.00079888466 0.97333127 0.26069814 0.31024718 
3.6800001 -79.853798 0.02366562 0.00080832333 0.97350919 0.26045415 0.30947253 
3.6900001 -79.803398 0.023490414 0.00081785064 0.97368544 0.26021105 0.30869982 
3.7 -79.753105 0.023317294 0.00082746719 0.97385997 0.25996879 0.30792904 
3.71 -79.702919 0.023146238 0.00083717355 0.97403288 0.25972736 0.30716017 
3.72 -79.652847 0.022977225 0.0008469703 0.97420412 0.25948682 0.30639324 
3.73 -79.602875 0.022810236 0.00085685798 0.97437376 0.25924709 0.30562821 
3.74 -79.553017 0.022645246 0.00086683722 0.97454178 0.25900823 0.30486509 
3.75 -79.503265 0.022482239 0.00087690848 0.9747082 0.25877017 0.30410388 
3.76 -79.453621 0.022321193 0.00088707235 0.97487313 0.25853297 0.30334458 
3.77 -79.404083 0.022162087 0.00089732948 0.97503644 0.25829658 0.30258718 
3.78 -79.354652 0.022004904 0.00090768037 0.97519827 0.25806102 0.30183166 
3.79 -79.305328 0.021849625 0.00091812562 0.97535855 0.25782627 0.30107802 
3.8 -79.256111 0.021696229 0.0009286658 0.97551739 0.25759232 0.30032626 
3.8099999 -79.206993 0.021544697 0.00093930145 0.97567469 0.25735918 0.2995764 
3.8199999 -79.15799 0.021395013 0.00095003319 0.97583055 0.25712687 0.29882839 
3.8299999 -79.109085 0.021247154 0.00096086151 0.97598505 0.25689533 0.29808226 
3.8399999 -79.060295 0.021101108 0.00097178709 0.97613806 0.25666457 0.29733798 
3.8499999 -79.011604 0.020956853 0.00098281039 0.97628963 0.25643465 0.29659557 
3.8599999 -78.96302 0.020814374 0.00099393213 0.97643989 0.25620547 0.29585502 
3.8699999 -78.914536 0.020673651 0.0010051527 0.97658873 0.25597709 0.29511631 
3.8800001 -78.866158 0.020534668 0.0010164729 0.97673619 0.25574949 0.29437944 
3.8900001 -78.817886 0.020397408 0.001027893 0.97688234 0.25552264 0.29364443 
3.9000001 -78.769722 0.020261856 0.001039414 0.97702718 0.25529659 0.29291123 
3.9100001 -78.721657 0.020127993 0.0010510361 0.97717065 0.25507128 0.29217985 
3.9200001 -78.673691 0.019995805 0.0010627599 0.97731286 0.25484675 0.29145032 
3.9300001 -78.625832 0.019865274 0.0010745862 0.97745377 0.25462297 0.29072261 
3.9400001 -78.578079 0.019736385 0.0010865154 0.97759342 0.25439993 0.28999671 
3.95 -78.530426 0.019609123 0.0010985482 0.97773182 0.25417763 0.28927264 
3.96 -78.482872 0.019483471 0.0011106851 0.97786897 0.25395611 0.28855038 
3.97 -78.435425 0.019359415 0.0011229266 0.97800493 0.2537353 0.28782991 
3.98 -78.388084 0.019236941 0.0011352735 0.97813964 0.25351524 0.28711122 
3.99 -78.340836 0.019116031 0.0011477262 0.97827315 0.2532959 0.28639436 
4 -78.293694 0.018996673 0.0011602853 0.97840548 0.2530773 0.28567925 
4.0100002 -78.246651 0.018878853 0.0011729514 0.97853661 0.25285941 0.28496596 
4.02 -78.199715 0.018762553 0.0011857251 0.9786666 0.25264224 0.28425443 
4.0300002 -78.15287 0.018647762 0.0011986069 0.97879547 0.25242582 0.28354469 
4.04 -78.106133 0.018534467 0.0012115975 0.97892314 0.25221008 0.28283674 
4.0500002 -78.059494 0.01842265 0.0012246973 0.97904974 0.25199506 0.28213051 
4.0599999 -78.012955 0.018312303 0.0012379072 0.97917521 0.25178075 0.28142607 
4.0700002 -77.966522 0.018203408 0.0012512275 0.9792996 0.25156713 0.28072339 
4.0799999 -77.920181 0.018095953 0.0012646588 0.97942293 0.25135422 0.28002247 
4.0900002 -77.87394 0.017989928 0.0012782017 0.97954512 0.251142 0.27932331 
4.0999999 -77.827805 0.017885316 0.0012918569 0.97966629 0.25093046 0.27862588 
4.1100001 -77.781761 0.017782105 0.0013056247 0.9797864 0.25071964 0.27793017 
4.1199999 -77.735817 0.017680284 0.001319506 0.97990543 0.25050947 0.27723622 
4.1300001 -77.68998 0.01757984 0.0013335012 0.9800235 0.25029999 0.276544 
4.1399999 -77.644234 0.017480761 0.001347611 0.98014051 0.2500912 0.27585351 
4.1500001 -77.598587 0.017383033 0.0013618357 0.9802565 0.24988306 0.27516475 
4.1599998 -77.553032 0.017286647 0.0013761763 0.98037153 0.2496756 0.27447769 
4.1700001 -77.507584 0.017191591 0.0013906329 0.98048556 0.2494688 0.27379236 
4.1799998 -77.462227 0.017097849 0.0014052065 0.98059857 0.24926268 0.27310875 
4.1900001 -77.416969 0.017005416 0.0014198974 0.98071069 0.2490572 0.27242684 
4.1999998 -77.371811 0.016914276 0.0014347063 0.98082185 0.24885239 0.27174661 
4.21 -77.326752 0.016824419 0.0014496337 0.980932 0.24864823 0.2710681 
4.2199998 -77.281784 0.016735833 0.0014646802 0.98104125 0.24844472 0.27039129 
4.23 -77.236916 0.01664851 0.0014798464 0.98114961 0.24824186 0.26971617 
4.2399998 -77.192139 0.016562438 0.0014951329 0.98125702 0.24803963 0.26904273 
4.25 -77.147461 0.016477603 0.0015105403 0.98136353 0.24783805 0.26837096 
4.2600002 -77.102875 0.016393999 0.0015260689 0.98146915 0.24763709 0.26770088 
4.27 -77.058388 0.016311614 0.0015417197 0.98157388 0.24743678 0.26703247 
4.2800002 -77.014 0.016230436 0.0015574929 0.98167771 0.2472371 0.26636571 
4.29 -76.969704 0.016150458 0.0015733892 0.98178065 0.24703804 0.26570064 
4.3000002 -76.925499 0.016071668 0.0015894092 0.98188281 0.2468396 0.26503724 
4.3099999 -76.881393 0.015994055 0.0016055534 0.98198408 0.24664178 0.26437548 
4.3200002 -76.837379 0.015917612 0.0016218225 0.98208451 0.2464446 0.26371536 
4.3299999 -76.793465 0.015842328 0.001638217 0.98218405 0.24624801 0.2630569 
4.3400002 -76.749634 0.015768195 0.0016547374 0.98228282 0.24605204 0.26240009 
4.3499999 -76.705902 0.015695201 0.0016713843 0.98238081 0.24585667 0.26174492 
4.3600001 -76.66227 0.015623338 0.0016881583 0.98247796 0.24566191 0.26109138 
4.3699999 -76.618721 0.015552596 0.0017050599 0.98257428 0.24546775 0.26043946 
4.3800001 -76.575272 0.015482967 0.0017220897 0.98266983 0.2452742 0.2597892 
4.3899999 -76.531914 0.015414442 0.0017392483 0.9827646 0.24508125 0.25914052 
4.4000001 -76.488647 0.015347012 0.0017565362 0.9828586 0.24488887 0.25849351 
4.4099998 -76.445473 0.015280669 0.001773954 0.98295182 0.24469709 0.25784808 
4.4200001 -76.402397 0.015215402 0.0017915022 0.98304427 0.2445059 0.25720426 
4.4299998 -76.359406 0.015151205 0.0018091814 0.98313594 0.2443153 0.25656208 
4.4400001 -76.316505 0.015088068 0.0018269921 0.9832269 0.24412528 0.25592148 
4.4499998 -76.273705 0.015025984 0.001844935 0.98331714 0.24393582 0.25528246 
4.46 -76.230988 0.014964945 0.0018630106 0.9834066 0.24374695 0.25464508 
4.4699998 -76.18837 0.014904941 0.0018812192 0.98349541 0.24355866 0.25400928 
4.48 -76.145836 0.014845964 0.0018995617 0.98358345 0.24337092 0.25337505 
4.4899998 -76.103394 0.014788008 0.0019180385 0.98367077 0.24318376 0.25274241 
4.5 -76.061043 0.014731065 0.0019366501 0.98375738 0.24299717 0.25211135 
4.5100002 -76.018784 0.014675126 0.0019553972 0.98384333 0.24281114 0.25148186 
4.52 -75.976616 0.014620184 0.0019742802 0.98392862 0.24262567 0.25085396 
4.5300002 -75.934532 0.014566232 0.0019932997 0.98401314 0.24244075 0.2502276 
4.54 -75.892548 0.014513261 0.0020124561 0.98409706 0.24225639 0.24960282 
4.5500002 -75.850647 0.014461265 0.0020317503 0.98418027 0.24207257 0.2489796 
4.5599999 -75.808838 0.014410236 0.0020511826 0.98426282 0.24188931 0.24835794 
4.5700002 -75.767113 0.014360168 0.0020707534 0.98434472 0.24170659 0.24773782 
4.5799999 -75.725479 0.014311053 0.0020904634 0.98442596 0.24152441 0.24711926 
4.5900002 -75.683937 0.014262884 0.0021103132 0.98450661 0.24134278 0.24650225 
4.5999999 -75.642479 0.014215654 0.0021303033 0.98458654 0.24116167 0.24588677 
4.6100001 -75.601112 0.014169356 0.0021504341 0.98466587 0.24098112 0.24527283 
4.6199999 -75.559837 0.014123985 0.0021707062 0.98474461 0.2408011 0.24466042 
4.6300001 -75.518646 0.014079532 0.0021911203 0.98482269 0.2406216 0.24404953 
4.6399999 -75.477539 0.01403599 0.0022116767 0.98490018 0.24044262 0.24344018 
4.6500001 -75.436523 0.013993355 0.002232376 0.98497701 0.24026418 0.24283235 
4.6599998 -75.395599 0.01395162 0.0022532186 0.9850533 0.24008626 0.24222603 
4.6700001 -75.354752 0.013910778 0.0022742052 0.98512894 0.23990886 0.24162124 
4.6799998 -75.314003 0.013870822 0.0022953365 0.98520404 0.23973197 0.24101795 
4.6900001 -75.273331 0.013831748 0.0023166125 0.98527855 0.23955561 0.24041617 
4.6999998 -75.23275 0.013793547 0.0023380343 0.98535246 0.23937975 0.23981589 
4.71 -75.192261 0.013756215 0.0023596019 0.98542577 0.23920441 0.2392171 
4.7199998 -75.151848 0.013719745 0.0023813162 0.98549855 0.23902957 0.23861982 
4.73 -75.111526 0.013684131 0.0024031773 0.98557073 0.23885524 0.23802403 
4.7399998 -75.071289 0.013649369 0.0024251861 0.98564237 0.23868142 0.23742971 
4.75 -75.031143 0.013615451 0.002447343 0.98571348 0.23850809 0.2368369 
4.7600002 -74.991074 0.013582372 0.0024696484 0.98578399 0.23833527 0.23624554 
4.77 -74.951096 0.013550127 0.002492103 0.98585397 0.23816293 0.23565568 
4.7800002 -74.911201 0.013518709 0.0025147069 0.98592347 0.23799109 0.23506729 
4.79 -74.871391 0.013488114 0.002537461 0.98599237 0.23781976 0.23448037 
4.8000002 -74.831665 0.013458336 0.0025603657 0.98606074 0.2376489 0.2338949 
4.8099999 -74.792023 0.013429369 0.0025834215 0.98612863 0.23747854 0.23331091 
4.8200002 -74.752464 0.013401208 0.0026066289 0.98619598 0.23730865 0.23272836 
4.8299999 -74.71299 0.013373849 0.0026299881 0.9862628 0.23713925 0.23214728 
4.8400002 -74.673599 0.013347286 0.0026535001 0.98632914 0.23697034 0.23156765 
4.8499999 -74.6343 0.013321512 0.002677165 0.98639494 0.23680191 0.23098946 
4.8600001 -74.595078 0.013296525 0.0027009833 0.98646021 0.23663394 0.23041272 
4.8699999 -74.555939 0.013272318 0.0027249558 0.98652506 0.23646645 0.22983742 
4.8800001 -74.516884 0.013248886 0.0027490826 0.98658937 0.23629944 0.22926356 
4.8899999 -74.477905 0.013226225 0.0027733645 0.98665321 0.23613289 0.22869112 
4.9000001 -74.439018 0.013204331 0.0027978017 0.98671651 0.2359668 0.22812012 
4.9099998 -74.400215 0.013183196 0.0028223947 0.98677939 0.23580119 0.22755054 
4.9200001 -74.361488 0.013162819 0.0028471441 0.9868418 0.23563604 0.22698238 
4.9299998 -74.322845 0.013143193 0.0028720505 0.98690373 0.23547135 0.22641565 
4.9400001 -74.284286 0.013124313 0.002897114 0.98696518 0.23530713 0.22585033 
4.9499998 -74.245804 0.013106177 0.0029223354 0.98702615 0.23514335 0.22528641 
4.96 -74.207405 0.013088778 0.0029477149 0.98708665 0.23498003 0.22472392 
4.9699998 -74.16909 0.013072112 0.0029732529 0.98714674 0.23481718 0.22416282 
4.98 -74.130859 0.013056176 0.0029989502 0.9872064 0.23465475 0.22360313 
4.9899998 -74.092705 0.013040964 0.0030248072 0.98726553 0.23449279 0.22304483 
5 -74.054626 0.013026472 0.0030508242 0.9873243 0.23433128 0.22248793 
5.0100002 -74.01664 0.013012696 0.0030770015 0.98738253 0.23417021 0.22193241 
5.02 -73.978729 0.012999632 0.0031033398 0.98744041 0.23400958 0.22137828 
5.0300002 -73.940895 0.012987276 0.0031298394 0.98749781 0.23384939 0.22082554 
5.04 -73.903145 0.012975623 0.0031565009 0.98755485 0.23368964 0.22027418 
5.0500002 -73.865471 0.01296467 0.0031833246 0.98761141 0.23353033 0.21972419 
5.0599999 -73.827881 0.012954411 0.0032103108 0.9876675 0.23337145 0.21917558 
5.0700002 -73.790367 0.012944845 0.0032374603 0.98772323 0.23321301 0.21862833 
5.0799999 -73.752937 0.012935965 0.0032647734 0.98777854 0.233055 0.21808246 
5.0900002 -73.715584 0.012927769 0.0032922502 0.98783344 0.23289742 0.21753794 
5.0999999 -73.678314 0.012920253 0.0033198916 0.98788798 0.23274027 0.21699479 
5.1100001 -73.641113 0.012913412 0.0033476977 0.98794204 0.23258354 0.216453 
5.1199999 -73.603996 0.012907244 0.003375669 0.98799574 0.23242722 0.21591255 
5.1300001 -73.566963 0.012901744 0.0034038061 0.98804903 0.23227134 0.21537346 
5.1399999 -73.530006 0.012896908 0.003432109 0.9881019 0.23211588 0.2148357 
5.1500001 -73.493118 0.012892733 0.0034605786 0.98815441 0.23196085 0.21429931 
5.1599998 -73.456322 0.012889217 0.0034892149 0.98820651 0.23180622 0.21376424 
5.1700001 -73.419594 0.012886353 0.0035180184 0.98825824 0.23165201 0.21323051 
5.1799998 -73.382942 0.01288414 0.0035469898 0.98830956 0.2314982 0.2126981 
5.1900001 -73.346375 0.012882574 0.003576129 0.98836052 0.2313448 0.21216704 
5.1999998 -73.309883 0.01288165 0.0036054368 0.98841113 0.23119183 0.2116373 
5.21 -73.273468 0.012881367 0.0036349134 0.98846138 0.23103926 0.21110888 
5.2199998 -73.237129 0.01288172 0.0036645592 0.9885112 0.2308871 0.21058178 
5.23 -73.200867 0.012882706 0.0036943746 0.98856068 0.23073533 0.21005599 
5.2399998 -73.16468 0.012884322 0.0037243601 0.98860979 0.23058397 0.20953153 
5.25 -73.128571 0.012886564 0.0037545159 0.98865855 0.23043302 0.20900837 
5.2600002 -73.092537 0.01288943 0.0037848426 0.98870695 0.23028246 0.20848651 
5.27 -73.05658 0.012892916 0.0038153401 0.98875499 0.23013228 0.20796596 
5.2800002 -73.020699 0.012897019 0.0038460093 0.98880267 0.22998253 0.20744671 
5.29 -72.984894 0.012901735 0.0038768505 0.98885 0.22983314 0.20692876 
5.3000002 -72.949165 0.012907064 0.0039078635 0.98889703 0.22968416 0.20641209 
5.3099999 -72.913513 0.012912998 0.0039390498 0.9889437 0.22953556 0.20589672 
5.3200002 -72.87793 0.012919538 0.0039704083 0.98898995 0.22938737 0.20538265 
5.3299999 -72.84243 0.012926679 0.0040019406 0.98903596 0.22923955 0.20486984 
5.3400002 -72.806999 0.012934418 0.0040336465 0.98908156 0.22909212 0.20435832 
5.3499999 -72.771645 0.012942754 0.0040655262 0.98912686 0.22894508 0.20384808 
5.3600001 -72.736366 0.012951681 0.00409758 0.98917186 0.2287984 0.20333911 
5.3699999 -72.701157 0.0129612 0.0041298089 0.98921651 0.22865212 0.20283142 
5.3800001 -72.666031 0.012971304 0.0041622128 0.98926079 0.22850622 0.20232499 
5.3899999 -72.630974 0.012981993 0.0041947919 0.98930478 0.2283607 0.20181982 
5.4000001 -72.595985 0.012993263 0.004227547 0.98934847 0.22821555 0.20131591 
5.4099998 -72.561081 0.013005112 0.0042604776 0.9893918 0.22807077 0.20081326 
5.4200001 -72.526245 0.013017537 0.0042935852 0.98943484 0.22792636 0.20031188 
5.4299998 -72.491478 0.013030536 0.0043268688 0.98947752 0.22778232 0.19981174 
5.4400001 -72.456787 0.013044103 0.0043603298 0.98951995 0.22763866 0.19931285 
5.4499998 -72.422173 0.01305824 0.0043939678 0.98956203 0.22749537 0.19881521 
5.46 -72.387627 0.013072941 0.0044277837 0.98960382 0.22735244 0.19831881 
5.4699998 -72.353157 0.013088205 0.0044617774 0.9896453 0.22720988 0.19782364 
5.48 -72.318764 0.013104029 0.0044959495 0.98968649 0.22706768 0.19732971 
5.4899998 -72.284431 0.01312041 0.0045302999 0.98972738 0.22692584 0.19683702 
5.5 -72.250183 0.013137346 0.0045648292 0.98976797 0.22678436 0.19634557 
5.5100002 -72.215996 0.013154835 0.0045995372 0.98980826 0.22664323 0.19585533 
5.52 -72.181885 0.013172874 0.004634425 0.98984826 0.22650248 0.19536632 
5.5300002 -72.14785 0.01319146 0.0046694926 0.98988795 0.22636206 0.19487853 
5.54 -72.113884 0.013210591 0.0047047404 0.98992735 0.22622202 0.19439197 
5.5500002 -72.079987 0.013230265 0.0047401679 0.98996651 0.22608232 0.19390661 
5.5599999 -72.046165 0.013250479 0.0047757761 0.99000531 0.22594298 0.19342247 
5.5700002 -72.012405 0.013271231 0.0048115654 0.99004388 0.22580399 0.19293953 
5.5799999 -71.978729 0.013292519 0.0048475354 0.99008214 0.22566533 0.19245781 
5.5900002 -71.945114 0.01331434 0.004883687 0.99012017 0.22552703 0.19197728 
5.5999999 -71.911575 0.013336692 0.0049200202 0.9901579 0.22538908 0.19149795 
5.6100001 -71.878105 0.013359573 0.0049565351 0.99019533 0.22525148 0.19101982 
5.6199999 -71.844704 0.01338298 0.0049932324 0.99023253 0.22511421 0.19054289 
5.6300001 -71.811371 0.013406911 0.0050301119 0.99026942 0.22497728 0.19006714 
5.6399999 -71.778114 0.013431365 0.0050671743 0.99030602 0.2248407 0.18959258 
5.6500001 -71.744919 0.013456338 0.0051044193 0.99034238 0.22470446 0.18911922 
5.6599998 -71.7118 0.013481829 0.0051418473 0.9903785 0.22456856 0.18864703 
5.6700001 -71.678749 0.013507836 0.0051794588 0.99041432 0.22443299 0.18817602 
5.6799998 -71.645767 0.013534356 0.0052172542 0.99044991 0.22429775 0.18770619 
5.6900001 -71.612854 0.013561387 0.005255233 0.99048519 0.22416285 0.18723753 
5.6999998 -71.580009 0.013588928 0.0052933963 0.9905203 0.22402827 0.18677004 
5.71 -71.547234 0.013616975 0.0053317435 0.99055505 0.22389404 0.18630372 
5.7199998 -71.514526 0.013645529 0.0053702756 0.99058962 0.22376014 0.18583857 
5.73 -71.481888 0.013674584 0.0054089921 0.99062389 0.22362655 0.18537456 
5.7399998 -71.44931 0.013704142 0.0054478934 0.99065793 0.22349331 0.18491173 
5.75 -71.416809 0.013734198 0.0054869805 0.99069172 0.22336037 0.18445005 
5.7600002 -71.384377 0.013764751 0.0055262526 0.99072528 0.22322778 0.18398951 
5.77 -71.352013 0.013795801 0.0055657099 0.99075854 0.22309551 0.18353014 
5.7800002 -71.31971 0.013827343 0.0056053535 0.99079162 0.22296354 0.18307191 
5.79 -71.287483 0.013859375 0.0056451829 0.9908244 0.2228319 0.18261482 
5.8000002 -71.255318 0.013891898 0.0056851986 0.99085695 0.2227006 0.18215887 
5.8099999 -71.223221 0.013924909 0.0057254005 0.99088931 0.2225696 0.18170406 
5.8200002 -71.191193 0.013958405 0.0057657887 0.99092138 0.22243892 0.18125039 
5.8299999 -71.159225 0.013992384 0.0058063641 0.99095321 0.22230855 0.18079786 
5.8400002 -71.127327 0.014026846 0.0058471262 0.99098486 0.2221785 0.18034644 
5.8499999 -71.095497 0.014061788 0.0058880751 0.99101621 0.22204876 0.17989616 
5.8600001 -71.063736 0.014097208 0.0059292116 0.99104738 0.22191933 0.17944701 
5.8699999 -71.032043 0.014133105 0.0059705358 0.99107826 0.22179022 0.17899898 
5.8800001 -71.000412 0.014169477 0.0060120472 0.99110895 0.22166142 0.17855206 
5.8899999 -70.968842 0.014206322 0.0060537462 0.99113941 0.22153291 0.17810626 
5.9000001 -70.937347 0.014243638 0.0060956334 0.99116963 0.22140473 0.17766157 
5.9099998 -70.905914 0.014281424 0.0061377087 0.99119967 0.22127685 0.17721799 
5.9200001 -70.874542 0.014319677 0.0061799716 0.99122941 0.22114927 0.17677553 
5.9299998 -70.843239 0.014358397 0.0062224236 0.99125898 0.22102199 0.17633416 
5.9400001 -70.812004 0.01439758 0.0062650638 0.99128836 0.22089502 0.1758939 
5.9499998 -70.78083 0.014437228 0.0063078925 0.99131745 0.22076835 0.17545474 
5.96 -70.749725 0.014477335 0.0063509103 0.99134636 0.22064199 0.17501667 
5.9699998 -70.718681 0.014517902 0.0063941171 0.99137509 0.22051591 0.17457969 
5.98 -70.687706 0.014558928 0.0064375126 0.99140352 0.22039014 0.17414382 
5.9899998 -70.656792 0.014600409 0.0064810975 0.99143177 0.22026466 0.17370903 
6 -70.625938 0.014642346 0.0065248716 0.99145985 0.22013947 0.17327532 
6.0100002 -70.595154 0.014684734 0.0065688351 0.99148768 0.22001459 0.1728427 
6.02 -70.56443 0.014727575 0.0066129882 0.99151528 0.21989 0.17241116 
6.0300002 -70.533775 0.014770865 0.0066573313 0.9915427 0.21976569 0.17198069 
6.04 -70.503181 0.014814604 0.0067018638 0.99156994 0.21964169 0.1715513 
6.0500002 -70.472649 0.014858789 0.0067465859 0.99159694 0.21951796 0.17112298 
6.0599999 -70.442184 0.01490342 0.0067914985 0.9916237 0.21939453 0.17069574 
6.0700002 -70.411774 0.014948494 0.0068366011 0.99165034 0.21927139 0.17026955 
6.0799999 -70.381439 0.01499401 0.0068818936 0.99167669 0.21914855 0.16984443 
6.0900002 -70.351158 0.015039967 0.0069273766 0.99170291 0.21902597 0.16942038 
6.0999999 -70.320946 0.015086364 0.0069730496 0.9917289 0.21890369 0.16899739 
6.1100001 -70.290787 0.015133197 0.0070189135 0.99175471 0.21878168 0.16857545 
6.1199999 -70.260696 0.015180468 0.0070649679 0.99178028 0.21865997 0.16815457 
6.1300001 -70.230667 0.015228173 0.0071112127 0.99180567 0.21853852 0.16773473 
6.1399999 -70.200706 0.015276311 0.007157648 0.99183089 0.21841738 0.16731595 
6.1500001 -70.170799 0.015324881 0.0072042746 0.99185586 0.2182965 0.16689821 
6.1599998 -70.140961 0.015373882 0.0072510918 0.99188071 0.21817589 0.16648149 
6.1700001 -70.111176 0.015423312 0.0072980998 0.99190533 0.21805558 0.16606584 
6.1799998 -70.081459 0.015473169 0.0073452988 0.99192977 0.21793553 0.16565123 
6.1900001 -70.051804 0.015523453 0.0073926887 0.99195403 0.21781576 0.16523764 
6.1999998 -70.022202 0.015574161 0.0074402699 0.99197805 0.21769626 0.1648251 
6.21 -69.992668 0.015625292 0.0074880421 0.99200189 0.21757704 0.16441357 
6.2199998 -69.963196 0.015676847 0.0075360052 0.99202561 0.21745808 0.16400307 
6.23 -69.933777 0.015728822 0.0075841597 0.9920491 0.21733941 0.16359361 
6.2399998 -69.904427 0.015781216 0.0076325056 0.9920724 0.21722101 0.16318516 
6.25 -69.875137 0.015834028 0.0076810429 0.99209553 0.21710286 0.16277774 
6.2600002 -69.845901 0.015887259 0.0077297715 0.99211848 0.21698499 0.16237134 
6.27 -69.816727 0.015940903 0.0077786916 0.99214125 0.21686739 0.16196594 
6.2800002 -69.787621 0.01599496 0.0078278026 0.99216378 0.21675006 0.16156156 
6.29 -69.758568 0.016049432 0.0078771058 0.99218619 0.21663298 0.16115819 
6.3000002 -69.729576 0.016104314 0.0079266001 0.99220842 0.21651617 0.16075583 
6.3099999 -69.700638 0.016159609 0.0079762861 0.99223047 0.21639962 0.16035447 
6.3200002 -69.671768 0.01621531 0.0080261631 0.99225235 0.21628335 0.15995412 
6.3299999 -69.642952 0.01627142 0.0080762319 0.99227405 0.21616733 0.15955476 
6.3400002 -69.614197 0.016327936 0.0081264926 0.99229556 0.21605156 0.1591564 
6.3499999 -69.585503 0.016384857 0.0081769442 0.9923169 0.21593606 0.15875903 
6.3600001 -69.556862 0.016442182 0.0082275877 0.99233806 0.21582083 0.15836266 
6.3699999 -69.528282 0.016499911 0.008278423 0.99235904 0.21570584 0.15796728 
6.3800001 -69.499763 0.01655804 0.0083294492 0.9923799 0.21559112 0.1575729 
6.3899999 -69.471306 0.016616568 0.0083806673 0.99240053 0.21547665 0.15717947 
6.4000001 -69.442902 0.016675496 0.0084320772 0.99242103 0.21536243 0.15678705 
6.4099998 -69.414558 0.016734824 0.008483679 0.99244136 0.21524848 0.1563956 
6.4200001 -69.386269 0.016794546 0.0085354717 0.9924615 0.21513477 0.15600513 
6.4299998 -69.35804 0.016854664 0.0085874563 0.99248147 0.21502131 0.15561564 
6.4400001 -69.329865 0.016915176 0.0086396318 0.99250132 0.21490811 0.15522712 
6.4499998 -69.301758 0.016976081 0.0086919991 0.99252093 0.21479516 0.15483958 
6.46 -69.273697 0.017037379 0.0087445583 0.99254042 0.21468246 0.15445299 
6.4699998 -69.245697 0.017099068 0.0087973084 0.99255979 0.21457 0.15406737 
6.48 -69.217758 0.017161144 0.0088502504 0.99257892 0.2144578 0.15368271 
6.4899998 -69.189873 0.01722361 0.0089033842 0.99259794 0.21434584 0.15329902 
6.5 -69.162041 0.017286463 0.0089567089 0.99261677 0.21423413 0.15291628 
6.5100002 -69.13427 0.017349701 0.0090102246 0.99263543 0.21412265 0.1525345 
6.52 -69.106552 0.017413326 0.0090639321 0.99265397 0.21401143 0.15215369 
6.5300002 -69.078896 0.017477332 0.0091178305 0.99267232 0.21390046 0.15177381 
6.54 -69.051292 0.017541723 0.0091719199 0.99269056 0.21378972 0.15139487 
6.5500002 -69.023743 0.017606495 0.0092262011 0.99270862 0.21367922 0.15101689 
6.5599999 -68.996254 0.017671647 0.0092806732 0.9927265 0.21356897 0.15063986 
6.5700002 -68.968819 0.017737178 0.0093353363 0.99274421 0.21345896 0.15026377 
6.5799999 -68.941437 0.017803088 0.0093901912 0.99276179 0.21334919 0.1498886 
6.5900002 -68.914116 0.017869376 0.0094452361 0.99277925 0.21323965 0.14951439 
6.5999999 -68.886848 0.017936038 0.0095004719 0.99279648 0.21313035 0.1491411 
6.6100001 -68.859634 0.018003076 0.0095558995 0.99281365 0.21302129 0.14876875 
6.6199999 -68.832474 0.018070487 0.0096115172 0.99283057 0.21291247 0.14839734 
6.6300001 -68.805367 0.018138273 0.0096673258 0.99284744 0.21280389 0.14802684 
6.6399999 -68.77832 0.018206429 0.0097233253 0.99286407 0.21269554 0.14765728 
6.6500001 -68.751328 0.018274955 0.0097795147 0.99288058 0.21258742 0.14728862 
6.6599998 -68.724388 0.018343853 0.0098358961 0.99289697 0.21247953 0.1469209 
6.6700001 -68.697502 0.018413117 0.0098924665 0.99291319 0.21237187 0.1465541 
6.6799998 -68.67067 0.01848275 0.0099492278 0.99292928 0.21226445 0.1461882 
6.6900001 -68.64389 0.01855275 0.01000618 0.99294519 0.21215725 0.14582323 
6.6999998 -68.617172 0.018623114 0.010063322 0.99296099 0.21205029 0.14545916 
6.71 -68.5905 0.018693844 0.010120654 0.99297661 0.21194355 0.145096 
6.7199998 -68.563881 0.018764935 0.010178177 0.9929921 0.21183705 0.14473376 
6.73 -68.537323 0.01883639 0.010235889 0.99300742 0.21173078 0.1443724 
6.7399998 -68.510811 0.018908208 0.010293791 0.99302262 0.21162473 0.14401197 
6.75 -68.484352 0.018980384 0.010351883 0.9930377 0.2115189 0.14365242 
6.7600002 -68.457954 0.019052921 0.010410164 0.9930526 0.21141329 0.14329378 
6.77 -68.431602 0.019125815 0.010468637 0.99306738 0.21130791 0.14293604 
6.7800002 -68.405304 0.019199066 0.010527298 0.99308199 0.21120277 0.14257918 
6.79 -68.379059 0.019272674 0.010586148 0.99309647 0.21109784 0.14222321 
6.8000002 -68.352867 0.019346638 0.010645188 0.99311084 0.21099313 0.14186814 
6.8099999 -68.326721 0.019420955 0.010704418 0.99312508 0.21088864 0.14151396 
6.8200002 -68.300636 0.019495627 0.010763836 0.99313915 0.21078438 0.14116065 
6.8299999 -68.274597 0.019570651 0.010823444 0.99315304 0.21068034 0.14080822 
6.8400002 -68.248611 0.019646026 0.01088324 0.99316686 0.2105765 0.14045669 
6.8499999 -68.222679 0.019721752 0.010943226 0.99318051 0.2104729 0.14010602 
6.8600001 -68.1968 0.019797828 0.0110034 0.99319404 0.21036951 0.13975625 
6.8699999 -68.170967 0.019874251 0.011063763 0.9932074 0.21026634 0.13940732 
6.8800001 -68.145195 0.019951023 0.011124315 0.99322069 0.21016338 0.13905929 
6.8899999 -68.119461 0.02002814 0.011185055 0.9932338 0.21006064 0.13871211 
6.9000001 -68.093788 0.020105604 0.011245983 0.99324679 0.20995812 0.13836581 
6.9099998 -68.068161 0.020183414 0.0113071 0.99325961 0.20985581 0.13802037 
6.9200001 -68.042587 0.020261567 0.011368404 0.9932723 0.20975371 0.13767579 
6.9299998 -68.017059 0.020340063 0.011429898 0.99328488 0.20965183 0.13733207 
6.9400001 -67.991585 0.020418899 0.011491578 0.99329734 0.20955016 0.13698922 
6.9499998 -67.966164 0.020498078 0.011553447 0.99330968 0.2094487 0.13664721 
6.96 -67.940788 0.020577597 0.011615503 0.99332184 0.20934744 0.13630606 
6.9699998 -67.915466 0.020657456 0.011677747 0.99333394 0.20924641 0.13596576 
6.98 -67.89019 0.020737652 0.011740178 0.99334586 0.20914558 0.13562632 
6.9899998 -67.864967 0.020818185 0.011802796 0.99335766 0.20904495 0.13528772 
7 -67.83979 0.020899056 0.011865602 0.99336928 0.20894454 0.13494997 
7.0100002 -67.814667 0.020980261 0.011928596 0.99338084 0.20884433 0.13461307 
7.02 -67.789589 0.021061802 0.011991775 0.99339223 0.20874433 0.13427699 
7.0300002 -67.764565 0.021143677 0.012055142 0.99340355 0.20864454 0.13394177 
7.04 -67.739578 0.021225883 0.012118695 0.9934147 0.20854495 0.13360737 
7.0500002 -67.714653 0.021308422 0.012182436 0.99342573 0.20844556 0.13327383 
7.0599999 -67.689774 0.021391293 0.012246362 0.99343663 0.2083464 0.1329411 
7.0700002 -67.66494 0.021474494 0.012310475 0.99344736 0.20824742 0.1326092 
7.0799999 -67.640152 0.021558024 0.012374775 0.99345803 0.20814864 0.13227814 
7.0900002 -67.615417 0.021641884 0.01243926 0.99346852 0.20805007 0.1319479 
7.0999999 -67.590729 0.02172607 0.012503931 0.99347895 0.20795171 0.1316185 
7.1100001 -67.566086 0.021810584 0.012568789 0.99348921 0.20785354 0.1312899 
7.1199999 -67.541496 0.021895422 0.012633832 0.9934994 0.20775557 0.13096213 
7.1300001 -67.516953 0.021980587 0.01269906 0.99350941 0.2076578 0.13063519 
7.1399999 -67.492455 0.022066075 0.012764474 0.99351931 0.20756023 0.13030906 
7.1500001 -67.468002 0.022151887 0.012830074 0.99352908 0.20746286 0.12998374 
7.1599998 -67.443596 0.022238022 0.012895859 0.99353874 0.20736569 0.12965924 
7.1700001 -67.419243 0.022324476 0.012961829 0.99354827 0.20726871 0.12933554 
7.1799998 -67.394928 0.022411253 0.013027984 0.99355769 0.20717193 0.12901264 
7.1900001 -67.370667 0.022498351 0.013094324 0.99356699 0.20707536 0.12869057 
7.1999998 -67.346451 0.022585766 0.013160849 0.99357617 0.20697896 0.1283693 
7.21 -67.322281 0.022673501 0.013227558 0.99358523 0.20688277 0.12804882 
7.2199998 -67.298157 0.022761554 0.013294452 0.99359417 0.20678677 0.12772915 
7.23 -67.274078 0.022849921 0.01336153 0.99360299 0.20669097 0.12741028 
7.2399998 -67.250046 0.022938605 0.013428792 0.99361169 0.20659536 0.1270922 
7.25 -67.226059 0.023027606 0.013496239 0.99362028 0.20649993 0.12677491 
7.2600002 -67.202118 0.02311692 0.01356387 0.99362874 0.2064047 0.12645842 
7.27 -67.178223 0.023206547 0.013631685 0.99363708 0.20630968 0.12614273 
7.2800002 -67.154373 0.023296487 0.013699682 0.99364531 0.20621483 0.1258278 
7.29 -67.130569 0.023386737 0.013767865 0.99365348 0.20612016 0.12551369 
7.3000002 -67.106812 0.023477299 0.01383623 0.99366146 0.2060257 0.12520035 
7.3099999 -67.083099 0.023568172 0.013904779 0.99366933 0.20593143 0.12488779 
7.3200002 -67.059425 0.023659354 0.013973512 0.99367708 0.20583734 0.12457601 
7.3299999 -67.035805 0.023750845 0.014042427 0.99368477 0.20574343 0.12426502 
7.3400002 -67.012222 0.023842644 0.014111525 0.99369228 0.20564972 0.12395479 
7.3499999 -66.988686 0.02393475 0.014180807 0.99369973 0.20555618 0.12364534 
7.3600001 -66.965195 0.024027161 0.014250272 0.993707 0.20546284 0.12333667 
7.3699999 -66.941742 0.024119878 0.014319919 0.99371421 0.20536968 0.12302876 
7.3800001 -66.918343 0.024212901 0.014389749 0.99372131 0.20527671 0.12272163 
7.3899999 -66.894981 0.024306227 0.014459761 0.99372822 0.20518392 0.12241527 
7.4000001 -66.871658 0.024399856 0.014529956 0.99373507 0.20509133 0.12210967 
7.4099998 -66.848389 0.024493787 0.014600333 0.99374187 0.2049989 0.12180483 
7.4200001 -66.825157 0.024588021 0.014670892 0.99374849 0.20490667 0.12150075 
7.4299998 -66.801964 0.024682555 0.014741633 0.99375498 0.20481461 0.12119743 
7.4400001 -66.778824 0.024777388 0.014812556 0.99376142 0.20472273 0.12089487 
7.4499998 -66.755722 0.024872523 0.014883662 0.99376768 0.20463105 0.12059307 
7.46 -66.732658 0.024967955 0.014954949 0.99377388 0.20453952 0.12029202 
7.4699998 -66.709641 0.025063684 0.015026418 0.99377996 0.20444819 0.11999172 
7.48 -66.686668 0.025159711 0.015098068 0.99378592 0.20435704 0.11969217 
7.4899998 -66.663734 0.025256036 0.0151699 0.99379176 0.20426607 0.11939337 
7.5 -66.640846 0.025352655 0.015241913 0.99379748 0.20417528 0.11909532 
7.5100002 -66.617996 0.025449568 0.015314108 0.99380314 0.20408465 0.11879801 
7.52 -66.595184 0.025546778 0.015386484 0.99380869 0.20399421 0.11850144 
7.5300002 -66.572418 0.02564428 0.015459041 0.99381405 0.20390396 0.11820561 
7.54 -66.549698 0.025742074 0.015531779 0.99381936 0.20381387 0.11791053 
7.5500002 -66.527016 0.025840161 0.015604698 0.9938246 0.20372395 0.11761618 
7.5599999 -66.504372 0.025938539 0.015677799 0.99382967 0.20363422 0.11732256 
7.5700002 -66.481773 0.026037207 0.015751079 0.99383467 0.20354466 0.11702969 
7.5799999 -66.459206 0.026136167 0.015824541 0.99383956 0.20345527 0.11673754 
7.5900002 -66.436691 0.026235415 0.015898183 0.99384433 0.20336606 0.11644612 
7.5999999 -66.414207 0.026334951 0.015972007 0.99384898 0.20327702 0.11615542 
7.6100001 -66.391769 0.026434775 0.01604601 0.99385351 0.20318815 0.11586546 
7.6199999 -66.36937 0.026534885 0.016120195 0.99385798 0.20309946 0.11557622 
7.6300001 -66.347008 0.026635284 0.01619456 0.99386233 0.20301093 0.1152877 
7.6399999 -66.324692 0.026735967 0.016269105 0.99386656 0.20292258 0.11499991 
7.6500001 -66.302414 0.026836935 0.01634383 0.99387068 0.20283441 0.11471282 
7.6599998 -66.280167 0.026938189 0.016418736 0.99387473 0.20274639 0.11442646 
7.6700001 -66.257965 0.027039725 0.016493822 0.99387866 0.20265856 0.11414082 
7.6799998 -66.235809 0.027141545 0.016569087 0.99388248 0.20257089 0.11385588 
7.6900001 -66.213684 0.027243648 0.016644534 0.99388617 0.20248339 0.11357166 
7.6999998 -66.191597 0.02734603 0.016720161 0.99388975 0.20239605 0.11328815 
7.71 -66.169556 0.027448695 0.016795967 0.99389327 0.20230889 0.11300534 
7.7199998 -66.147545 0.02755164 0.016871953 0.99389666 0.20222189 0.11272325 
7.73 -66.125572 0.027654866 0.016948121 0.9939 0.20213506 0.11244185 
7.7399998 -66.103645 0.027758369 0.017024467 0.99390316 0.20204841 0.11216117 
7.75 -66.081749 0.027862152 0.017100995 0.99390626 0.2019619 0.11188117 
7.7600002 -66.059898 0.027966212 0.017177701 0.99390924 0.20187557 0.11160189 
7.77 -66.038078 0.02807055 0.017254587 0.99391216 0.20178941 0.1113233 
7.7800002 -66.016296 0.028175164 0.017331654 0.9939149 0.2017034 0.1110454 
7.79 -65.99456 0.028280053 0.017408902 0.99391758 0.20161757 0.1107682 
7.8000002 -65.972855 0.028385218 0.017486328 0.99392021 0.2015319 0.11049169 
7.8099999 -65.95118 0.028490659 0.017563935 0.99392265 0.20144638 0.11021587 
7.8200002 -65.92955 0.028596371 0.017641721 0.99392503 0.20136105 0.10994074 
7.8299999 -65.907959 0.02870236 0.017719688 0.9939273 0.20127586 0.1096663 
7.8400002 -65.886398 0.028808618 0.017797835 0.99392951 0.20119083 0.10939255 
7.8499999 -65.864876 0.028915152 0.017876161 0.99393159 0.20110598 0.10911947 
7.8600001 -65.843391 0.029021954 0.017954668 0.99393356 0.20102128 0.10884708 
7.8699999 -65.821945 0.02912903 0.018033355 0.99393541 0.20093673 0.10857537 
7.8800001 -65.800529 0.029236374 0.018112224 0.99393719 0.20085236 0.10830434 
7.8899999 -65.779152 0.029343989 0.018191271 0.99393886 0.20076814 0.10803399 
7.9000001 -65.757805 0.029451873 0.018270498 0.99394041 0.20068409 0.10776431 
7.9099998 -65.736504 0.029560026 0.018349905 0.9939419 0.20060019 0.10749531 
7.9200001 -65.715225 0.029668448 0.018429494 0.99394327 0.20051645 0.10722698 
7.9299998 -65.693993 0.029777136 0.018509263 0.99394459 0.20043287 0.10695931 
7.9400001 -65.672791 0.029886091 0.018589212 0.99394572 0.20034945 0.10669231 
7.9499998 -65.651619 0.029995313 0.018669341 0.99394679 0.20026618 0.10642599 
7.96 -65.630486 0.030104801 0.018749651 0.9939478 0.20018306 0.10616033 
7.9699998 -65.60939 0.030214554 0.018830143 0.99394864 0.20010012 0.10589533 
7.98 -65.588326 0.030324571 0.018910814 0.99394947 0.20001732 0.10563099 
7.9899998 -65.567291 0.030434852 0.018991666 0.99395013 0.19993468 0.10536732 
8 -65.546295 0.030545399 0.0190727 0.99395072 0.1998522 0.1051043 
8.0100002 -65.525337 0.030656205 0.019153915 0.9939512 0.19976987 0.10484194 
8.0200005 -65.504402 0.030767277 0.019235311 0.99395162 0.19968769 0.10458024 
8.0299997 -65.483513 0.030878609 0.019316889 0.99395186 0.19960567 0.10431919 
8.04 -65.462646 0.030990204 0.019398648 0.9939521 0.19952381 0.10405879 
8.0500002 -65.441818 0.031102059 0.019480588 0.99395216 0.19944209 0.10379904 
8.0600004 -65.421021 0.031214176 0.01956271 0.99395216 0.19936053 0.10353994 
8.0699997 -65.400253 0.031326551 0.019645015 0.9939521 0.19927913 0.10328149 
8.0799999 -65.379524 0.031439185 0.0197275 0.99395192 0.19919787 0.10302368 
8.0900002 -65.358826 0.03155208 0.019810168 0.99395162 0.19911677 0.10276652 
8.1000004 -65.338158 0.031665232 0.019893019 0.9939512 0.19903581 0.10251 
8.1099997 -65.31752 0.031778645 0.019976053 0.99395072 0.19895501 0.10225412 
8.1199999 -65.296913 0.031892311 0.020059269 0.99395013 0.19887435 0.10199888 
8.1300001 -65.276344 0.032006238 0.020142667 0.99394947 0.19879386 0.10174428 
8.1400003 -65.255798 0.032120418 0.020226249 0.9939487 0.19871351 0.10149031 
8.1499996 -65.235291 0.032234859 0.020310014 0.99394786 0.19863331 0.10123698 
8.1599998 -65.214813 0.032349549 0.020393964 0.99394685 0.19855326 0.10098428 
8.1700001 -65.194359 0.032464501 0.020478096 0.99394584 0.19847336 0.10073221 
8.1800003 -65.173943 0.032579701 0.020562412 0.99394464 0.1983936 0.10048078 
8.1899996 -65.153557 0.032695159 0.020646913 0.99394345 0.198314 0.10022996 
8.1999998 -65.133202 0.032810871 0.020731598 0.99394208 0.19823454 0.099979788 
8.21 -65.112869 0.032926839 0.020816468 0.99394065 0.19815522 0.099730223 
8.2200003 -65.092575 0.033043053 0.020901522 0.9939391 0.19807607 0.099481292 
8.2299995 -65.072311 0.033159524 0.020986762 0.99393749 0.19799705 0.099232979 
8.2399998 -65.052071 0.033276249 0.021072187 0.99393576 0.19791818 0.098985285 
8.25 -65.03186 0.033393223 0.021157797 0.99393398 0.19783945 0.098738216 
8.2600002 -65.011681 0.033510447 0.021243595 0.99393207 0.19776088 0.098491758 
8.2700005 -64.991531 0.033627924 0.021329578 0.99393004 0.19768244 0.098245919 
8.2799997 -64.971413 0.03374565 0.021415748 0.99392796 0.19760416 0.09800069 
8.29 -64.951317 0.033863626 0.021502106 0.99392575 0.19752602 0.09775608 
8.3000002 -64.931252 0.033981856 0.02158865 0.99392349 0.19744802 0.097512074 
8.3100004 -64.911217 0.034100331 0.02167538 0.9939211 0.19737016 0.097268678 
8.3199997 -64.891212 0.034219056 0.0217623 0.9939186 0.19729245 0.097025894 
8.3299999 -64.871231 0.034338031 0.021849409 0.99391603 0.19721489 0.09678372 
8.3400002 -64.85128 0.034457251 0.021936705 0.99391335 0.19713746 0.096542142 
8.3500004 -64.831352 0.034576721 0.02202419 0.99391061 0.19706017 0.096301176 
8.3599997 -64.811455 0.034696437 0.022111865 0.99390775 0.19698304 0.096060805 
8.3699999 -64.79158 0.034816403 0.022199729 0.99390483 0.19690603 0.095821038 
8.3800001 -64.771736 0.034936614 0.022287784 0.99390179 0.19682918 0.095581874 
8.3900003 -64.751923 0.035057075 0.022376029 0.99389869 0.19675246 0.095343299 
8.3999996 -64.732132 0.035177778 0.022464465 0.99389547 0.19667588 0.095105328 
8.4099998 -64.712364 0.035298727 0.022553094 0.99389213 0.19659945 0.094867945 
8.4200001 -64.692627 0.035419926 0.022641914 0.99388874 0.19652316 0.094631158 
8.4300003 -64.67292 0.035541367 0.022730926 0.99388522 0.19644701 0.094394967 
8.4399996 -64.653229 0.035663053 0.02282013 0.99388164 0.19637099 0.094159357 
8.4499998 -64.633568 0.035784982 0.022909528 0.99387795 0.19629511 0.093924344 
8.46 -64.61393 0.03590716 0.022999119 0.99387419 0.19621938 0.093689911 
8.4700003 -64.594322 0.036029581 0.023088906 0.99387032 0.19614379 0.093456067 
8.4799995 -64.574738 0.036152244 0.023178887 0.99386638 0.19606833 0.093222812 
8.4899998 -64.555176 0.036275152 0.023269063 0.99386233 0.19599301 0.092990138 
8.5 -64.535637 0.036398303 0.023359435 0.99385816 0.19591783 0.092758037 
8.5100002 -64.516129 0.036521696 0.023450002 0.99385393 0.19584279 0.092526525 
8.5200005 -64.496635 0.036645334 0.023540767 0.99384958 0.19576788 0.092295587 
8.5299997 -64.477173 0.036769215 0.023631729 0.99384516 0.19569311 0.09206523 
8.54 -64.457733 0.036893334 0.023722889 0.99384069 0.19561847 0.091835439 
8.5500002 -64.438316 0.037017699 0.023814248 0.99383605 0.19554397 0.09160623 
8.5600004 -64.418922 0.037142307 0.023905806 0.99383134 0.19546962 0.091377594 
8.5699997 -64.399551 0.037267156 0.023997564 0.99382657 0.1953954 0.091149531 
8.5799999 -64.380203 0.037392247 0.024089523 0.99382168 0.19532129 0.090922035 
8.5900002 -64.360878 0.037517577 0.024181681 0.99381673 0.19524734 0.090695105 
8.6000004 -64.341576 0.037643153 0.024274042 0.99381167 0.19517352 0.090468742 
8.6099997 -64.322296 0.037768967 0.024366606 0.99380648 0.19509985 0.090242945 
8.6199999 -64.30304 0.037895024 0.024459371 0.99380124 0.19502629 0.090017714 
8.6300001 -64.283798 0.038021319 0.024552342 0.99379593 0.19495288 0.089793049 
8.6400003 -64.264587 0.038147856 0.024645517 0.99379051 0.19487959 0.089568943 
8.6499996 -64.245392 0.038274635 0.024738895 0.99378496 0.19480644 0.089345396 
8.6599998 -64.226219 0.038401652 0.024832482 0.99377936 0.19473343 0.089122407 
8.6700001 -64.207069 0.038528912 0.024926273 0.99377364 0.19466054 0.08889997 
8.6800003 -64.187935 0.03865641 0.025020273 0.99376786 0.19458778 0.088678099 
8.6899996 -64.168823 0.03878415 0.02511448 0.99376196 0.19451517 0.088456772 
8.6999998 -64.149734 0.038912129 0.025208896 0.993756 0.19444269 0.088236004 
8.71 -64.130669 0.039040349 0.025303524 0.99374992 0.19437033 0.088015787 
8.7200003 -64.111618 0.039168809 0.025398361 0.99374378 0.1942981 0.087796122 
8.7299995 -64.092583 0.039297506 0.025493408 0.99373752 0.19422601 0.087577008 
8.7399998 -64.07357 0.039426446 0.025588669 0.99373114 0.19415405 0.087358437 
8.75 -64.054581 0.039555624 0.025684142 0.9937247 0.19408223 0.087140411 
8.7600002 -64.035606 0.039685044 0.02577983 0.99371821 0.19401053 0.086922936 
8.7700005 -64.016655 0.039814699 0.025875732 0.99371159 0.19393896 0.086705998 
8.7799997 -63.997719 0.0399446 0.025971852 0.99370486 0.19386752 0.086489603 
8.79 -63.978798 0.040074736 0.026068186 0.99369806 0.19379622 0.086273752 
8.8000002 -63.9599 0.040205114 0.02616474 0.99369115 0.19372503 0.086058438 
8.8100004 -63.941017 0.04033573 0.02626151 0.99368417 0.19365399 0.08584366 
8.8199997 -63.922153 0.040466588 0.026358502 0.99367708 0.19358307 0.085629426 
8.8299999 -63.903305 0.040597685 0.026455713 0.99366993 0.19351228 0.085415721 
8.8400002 -63.884476 0.04072902 0.026553147 0.99366266 0.19344161 0.085202552 
8.8500004 -63.865662 0.040860597 0.026650803 0.99365532 0.19337109 0.084989913 
8.8599997 -63.846867 0.040992413 0.026748683 0.99364787 0.19330068 0.08477781 
8.8699999 -63.828083 0.041124471 0.026846789 0.99364036 0.19323041 0.084566236 
8.8800001 -63.809319 0.041256767 0.026945118 0.99363273 0.19316025 0.084355183 
8.8900003 -63.790573 0.041389305 0.027043676 0.99362504 0.19309023 0.084144667 
8.8999996 -63.771839 0.041522082 0.027142461 0.99361724 0.19302033 0.083934672 
8.9099998 -63.75312 0.041655097 0.027241478 0.99360931 0.19295056 0.083725207 
8.9200001 -63.734417 0.041788358 0.027340723 0.99360132 0.19288093 0.083516255 
8.9300003 -63.715733 0.041921854 0.0274402 0.99359322 0.19281141 0.083307832 
8.9399996 -63.69706 0.042055596 0.027539909 0.99358505 0.19274202 0.083099931 
8.9499998 -63.678398 0.042189576 0.027639853 0.99357682 0.19267276 0.082892552 
8.96 -63.659756 0.042323798 0.027740031 0.99356842 0.19260362 0.082685687 
8.9700003 -63.641125 0.042458262 0.027840449 0.99356002 0.19253461 0.082479335 
8.9799995 -63.622509 0.042592969 0.027941102 0.99355143 0.19246572 0.082273506 
8.9899998 -63.603905 0.042727914 0.028041994 0.99354279 0.19239697 0.08206819 
9 -63.585312 0.042863104 0.028143128 0.99353409 0.19232833 0.081863381 
9.0100002 -63.566734 0.042998534 0.028244503 0.99352527 0.19225982 0.081659093 
9.0200005 -63.548168 0.043134209 0.028346121 0.99351639 0.19219144 0.081455313 
9.0299997 -63.529617 0.043270126 0.028447984 0.99350739 0.19212317 0.081252038 
9.04 -63.511074 0.043406285 0.028550092 0.99349827 0.19205503 0.081049271 
9.0500002 -63.492546 0.043542687 0.028652448 0.99348909 0.19198702 0.080847017 
9.0600004 -63.47403 0.043679334 0.028755054 0.99347979 0.19191913 0.080645263 
9.0699997 -63.455521 0.043816224 0.028857909 0.99347043 0.19185136 0.080444016 
9.0799999 -63.437027 0.043953359 0.028961018 0.99346095 0.19178373 0.080243267 
9.0900002 -63.418541 0.04409074 0.029064378 0.99345142 0.19171621 0.080043025 
9.1000004 -63.400066 0.044228364 0.029167995 0.99344176 0.19164881 0.079843283 
9.1099997 -63.381603 0.044366233 0.029271867 0.99343204 0.19158153 0.079644039 
9.1199999 -63.363148 0.044504348 0.029375998 0.99342221 0.19151439 0.079445288 
9.1300001 -63.344704 0.044642709 0.029480388 0.99341226 0.19144736 0.079247043 
9.1400003 -63.326267 0.04478132 0.029585041 0.99340224 0.19138046 0.079049289 
9.1499996 -63.307842 0.044920173 0.029689956 0.99339217 0.19131367 0.078852028 
9.1599998 -63.289425 0.045059275 0.029795136 0.99338192 0.191247 0.078655258 
9.1700001 -63.271015 0.045198627 0.029900584 0.99337161 0.19118047 0.078458987 
9.1800003 -63.252613 0.045338225 0.030006299 0.99336123 0.19111405 0.078263201 
9.1899996 -63.234219 0.045478072 0.030112285 0.99335074 0.19104774 0.078067906 
9.1999998 -63.215832 0.045618169 0.030218543 0.99334019 0.19098157 0.077873096 
9.21 -63.197453 0.045758516 0.030325076 0.99332952 0.19091552 0.077678777 
9.2200003 -63.179081 0.045899112 0.030431883 0.99331874 0.19084959 0.077484943 
9.2299995 -63.160717 0.046039961 0.030538969 0.99330789 0.19078377 0.077291593 
9.2399998 -63.142357 0.04618106 0.030646333 0.99329692 0.19071808 0.077098727 
9.25 -63.124004 0.046322413 0.030753979 0.99328583 0.1906525 0.076906338 
9.2600002 -63.105656 0.046464015 0.03086191 0.99327475 0.19058706 0.076714434 
9.2700005 -63.087315 0.046605874 0.030970126 0.99326348 0.19052172 0.076523013 
9.2799997 -63.068977 0.046747983 0.031078629 0.99325216 0.19045651 0.076332062 
9.29 -63.050648 0.046890348 0.031187423 0.99324071 0.19039142 0.076141596 
9.3000002 -63.032318 0.047032967 0.03129651 0.99322921 0.19032645 0.075951606 
9.3100004 -63.013996 0.047175843 0.031405888 0.99321759 0.19026159 0.075762086 
9.3199997 -62.995674 0.047318976 0.031515565 0.99320585 0.19019686 0.075573042 
9.3299999 -62.97736 0.047462367 0.031625539 0.99319404 0.19013225 0.075384468 
9.3400002 -62.959045 0.047606014 0.031735815 0.99318212 0.19006775 0.07519637 
9.3500004 -62.940735 0.047749922 0.031846393 0.99317014 0.19000337 0.075008735 
9.3599997 -62.922428 0.047894087 0.031957276 0.99315804 0.18993911 0.074821576 
9.3699999 -62.904125 0.048038512 0.032068469 0.99314582 0.18987498 0.07463488 
9.3800001 -62.885818 0.048183199 0.03217997 0.99313354 0.18981095 0.074448653 
9.3900003 -62.867519 0.048328146 0.032291785 0.99312115 0.18974705 0.074262895 
9.3999996 -62.849216 0.048473358 0.032403916 0.99310869 0.18968326 0.074077599 
9.4099998 -62.830917 0.048618834 0.032516364 0.99309611 0.18961959 0.073892765 
9.4200001 -62.812614 0.048764572 0.032629132 0.99308342 0.18955605 0.073708393 
9.4300003 -62.794315 0.048910577 0.032742225 0.99307066 0.18949261 0.073524483 
9.4399996 -62.776016 0.049056847 0.032855641 0.99305779 0.1894293 0.073341027 
9.4499998 -62.757717 0.049203385 0.032969385 0.99304479 0.1893661 0.073158033 
9.46 -62.739414 0.049350191 0.033083461 0.99303174 0.18930303 0.072975501 
9.4700003 -62.721111 0.049497265 0.033197872 0.99301857 0.18924005 0.072793424 
9.4799995 -62.702805 0.049644608 0.033312619 0.99300534 0.18917722 0.072611801 
9.4899998 -62.684498 0.049792226 0.033427704 0.99299198 0.18911448 0.072430626 
9.5 -62.666191 0.049940113 0.033543132 0.99297851 0.18905188 0.072249912 
9.5100002 -62.647877 0.050088275 0.033658903 0.99296492 0.18898939 0.072069645 
9.5200005 -62.629562 0.050236709 0.033775028 0.99295127 0.18892701 0.071889833 
9.5299997 -62.611244 0.050385419 0.033891499 0.99293751 0.18886474 0.071710467 
9.54 -62.592918 0.050534409 0.034008324 0.99292368 0.1888026 0.071531549 
9.5500002 -62.574593 0.050683673 0.034125511 0.99290973 0.18874057 0.071353078 
9.5600004 -62.556259 0.050833214 0.034243055 0.99289566 0.18867867 0.071175054 
9.5699997 -62.537922 0.050983038 0.034360964 0.99288148 0.18861687 0.070997477 
9.5799999 -62.519577 0.051133145 0.034479242 0.99286723 0.18855518 0.070820346 
9.5900002 -62.501228 0.051283531 0.034597889 0.99285287 0.18849362 0.070643649 
9.6000004 -62.482872 0.0514342 0.034716908 0.99283838 0.18843217 0.070467405 
9.6099997 -62.464512 0.051585156 0.034836307 0.99282384 0.18837084 0.070291594 
9.6199999 -62.44614 0.0517364 0.034956086 0.99280918 0.18830962 0.070116222 
9.6300001 -62.427761 0.051887929 0.035076249 0.99279439 0.18824853 0.06994129 
9.6400003 -62.409378 0.05203975 0.035196804 0.99277955 0.18818754 0.069766797 
9.6499996 -62.390984 0.052191857 0.035317745 0.99276459 0.18812667 0.069592737 
9.6599998 -62.372578 0.052344259 0.035439085 0.99274951 0.18806592 0.069419116 
9.6700001 -62.354164 0.052496955 0.03556082 0.99273431 0.18800528 0.069245927 
9.6800003 -62.335743 0.052649945 0.035682961 0.99271899 0.18794475 0.06907317 
9.6899996 -62.31731 0.05280323 0.035805508 0.99270362 0.18788435 0.068900846 
9.6999998 -62.298866 0.052956816 0.035928469 0.99268812 0.18782406 0.068728954 
9.71 -62.280411 0.0531107 0.03605184 0.99267256 0.18776387 0.068557493 
9.7200003 -62.261944 0.053264882 0.036175635 0.99265683 0.1877038 0.068386458 
9.7299995 -62.243465 0.05341937 0.036299847 0.99264103 0.18764386 0.068215854 
9.7399998 -62.224972 0.053574163 0.036424492 0.99262512 0.18758403 0.068045668 
9.75 -62.206467 0.053729258 0.036549564 0.99260908 0.1875243 0.067875914 
9.7600002 -62.18795 0.053884666 0.036675073 0.99259299 0.1874647 0.067706585 
9.7700005 -62.169415 0.05404038 0.036801025 0.99257678 0.18740521 0.06753768 
9.7799997 -62.150867 0.054196406 0.036927421 0.99256039 0.18734583 0.067369193 
9.79 -62.132305 0.054352745 0.037054267 0.99254394 0.18728657 0.06720113 
9.8000002 -62.113728 0.054509398 0.037181564 0.99252743 0.18722743 0.067033485 
9.8100004 -62.095135 0.05466637 0.037309323 0.99251074 0.1871684 0.066866264 
9.8199997 -62.076523 0.054823659 0.037437543 0.99249399 0.18710949 0.06669946 
9.8299999 -62.057892 0.054981269 0.037566233 0.99247712 0.18705069 0.066533066 
9.8400002 -62.039246 0.055139203 0.037695397 0.99246013 0.18699199 0.066367097 
9.8500004 -62.020584 0.05529746 0.037825037 0.99244303 0.18693341 0.066201538 
9.8599997 -62.0019 0.055456046 0.037955161 0.9924258 0.18687496 0.066036396 
9.8699999 -61.983196 0.055614959 0.038085774 0.99240845 0.18681662 0.065871663 
9.8800001 -61.964474 0.055774201 0.038216881 0.99239105 0.18675838 0.065707341 
9.8900003 -61.945728 0.055933781 0.038348489 0.99237347 0.18670027 0.065543436 
9.8999996 -61.926964 0.056093693 0.038480602 0.99235582 0.18664226 0.06537994 
9.9099998 -61.90818 0.056253944 0.038613223 0.99233806 0.18658437 0.065216847 
9.9200001 -61.88937 0.056414533 0.038746361 0.99232018 0.1865266 0.065054163 
9.9300003 -61.870541 0.056575462 0.03888002 0.99230218 0.18646894 0.06489189 
9.9399996 -61.851685 0.056736741 0.039014209 0.99228406 0.1864114 0.064730026 
9.9499998 -61.832806 0.056898363 0.03914893 0.99226582 0.18635397 0.064568557 
9.96 -61.813904 0.057060335 0.039284188 0.99224752 0.18629664 0.064407498 
9.9700003 -61.794971 0.057222661 0.039419997 0.99222904 0.18623944 0.064246841 
9.9799995 -61.776016 0.05738534 0.039556354 0.99221045 0.18618235 0.064086586 
9.9899998 -61.757038 0.057548374 0.03969327 0.99219179 0.18612537 0.063926734 
10 -61.738029 0.057711769 0.039830752 0.99217296 0.18606852 0.063767277 
10.01 -61.71899 0.057875529 0.039968804 0.992154 0.18601176 0.063608222 
10.02 -61.699924 0.05803965 0.040107433 0.99213499 0.18595514 0.063449562 
10.03 -61.680832 0.058204141 0.040246651 0.9921158 0.18589862 0.063291296 
10.04 -61.661705 0.058369 0.040386457 0.99209654 0.18584222 0.063133433 
10.05 -61.642551 0.058534235 0.040526863 0.99207711 0.18578592 0.062975958 
10.06 -61.623363 0.058699843 0.040667873 0.99205762 0.18572974 0.062818885 
10.07 -61.604145 0.05886583 0.040809497 0.99203795 0.18567368 0.062662199 
10.08 -61.584892 0.059032202 0.040951744 0.99201816 0.18561774 0.062505908 
10.09 -61.565609 0.059198961 0.041094616 0.99199831 0.18556191 0.062350005 
10.1 -61.546288 0.059366103 0.041238125 0.99197829 0.18550619 0.062194493 
10.11 -61.526936 0.059533641 0.041382279 0.99195814 0.18545058 0.062039372 
10.12 -61.507545 0.059701569 0.041527081 0.99193788 0.18539509 0.061884634 
10.13 -61.488117 0.0598699 0.041672546 0.99191749 0.18533972 0.061730288 
10.14 -61.468651 0.06003863 0.041818678 0.99189699 0.18528447 0.061576325 
10.15 -61.44915 0.060207766 0.041965485 0.9918763 0.18522932 0.06142275 
10.16 -61.429607 0.060377307 0.042112976 0.99185556 0.18517429 0.061269559 
10.17 -61.410027 0.060547262 0.042261165 0.99183464 0.18511938 0.061116748 
10.18 -61.390404 0.060717631 0.042410053 0.9918136 0.18506458 0.060964324 
10.19 -61.370739 0.060888421 0.042559654 0.99179244 0.1850099 0.060812276 
10.2 -61.351032 0.061059631 0.042709973 0.99177116 0.18495533 0.060660612 
10.21 -61.331284 0.06123127 0.042861022 0.9917497 0.18490086 0.060509324 
10.22 -61.311489 0.061403338 0.043012813 0.99172819 0.18484654 0.060358416 
10.23 -61.291653 0.061575837 0.043165348 0.99170649 0.18479231 0.060207888 
10.24 -61.271767 0.061748777 0.043318648 0.99168468 0.1847382 0.060057737 
10.25 -61.251835 0.061922159 0.043472715 0.99166268 0.18468422 0.059907958 
10.26 -61.231853 0.062095985 0.04362756 0.99164063 0.18463033 0.059758555 
10.27 -61.211826 0.062270265 0.043783195 0.99161839 0.18457657 0.059609525 
10.28 -61.191746 0.062444996 0.043939631 0.99159604 0.18452293 0.059460871 
10.29 -61.171616 0.062620185 0.04409688 0.99157351 0.1844694 0.059312586 
10.3 -61.151436 0.06279584 0.044254947 0.99155086 0.18441598 0.059164673 
10.31 -61.131203 0.062971964 0.044413853 0.99152809 0.18436269 0.059017129 
10.32 -61.110912 0.063148558 0.044573601 0.99150515 0.18430951 0.058869954 
10.33 -61.090569 0.063325629 0.044734206 0.99148208 0.18425645 0.058723148 
10.34 -61.070171 0.063503183 0.044895679 0.99145889 0.18420351 0.058576711 
10.35 -61.049713 0.063681222 0.045058034 0.99143553 0.18415068 0.058430638 
10.36 -61.029198 0.063859753 0.045221284 0.99141198 0.18409796 0.058284931 
10.37 -61.008621 0.064038776 0.045385439 0.99138838 0.18404537 0.058139592 
10.38 -60.987988 0.064218305 0.045550514 0.99136454 0.18399289 0.057994612 
10.39 -60.967289 0.064398341 0.04571652 0.99134064 0.18394053 0.057849996 
10.4 -60.946529 0.064578891 0.045883473 0.9913165 0.18388829 0.057705745 
10.41 -60.925705 0.064759955 0.046051383 0.9912923 0.18383616 0.057561852 
10.42 -60.904816 0.06494154 0.046220269 0.99126786 0.18378416 0.05741832 
10.43 -60.883858 0.065123655 0.046390142 0.9912433 0.18373227 0.057275146 
10.44 -60.862831 0.065306298 0.046561018 0.99121863 0.1836805 0.057132334 
10.45 -60.84174 0.065489486 0.046732914 0.99119377 0.18362886 0.056989875 
10.46 -60.820572 0.065673225 0.046905838 0.99116874 0.18357731 0.056847773 
10.47 -60.799335 0.065857507 0.047079813 0.99114358 0.18352591 0.05670603 
10.48 -60.778023 0.066042349 0.047254849 0.99111819 0.18347462 0.05656464 
10.49 -60.756638 0.066227756 0.04743097 0.99109274 0.18342344 0.056423601 
10.5 -60.735176 0.06641373 0.047608186 0.99106705 0.18337239 0.056282919 
10.51 -60.713634 0.066600285 0.047786515 0.99104124 0.18332146 0.056142587 
10.52 -60.692013 0.066787422 0.047965974 0.99101526 0.18327063 0.056002609 
10.53 -60.670315 0.066975147 0.048146583 0.99098909 0.18321995 0.055862978 
10.54 -60.648529 0.067163467 0.048328359 0.9909628 0.18316938 0.055723697 
10.55 -60.626663 0.067352392 0.048511319 0.99093628 0.18311892 0.055584766 
10.56 -60.60471 0.067541927 0.048695486 0.99090964 0.18306859 0.055446185 
10.57 -60.582668 0.067732081 0.048880875 0.99088281 0.18301839 0.055307947 
10.58 -60.560539 0.06792286 0.049067505 0.99085581 0.1829683 0.055170055 
10.59 -60.538319 0.068114273 0.049255401 0.99082863 0.18291834 0.055032514 
10.6 -60.516003 0.068306319 0.049444579 0.99080122 0.1828685 0.054895312 
10.61 -60.493595 0.068499021 0.04963506 0.99077368 0.18281877 0.054758456 
10.62 -60.471092 0.068692379 0.049826872 0.99074596 0.18276918 0.054621939 
10.63 -60.44849 0.068886399 0.050020028 0.99071807 0.18271971 0.054485768 
10.64 -60.425785 0.06908109 0.050214559 0.99068999 0.18267037 0.054349937 
10.65 -60.402981 0.069276467 0.050410479 0.99066174 0.18262114 0.054214444 
10.66 -60.380074 0.069472529 0.050607819 0.99063325 0.18257204 0.05407929 
10.67 -60.357059 0.069669291 0.050806604 0.99060464 0.18252307 0.05394448 
10.68 -60.333935 0.069866754 0.051006854 0.99057579 0.18247421 0.053810004 
10.69 -60.310703 0.07006494 0.051208593 0.99054676 0.1824255 0.053675864 
10.7 -60.287357 0.070263848 0.051411852 0.9905175 0.18237689 0.053542059 
10.71 -60.263897 0.070463493 0.051616658 0.99048811 0.18232842 0.053408593 
10.72 -60.240322 0.070663884 0.051823031 0.99045843 0.18228008 0.053275459 
10.73 -60.216625 0.070865035 0.052031007 0.99042863 0.18223186 0.053142659 
10.74 -60.192806 0.071066938 0.05224061 0.99039859 0.18218377 0.053010192 
10.75 -60.168861 0.071269624 0.052451871 0.99036837 0.18213582 0.052878056 
10.76 -60.144791 0.071473099 0.05266482 0.99033791 0.18208799 0.052746251 
10.77 -60.120594 0.071677364 0.052879486 0.99030727 0.18204027 0.052614775 
10.78 -60.096264 0.071882442 0.053095903 0.9902764 0.18199271 0.052483629 
10.79 -60.071796 0.072088338 0.053314105 0.99024528 0.18194526 0.052352812 
10.8 -60.047195 0.072295062 0.05353412 0.99021399 0.18189795 0.052222326 
10.81 -60.022449 0.072502628 0.053755987 0.99018246 0.18185076 0.052092165 
10.82 -59.997566 0.072711051 0.053979736 0.99015069 0.18180372 0.051962327 
10.83 -59.972534 0.072920345 0.054205406 0.99011874 0.18175679 0.051832817 
10.84 -59.94735 0.073130511 0.054433037 0.99008656 0.18171 0.051703632 
10.85 -59.922016 0.073341571 0.05466266 0.99005407 0.18166336 0.05157477 
10.86 -59.896526 0.073553532 0.054894317 0.99002141 0.18161684 0.051446233 
10.87 -59.87088 0.073766418 0.055128049 0.98998851 0.18157046 0.051318016 
10.88 -59.84507 0.073980235 0.055363897 0.98995537 0.1815242 0.051190119 
10.89 -59.819096 0.074194998 0.055601902 0.98992199 0.1814781 0.051062547 
10.9 -59.79295 0.074410714 0.055842109 0.98988837 0.18143211 0.050935291 
10.91 -59.766632 0.074627414 0.056084558 0.98985445 0.18138628 0.050808355 
10.92 -59.740139 0.074845105 0.056329302 0.9898203 0.18134058 0.050681736 
10.93 -59.713467 0.075063802 0.056576382 0.98978591 0.18129501 0.050555438 
10.94 -59.686607 0.075283512 0.05682585 0.98975128 0.18124957 0.050429452 
10.95 -59.659561 0.075504273 0.057077751 0.98971635 0.18120429 0.050303787 
10.96 -59.63232 0.075726077 0.057332143 0.98968118 0.18115915 0.050178435 
10.97 -59.604885 0.075948961 0.057589073 0.98964572 0.18111414 0.050053395 
10.98 -59.577248 0.076172926 0.057848599 0.98960996 0.18106928 0.049928673 
10.99 -59.549404 0.076398 0.058110774 0.98957396 0.18102457 0.049804263 
11 -59.521355 0.076624207 0.05837566 0.98953766 0.18097998 0.049680162 
11.01 -59.493084 0.076851547 0.058643311 0.98950106 0.18093555 0.049556375 
11.02 -59.464596 0.077080056 0.058913793 0.98946422 0.18089126 0.049432896 
11.03 -59.435886 0.077309743 0.059187166 0.98942703 0.18084712 0.049309731 
11.04 -59.40694 0.077540636 0.059463494 0.98938954 0.18080314 0.04918687 
11.05 -59.377762 0.077772751 0.059742849 0.98935181 0.18075928 0.04906432 
11.06 -59.348343 0.078006111 0.060025293 0.98931372 0.18071559 0.048942078 
11.07 -59.318676 0.078240737 0.060310908 0.98927534 0.18067203 0.048820142 
11.08 -59.288757 0.078476645 0.060599755 0.98923659 0.18062864 0.048698515 
11.09 -59.258575 0.078713872 0.060891919 0.98919755 0.1805854 0.048577189 
11.1 -59.228134 0.078952432 0.061187476 0.98915815 0.18054231 0.04845617 
11.11 -59.197418 0.079192355 0.061486505 0.98911846 0.18049937 0.048335455 
11.12 -59.166424 0.079433657 0.061789092 0.9890784 0.18045659 0.048215043 
11.13 -59.135143 0.079676375 0.062095322 0.98903805 0.18041396 0.048094932 
11.14 -59.103573 0.079920523 0.062405288 0.98899728 0.18037149 0.047975123 
11.15 -59.071705 0.080166139 0.062719084 0.98895615 0.18032917 0.047855616 
11.16 -59.039524 0.080413245 0.063036792 0.98891473 0.18028703 0.047736406 
11.17 -59.00703 0.080661871 0.06335853 0.98887289 0.18024504 0.047617499 
11.18 -58.974216 0.080912039 0.063684389 0.98883063 0.18020321 0.047498889 
11.19 -58.941067 0.081163794 0.06401448 0.98878801 0.18016155 0.047380581 
11.2 -58.907578 0.081417158 0.064348914 0.98874503 0.18012005 0.047262568 
11.21 -58.873741 0.081672162 0.064687803 0.98870164 0.18007872 0.047144849 
11.22 -58.839546 0.081928842 0.06503126 0.98865783 0.18003756 0.047027428 
11.23 -58.804981 0.082187235 0.065379418 0.98861361 0.17999656 0.046910305 
11.24 -58.770039 0.082447372 0.065732397 0.98856896 0.17995574 0.046793472 
11.25 -58.734707 0.08270929 0.06609033 0.9885239 0.17991509 0.046676934 
11.26 -58.698975 0.082973026 0.06645336 0.98847836 0.17987461 0.04656069 
11.27 -58.662834 0.083238624 0.06682162 0.98843241 0.17983431 0.04644474 
11.28 -58.62627 0.083506107 0.067195266 0.98838598 0.17979419 0.046329077 
11.29 -58.589272 0.083775535 0.067574449 0.98833913 0.17975424 0.046213709 
11.3 -58.551826 0.084046945 0.067959331 0.98829174 0.17971447 0.046098631 
11.31 -58.513924 0.084320381 0.068350069 0.98824388 0.17967489 0.045983844 
11.32 -58.475544 0.084595881 0.06874685 0.98819554 0.17963551 0.045869343 
11.33 -58.43668 0.084873497 0.069149844 0.98814666 0.17959629 0.045755133 
11.34 -58.397312 0.085153282 0.069559246 0.98809725 0.17955728 0.04564121 
11.35 -58.35743 0.085435279 0.069975249 0.98804736 0.17951845 0.045527574 
11.36 -58.317013 0.085719548 0.070398055 0.98799688 0.17947982 0.045414224 
11.37 -58.276047 0.086006127 0.070827872 0.98794585 0.17944138 0.045301158 
11.38 -58.234512 0.086295091 0.071264938 0.98789424 0.17940314 0.045188379 
11.39 -58.192394 0.086586483 0.071709469 0.98784208 0.1793651 0.045075886 
11.4 -58.149673 0.086880371 0.072161712 0.98778927 0.17932726 0.044963673 
11.41 -58.106327 0.087176815 0.072621927 0.98773587 0.17928964 0.044851746 
11.42 -58.06234 0.087475874 0.073090367 0.98768187 0.17925221 0.044740099 
11.43 -58.017685 0.087777622 0.073567316 0.98762715 0.179215 0.044628736 
11.44 -57.972343 0.08808212 0.074053071 0.98757184 0.17917801 0.044517655 
11.45 -57.926292 0.088389449 0.074547924 0.98751581 0.17914122 0.044406854 
11.46 -57.879505 0.088699684 0.075052194 0.98745912 0.17910467 0.044296332 
11.47 -57.831955 0.089012891 0.075566225 0.98740166 0.17906833 0.044186089 
11.48 -57.783619 0.089329161 0.076090358 0.98734349 0.17903222 0.044076126 
11.49 -57.734463 0.089648575 0.076624967 0.98728454 0.17899634 0.043966439 
11.5 -57.684464 0.089971229 0.077170432 0.98722482 0.1789607 0.043857031 
11.51 -57.633587 0.0902972 0.077727169 0.98716432 0.17892529 0.043747902 
11.52 -57.581795 0.09062659 0.078295596 0.98710299 0.17889012 0.043639045 
11.53 -57.52906 0.090959504 0.078876175 0.98704076 0.17885521 0.043530468 
11.54 -57.475346 0.09129604 0.079469368 0.9869777 0.17882054 0.043422166 
11.55 -57.420609 0.091636308 0.080075681 0.98691368 0.17878611 0.043314137 
11.56 -57.364811 0.091980428 0.080695644 0.98684877 0.17875196 0.043206383 
11.57 -57.307907 0.092328504 0.081329815 0.98678285 0.17871806 0.0430989 
11.58 -57.249859 0.09268067 0.081978783 0.98671597 0.17868444 0.042991694 
11.59 -57.190609 0.093037061 0.082643174 0.98664802 0.17865108 0.042884756 
11.6 -57.130116 0.093397811 0.083323643 0.986579 0.17861801 0.042778093 
11.61 -57.068317 0.093763053 0.084020898 0.98650891 0.17858522 0.042671703 
11.62 -57.005165 0.094132952 0.084735669 0.98643768 0.17855272 0.04256558 
11.63 -56.94059 0.094507664 0.085468754 0.9863652 0.17852052 0.04245973 
11.64 -56.874535 0.094887353 0.086220987 0.98629153 0.17848861 0.042354152 
11.65 -56.806931 0.095272191 0.086993262 0.98621655 0.17845702 0.042248838 
11.66 -56.737698 0.09566237 0.087786533 0.98614025 0.17842576 0.042143796 
11.67 -56.666767 0.096058078 0.088601798 0.98606259 0.17839481 0.042039026 
11.68 -56.594051 0.09645953 0.089440145 0.98598349 0.17836419 0.04193452 
11.69 -56.519463 0.096866943 0.090302721 0.98590285 0.17833391 0.041830283 
11.7 -56.442909 0.09728054 0.09119077 0.98582065 0.17830399 0.041726314 
11.71 -56.364285 0.097700566 0.092105612 0.98573679 0.17827441 0.041622609 
11.72 -56.283482 0.098127291 0.093048654 0.98565125 0.1782452 0.041519172 
11.73 -56.20039 0.098560981 0.094021417 0.98556393 0.17821638 0.041416004 
11.74 -56.114876 0.099001929 0.095025554 0.98547471 0.17818795 0.041313101 
11.75 -56.026806 0.099450454 0.096062809 0.98538357 0.17815991 0.041210465 
11.76 -55.936035 0.099906877 0.097135089 0.98529029 0.17813228 0.04110809 
11.77 -55.842407 0.10037156 0.098244436 0.98519492 0.17810509 0.041005984 
11.78 -55.745747 0.10084488 0.099393085 0.98509723 0.17807832 0.040904146 
11.79 -55.645874 0.10132724 0.10058343 0.98499709 0.17805202 0.040802568 
11.8 -55.542583 0.10181908 0.10181807 0.98489445 0.17802618 0.040701259 
11.81 -55.435658 0.10232086 0.10309985 0.98478913 0.17800084 0.040600214 
11.82 -55.32486 0.10283308 0.10443187 0.98468095 0.17797598 0.040499434 
11.83 -55.209923 0.1033563 0.10581747 0.98456979 0.17795166 0.040398918 
11.84 -55.090565 0.10389109 0.10726038 0.98445535 0.17792788 0.040298667 
11.85 -54.966469 0.10443807 0.1087646 0.98433751 0.17790465 0.040198684 
11.86 -54.837292 0.10499796 0.1103346 0.98421603 0.17788203 0.040098965 
11.87 -54.702648 0.10557146 0.11197525 0.98409069 0.17786001 0.039999515 
11.88 -54.562122 0.10615943 0.11369194 0.98396111 0.17783862 0.039900329 
11.89 -54.415237 0.10676271 0.11549065 0.98382699 0.17781793 0.039801411 
11.9 -54.261478 0.1073823 0.11737798 0.98368806 0.17779793 0.039702766 
11.91 -54.100262 0.10801926 0.11936132 0.98354387 0.17777866 0.039604384 
11.92 -53.930939 0.10867476 0.12144887 0.98339403 0.17776018 0.039506279 
11.93 -53.752769 0.10935008 0.12364983 0.98323798 0.17774251 0.039408445 
11.94 -53.564938 0.11004668 0.12597454 0.9830752 0.17772573 0.039310884 
11.95 -53.366505 0.11076613 0.12843464 0.98290497 0.17770986 0.039213601 
11.96 -53.156406 0.11151022 0.13104333 0.98272663 0.17769496 0.039116599 
11.97 -52.93343 0.11228094 0.13381553 0.98253924 0.17768112 0.039019875 
11.98 -52.69619 0.11308052 0.13676834 0.98234189 0.17766839 0.038923439 
11.99 -52.443073 0.11391152 0.13992129 0.98213333 0.17765687 0.038827296 
12 -52.172226 0.11477679 0.14329688 0.9819122 0.17764664 0.038731448 
12.01 -51.881477 0.11567962 0.14692113 0.98167694 0.1776378 0.038635902 
12.02 -51.568287 0.11662378 0.15082428 0.9814254 0.17763048 0.038540669 
12.03 -51.229656 0.11761362 0.15504171 0.9811554 0.17762484 0.038445752 
12.04 -50.862007 0.1186542 0.15961504 0.98086387 0.17762101 0.038351174 
12.05 -50.461071 0.11975142 0.16459353 0.98054713 0.1776192 0.038256943 
12.06 -50.021683 0.12091229 0.1700359 0.98020071 0.17761964 0.038163081 
12.07 -49.537552 0.12214509 0.17601264 0.97981864 0.1776226 0.038069617 
12.08 -49.000935 0.12345978 0.18260905 0.9793933 0.17762841 0.037976578 
12.09 -48.402203 0.12486842 0.18992919 0.97891456 0.17763749 0.037884016 
12.1 -47.729267 0.12638581 0.19810097 0.97836852 0.17765035 0.037791993 
12.11 -46.96674 0.12803021 0.20728321 0.97773612 0.17766763 0.037700597 
12.12 -46.094799 0.12982456 0.21767467 0.97698963 0.17769019 0.037609953 
12.13 -45.087559 0.13179797 0.22952639 0.97608811 0.17771918 0.037520256 
12.14 -43.910748 0.13398789 0.24315792 0.97496831 0.17775612 0.037431814 
12.15 -42.518356 0.13644318 0.25897881 0.97352779 0.17780319 0.037345126 
12.16 -40.847801 0.13922845 0.27751568 0.97159225 0.17786355 0.037261087 
12.17 -38.813129 0.1424301 0.29944378 0.96884727 0.17794202 0.037181396 
12.18 -36.295944 0.14616451 0.32561696 0.96469384 0.17804612 0.037109625 
12.19 -33.135098 0.15058856 0.35707372 0.9579525 0.17818816 0.037054241 
12.2 -29.120672 0.15591089 0.39496517 0.94642061 0.17838891 0.037038535 
12.21 -24.007214 0.16239923 0.44029415 0.92710096 0.17868397 0.037139297 
12.22 -17.566822 0.17037392 0.49336925 0.89916813 0.17913447 0.037666164 
12.23 -9.6884356 0.18017735 0.55318958 0.86640513 0.1798459 0.04008707 
12.24 -0.51937544 0.19211285 0.61734426 0.83292776 0.18100318 0.050404873 
