0 -5.9034808e-17 0.19395983 0.62077278 0.83110917 0.17643678 0.048370548 
0.0099999998 9.9341803 0.20830221 0.68586135 0.79859501 0.17842406 0.075063609 
0.02 19.683004 0.22488484 0.74797207 0.76729745 0.18171066 0.10912744 
0.029999999 28.280359 0.2433835 0.80370802 0.73721761 0.18691027 0.14343965 
0.039999999 35.067959 0.26327759 0.85085362 0.70831478 0.19449112 0.17657205 
0.050000001 39.882732 0.28398308 0.88875782 0.68054438 0.20449142 0.20836917 
0.059999999 42.961189 0.30497763 0.91806185 0.65386248 0.21647261 0.23885334 
0.07 44.709656 0.32586491 0.94010365 0.62822664 0.22974209 0.26807219 
0.079999998 45.520584 0.346378 0.95639068 0.60359597 0.24361691 0.29607639 
0.090000004 45.692997 0.3663522 0.96829665 0.57993114 0.25756207 0.32291576 
0.1 45.426041 0.38569227 0.97694761 0.55719441 0.27120885 0.34863845 
0.11 44.841728 0.40434626 0.98321468 0.53534937 0.28432015 0.37329069 
0.12 44.011024 0.42228773 0.98775005 0.5143612 0.29674914 0.39691684 
0.13 42.974121 0.43950522 0.99103314 0.49419627 0.30840823 0.41955936 
0.14 41.753952 0.45599595 0.99341249 0.4748224 0.31924888 0.44125894 
0.15000001 40.36451 0.47176248 0.99514014 0.45620865 0.32924983 0.46205446 
0.16 38.815697 0.48681092 0.99639767 0.43832526 0.33840987 0.48198298 
0.17 37.116055 0.50114989 0.99731576 0.42114371 0.34674355 0.50107974 
0.18000001 35.274239 0.51478994 0.99798822 0.40463662 0.35427785 0.51937819 
0.19 33.29974 0.52774346 0.99848264 0.38877767 0.36104968 0.53690952 
0.2 31.203121 0.54002422 0.9988476 0.37354165 0.36710334 0.55370265 
0.20999999 28.996048 0.55164725 0.99911797 0.35890433 0.37248853 0.56978339 
0.22 26.691116 0.56262881 0.99931884 0.34484249 0.37725806 0.58517355 
0.23 24.301624 0.57298601 0.99946821 0.33133394 0.38146609 0.5998891 
0.23999999 21.841284 0.58273679 0.99957877 0.31835735 0.38516659 0.61393756 
0.25 19.323944 0.59189975 0.99965936 0.30589244 0.38841182 0.62731338 
0.25999999 16.763302 0.60049379 0.99971545 0.29391974 0.39125156 0.63999116 
0.27000001 14.172667 0.60853815 0.99974996 0.28242087 0.39373222 0.65191638 
0.28 11.564719 0.61605203 0.99976295 0.2713784 0.39589649 0.66299355 
0.28999999 8.9513369 0.6230545 0.99975133 0.26077607 0.39778304 0.67307651 
0.30000001 6.3434267 0.62956458 0.99970824 0.25059882 0.39942649 0.6819694 
0.31 3.7507975 0.63560069 0.99962157 0.24083325 0.40085763 0.68945402 
0.31999999 1.1820458 0.64118087 0.99947238 0.23146784 0.40210342 0.69535208 
0.33000001 -1.3555347 0.64632249 0.99923217 0.22249371 0.40318751 0.69960374 
0.34 -3.8560266 0.65104234 0.99886006 0.21390548 0.40413028 0.70231259 
0.34999999 -6.3149338 0.65535629 0.99829924 0.20570254 0.4049494 0.70371854 
0.36000001 -8.7291765 0.65927941 0.99747324 0.19789074 0.40566003 0.7041204 
0.37 -11.097014 0.66282588 0.99628222 0.19048451 0.40627521 0.70380127 
0.38 -13.417858 0.66600877 0.99460024 0.1835092 0.40680608 0.70298958 
0.38999999 -15.69196 0.66884029 0.99227381 0.177003 0.40726221 0.70185173 
0.40000001 -17.920004 0.67133158 0.98912263 0.1710175 0.40765187 0.70050216 
0.41 -20.102728 0.67349297 0.98494363 0.16561471 0.40798232 0.69901663 
0.41999999 -22.240791 0.67533392 0.97951764 0.16085908 0.40825984 0.69744456 
0.43000001 -24.33519 0.67686331 0.97261965 0.15680392 0.40849009 0.69581777 
0.44 -26.38839 0.67808932 0.96402955 0.1534757 0.40867811 0.69415671 
0.44999999 -28.405937 0.67901927 0.95354056 0.15086317 0.40882847 0.69247472 
0.46000001 -30.398018 0.67965937 0.94096261 0.14891712 0.40894508 0.69078022 
0.47 -32.380226 0.6800136 0.92611837 0.14756085 0.40903154 0.68907875 
0.47999999 -34.373314 0.68008369 0.9088341 0.14670561 0.40909085 0.687374 
0.49000001 -36.40205 0.67986828 0.88892817 0.14626437 0.40912557 0.68566835 
0.5 -38.49361 0.6793626 0.86620182 0.14616075 0.40913787 0.68396342 
0.50999999 -40.675831 0.67855883 0.84043723 0.14633334 0.40912959 0.68226033 
0.51999998 -42.975307 0.67744648 0.8114053 0.14673704 0.40910223 0.68055981 
0.52999997 -45.41523 0.67601347 0.7788893 0.14734298 0.4090569 0.67886239 
0.54000002 -48.01276 0.67424732 0.74272782 0.14813808 0.40899441 0.67716849 
0.55000001 -50.775715 0.67213726 0.70287967 0.14912431 0.40891495 0.67547834 
0.56 -53.698902 0.66967541 0.65950608 0.15031835 0.40881816 0.67379218 
0.56999999 -56.760841 0.66685796 0.61304575 0.15175073 0.40870288 0.67211002 
0.57999998 -59.922379 0.66368502 0.56424451 0.15346469 0.40856701 0.67043191 
0.58999997 -63.128727 0.66015923 0.5141058 0.15551409 0.40840778 0.66875803 
0.60000002 -66.315277 0.65628505 0.46376833 0.15796007 0.40822178 0.66708821 
0.61000001 -69.415894 0.65206832 0.41436011 0.16086639 0.40800527 0.66542262 
0.62 -72.371056 0.64751714 0.36687928 0.16429378 0.40775472 0.66376114 
0.63 -75.133911 0.64264333 0.32212391 0.16829412 0.40746698 0.66210383 
0.63999999 -77.673149 0.63746327 0.28066519 0.1729054 0.40713972 0.66045064 
0.64999998 -79.972916 0.63199806 0.24285167 0.17814836 0.4067716 0.65880156 
0.66000003 -82.030777 0.62627304 0.20883295 0.18402527 0.40636227 0.65715665 
0.67000002 -83.854607 0.62031621 0.17859465 0.19052078 0.40591234 0.65551579 
0.68000001 -85.459251 0.61415726 0.15199722 0.1976044 0.40542331 0.65387905 
0.69 -86.863617 0.60782588 0.12881394 0.20523395 0.40489718 0.65224642 
0.69999999 -88.088341 0.60135096 0.10876413 0.2133593 0.40433648 0.65061778 
0.70999998 -89.154114 0.59475958 0.091540515 0.22192582 0.40374389 0.64899331 
0.72000003 -90.080627 0.58807689 0.076829776 0.23087732 0.40312231 0.64737284 
0.73000002 -90.885963 0.58132541 0.06432718 0.24015829 0.40247446 0.64575642 
0.74000001 -91.586304 0.57452536 0.053746156 0.24971555 0.40180308 0.64414406 
0.75 -92.195892 0.56769454 0.044823803 0.25949928 0.40111071 0.64253569 
0.75999999 -92.727104 0.56084865 0.037323531 0.26946357 0.40039971 0.64093137 
0.76999998 -93.19062 0.55400121 0.031035583 0.27956674 0.39967224 0.63933104 
0.77999997 -93.595589 0.54716408 0.025776198 0.28977129 0.39893028 0.63773471 
0.79000002 -93.949829 0.54034734 0.021385929 0.30004373 0.39817563 0.63614237 
0.80000001 -94.26001 0.5335598 0.017727507 0.31035447 0.39740986 0.63455397 
0.81 -94.531837 0.52680892 0.014683535 0.32067737 0.39663446 0.63296962 
0.81999999 -94.770157 0.52010113 0.012154136 0.33098954 0.39585072 0.63138914 
0.82999998 -94.979126 0.51344186 0.010054732 0.34127095 0.39505979 0.62981266 
0.83999997 -95.162292 0.50683582 0.0083139678 0.35150421 0.39426273 0.62824011 
0.85000002 -95.322708 0.50028694 0.0068718418 0.36167419 0.39346048 0.62667143 
0.86000001 -95.462997 0.49379849 0.005678039 0.37176785 0.39265385 0.62510669 
0.87 -95.585419 0.48737329 0.0046904646 0.38177398 0.39184362 0.62354589 
0.88 -95.691925 0.48101369 0.003873975 0.39168298 0.39103046 0.62198901 
0.88999999 -95.784218 0.47472158 0.0031992816 0.40148661 0.39021495 0.62043595 
0.89999998 -95.863762 0.46849853 0.0026420122 0.41117796 0.38939771 0.61888683 
0.91000003 -95.931854 0.46234581 0.0021819135 0.42075121 0.38857916 0.61734152 
0.92000002 -95.989609 0.45626444 0.0018021741 0.43020147 0.3877598 0.61580008 
0.93000001 -96.038017 0.45025516 0.0014888542 0.43952474 0.38694 0.61426252 
0.94 -96.077942 0.44431853 0.0012304052 0.44871774 0.38612017 0.61272877 
0.94999999 -96.110153 0.43845499 0.0010172674 0.45777795 0.38530058 0.61119884 
0.95999998 -96.135323 0.43266469 0.00084153243 0.4667033 0.38448161 0.60967278 
0.97000003 -96.15406 0.4269478 0.00069666252 0.47549233 0.38366348 0.60815048 
0.98000002 -96.166885 0.42130426 0.00057725568 0.48414403 0.38284647 0.60663205 
0.99000001 -96.174286 0.41573396 0.00047885021 0.49265775 0.38203079 0.60511732 
1 -96.176682 0.41023666 0.00039776295 0.50103319 0.38121668 0.60360646 
1.01 -96.174454 0.40481207 0.0003309543 0.50927037 0.38040429 0.6020993 
1.02 -96.167953 0.39945981 0.00027591657 0.51736963 0.37959382 0.60059595 
1.03 -96.157486 0.39417946 0.00023058162 0.5253315 0.37878546 0.5990963 
1.04 -96.143333 0.38897055 0.00019324406 0.53315663 0.37797928 0.59760046 
1.05 -96.125748 0.38383254 0.00016249801 0.54084611 0.37717551 0.59610832 
1.0599999 -96.104958 0.37876484 0.00013718464 0.54840088 0.37637419 0.59461993 
1.0700001 -96.081177 0.37376684 0.00011634897 0.55582225 0.37557548 0.59313524 
1.08 -96.054596 0.36883792 9.9204008e-05 0.56311154 0.37477949 0.59165424 
1.09 -96.025391 0.3639774 8.5101376e-05 0.57027018 0.37398627 0.59017694 
1.1 -95.993729 0.35918459 7.3506861e-05 0.57729971 0.37319598 0.58870333 
1.11 -95.959747 0.35445881 6.3980362e-05 0.58420175 0.37240863 0.58723342 
1.12 -95.923592 0.34979928 5.615933e-05 0.59097797 0.37162432 0.58576715 
1.13 -95.885376 0.34520528 4.9745115e-05 0.59763014 0.37084314 0.58430457 
1.14 -95.845238 0.34067607 4.4491684e-05 0.60416001 0.37006512 0.58284563 
1.15 -95.803268 0.33621088 4.0196381e-05 0.61056936 0.36929032 0.58139032 
1.16 -95.759575 0.33180895 3.669225e-05 0.61686009 0.36851883 0.57993871 
1.17 -95.714249 0.3274695 3.3841763e-05 0.623034 0.36775064 0.57849067 
1.1799999 -95.667381 0.32319173 3.1531614e-05 0.62909305 0.36698583 0.57704622 
1.1900001 -95.619057 0.31897488 2.9668458e-05 0.63503909 0.36622441 0.57560539 
1.2 -95.569344 0.31481817 2.8175386e-05 0.64087397 0.36546648 0.57416821 
1.21 -95.518318 0.31072077 2.6989032e-05 0.64659971 0.36471197 0.57273459 
1.22 -95.466057 0.30668196 2.605718e-05 0.6522181 0.36396098 0.5713045 
1.23 -95.412613 0.30270091 2.5336805e-05 0.65773112 0.36321354 0.56987804 
1.24 -95.358047 0.29877687 2.4792449e-05 0.66314059 0.36246964 0.56845516 
1.25 -95.302422 0.29490903 2.4394889e-05 0.66844845 0.36172929 0.56703579 
1.26 -95.245781 0.29109663 2.4120043e-05 0.67365652 0.36099255 0.56561995 
1.27 -95.188194 0.28733891 2.394806e-05 0.67876667 0.36025941 0.56420767 
1.28 -95.129692 0.28363508 2.3862578e-05 0.68378073 0.35952985 0.56279892 
1.29 -95.07032 0.27998441 2.3850116e-05 0.6887005 0.35880396 0.56139368 
1.3 -95.010139 0.27638611 2.3899562e-05 0.69352782 0.35808167 0.55999196 
1.3099999 -94.949173 0.27283946 2.4001756e-05 0.69826442 0.35736302 0.55859369 
1.3200001 -94.887466 0.2693437 2.4149156e-05 0.70291203 0.356648 0.55719894 
1.33 -94.825066 0.26589811 2.4335546e-05 0.7074725 0.35593665 0.55580771 
1.34 -94.761986 0.26250196 2.4555808e-05 0.71194744 0.35522893 0.55441993 
1.35 -94.698288 0.2591545 2.4805729e-05 0.71633852 0.35452485 0.55303562 
1.36 -94.63398 0.25585505 2.5081845e-05 0.72064745 0.35382444 0.55165476 
1.37 -94.569107 0.25260288 2.5381309e-05 0.72487581 0.35312766 0.55027735 
1.38 -94.503693 0.24939731 2.5701782e-05 0.7290253 0.35243449 0.54890335 
1.39 -94.437775 0.24623764 2.6041347e-05 0.73309737 0.35174498 0.5475328 
1.4 -94.371368 0.24312317 2.6398437e-05 0.73709369 0.35105908 0.5461657 
1.41 -94.304504 0.24005327 2.6771771e-05 0.74101567 0.35037678 0.54480201 
1.42 -94.237206 0.23702723 2.7160308e-05 0.74486494 0.34969813 0.54344165 
1.4299999 -94.169502 0.2340444 2.7563199e-05 0.74864292 0.34902304 0.54208475 
1.4400001 -94.10141 0.23110415 2.7979768e-05 0.75235099 0.34835157 0.54073125 
1.45 -94.032959 0.22820581 2.8409464e-05 0.75599062 0.34768367 0.53938109 
1.46 -93.964157 0.22534879 2.8851857e-05 0.75956327 0.34701934 0.53803432 
1.47 -93.895035 0.22253242 2.9306606e-05 0.76307023 0.34635857 0.53669095 
1.48 -93.825615 0.2197561 2.9773448e-05 0.76651281 0.34570134 0.53535086 
1.49 -93.755905 0.21701923 3.0252184e-05 0.76989245 0.34504762 0.53401417 
1.5 -93.685928 0.2143212 3.0742671e-05 0.77321029 0.34439743 0.53268081 
1.51 -93.6157 0.21166143 3.1244814e-05 0.77646774 0.34375072 0.53135079 
1.52 -93.545242 0.20903932 3.1758544e-05 0.77966595 0.34310752 0.53002405 
1.53 -93.474556 0.20645432 3.2283839e-05 0.7828061 0.34246778 0.52870065 
1.54 -93.403679 0.20390584 3.2820692e-05 0.78588951 0.34183148 0.52738053 
1.55 -93.332603 0.20139334 3.3369121e-05 0.78891718 0.34119862 0.52606374 
1.5599999 -93.26136 0.19891624 3.3929169e-05 0.79189038 0.3405692 0.52475023 
1.5700001 -93.189957 0.19647405 3.4500888e-05 0.79481024 0.33994314 0.52344 
1.58 -93.118401 0.19406618 3.5084347e-05 0.79767776 0.33932051 0.52213305 
1.59 -93.046707 0.19169216 3.5679626e-05 0.80049402 0.33870122 0.52082932 
1.6 -92.974892 0.18935142 3.6286816e-05 0.80326015 0.33808529 0.51952887 
1.61 -92.902962 0.18704349 3.6906014e-05 0.80597711 0.33747268 0.51823169 
1.62 -92.830925 0.18476784 3.7537327e-05 0.80864596 0.33686337 0.51693773 
1.63 -92.758804 0.18252398 3.8180871e-05 0.81126761 0.33625737 0.51564699 
1.64 -92.6866 0.18031144 3.8836766e-05 0.81384307 0.33565465 0.51435947 
1.65 -92.614319 0.17812973 3.9505132e-05 0.81637329 0.33505517 0.51307517 
1.66 -92.541977 0.17597839 4.01861e-05 0.81885922 0.33445892 0.51179409 
1.67 -92.469589 0.17385693 4.0879804e-05 0.82130164 0.33386588 0.51051623 
1.6799999 -92.397148 0.17176491 4.1586383e-05 0.82370156 0.33327606 0.50924152 
1.6900001 -92.324669 0.16970187 4.2305983e-05 0.82605982 0.3326894 0.50797004 
1.7 -92.252167 0.16766739 4.3038737e-05 0.82837719 0.3321059 0.50670165 
1.71 -92.179634 0.16566101 4.3784807e-05 0.83065456 0.33152553 0.50543648 
1.72 -92.107094 0.16368231 4.4544333e-05 0.83289278 0.33094829 0.50417447 
1.73 -92.034546 0.16173086 4.5317473e-05 0.83509254 0.33037415 0.50291562 
1.74 -91.96199 0.15980625 4.6104386e-05 0.8372547 0.32980308 0.50165993 
1.75 -91.88945 0.15790808 4.6905225e-05 0.83937997 0.32923505 0.50040734 
1.76 -91.816917 0.15603593 4.7720157e-05 0.84146911 0.32867008 0.49915788 
1.77 -91.7444 0.15418942 4.8549344e-05 0.84352279 0.32810813 0.49791154 
1.78 -91.671906 0.15236816 4.9392955e-05 0.84554183 0.32754916 0.49666831 
1.79 -91.599442 0.15057175 5.0251158e-05 0.84752685 0.32699317 0.49542817 
1.8 -91.527008 0.14879982 5.112412e-05 0.84947848 0.32644013 0.49419117 
1.8099999 -91.45462 0.147052 5.2012019e-05 0.85139751 0.32589003 0.49295723 
1.8200001 -91.382271 0.14532793 5.2915027e-05 0.85328448 0.32534283 0.49172637 
1.83 -91.309975 0.14362726 5.3833326e-05 0.85514003 0.32479855 0.4904986 
1.84 -91.237724 0.14194961 5.4767093e-05 0.85696489 0.32425717 0.48927388 
1.85 -91.165535 0.14029464 5.5716511e-05 0.85875952 0.32371861 0.48805222 
1.86 -91.093399 0.13866203 5.6681765e-05 0.86052465 0.32318288 0.4868336 
1.87 -91.021339 0.13705142 5.7663037e-05 0.86226076 0.32264999 0.48561805 
1.88 -90.949341 0.13546248 5.8660524e-05 0.86396843 0.32211989 0.48440552 
1.89 -90.877411 0.13389491 5.967441e-05 0.86564827 0.32159257 0.48319602 
1.9 -90.805565 0.13234834 6.070489e-05 0.86730081 0.32106802 0.48198953 
1.91 -90.733788 0.13082251 6.1752158e-05 0.86892653 0.32054618 0.48078609 
1.92 -90.662102 0.12931708 6.2816405e-05 0.87052596 0.32002708 0.47958562 
1.9299999 -90.590492 0.12783174 6.3897845e-05 0.87209964 0.31951067 0.47838813 
1.9400001 -90.518974 0.12636621 6.4996668e-05 0.87364811 0.31899697 0.47719365 
1.95 -90.447548 0.12492018 6.6113076e-05 0.87517178 0.31848592 0.47600216 
1.96 -90.376205 0.12349337 6.7247282e-05 0.87667114 0.31797749 0.47481364 
1.97 -90.30497 0.12208549 6.8399488e-05 0.87814665 0.31747171 0.4736281 
1.98 -90.233826 0.12069625 6.9569898e-05 0.8795988 0.31696853 0.47244552 
1.99 -90.162781 0.11932538 7.0758739e-05 0.881028 0.31646791 0.47126588 
2 -90.091835 0.11797262 7.1966213e-05 0.88243473 0.31596988 0.47008917 
2.01 -90.020996 0.11663768 7.3192539e-05 0.8838194 0.31547442 0.46891543 
2.02 -89.950264 0.11532032 7.4437929e-05 0.88518238 0.31498149 0.46774459 
2.03 -89.879639 0.11402027 7.5702614e-05 0.88652414 0.31449106 0.4665767 
2.04 -89.80912 0.11273726 7.6986813e-05 0.8878451 0.31400311 0.46541172 
2.05 -89.738716 0.11147106 7.8290737e-05 0.88914555 0.31351766 0.46424964 
2.0599999 -89.668419 0.11022143 7.9614634e-05 0.89042598 0.31303468 0.46309048 
2.0699999 -89.598244 0.10898811 8.0958715e-05 0.89168668 0.31255412 0.46193418 
2.0799999 -89.528183 0.10777086 8.2323219e-05 0.89292806 0.312076 0.4607808 
2.0899999 -89.458237 0.10656945 8.3708372e-05 0.8941505 0.31160027 0.45963028 
2.0999999 -89.388405 0.10538366 8.5114414e-05 0.89535427 0.31112695 0.45848265 
2.1099999 -89.318695 0.10421325 8.6541586e-05 0.89653981 0.31065601 0.45733786 
2.1199999 -89.249115 0.103058 8.799012e-05 0.8977074 0.3101874 0.45619595 
2.1300001 -89.179649 0.10191769 8.9460256e-05 0.89885736 0.30972114 0.45505688 
2.1400001 -89.110306 0.10079211 9.0952235e-05 0.89999008 0.30925721 0.45392066 
2.1500001 -89.041084 0.099681035 9.2466311e-05 0.90110582 0.30879557 0.45278728 
2.1600001 -88.971992 0.098584265 9.4002731e-05 0.90220487 0.30833623 0.45165673 
2.1700001 -88.903023 0.097501591 9.5561736e-05 0.90328759 0.30787918 0.45052898 
2.1800001 -88.834183 0.096432805 9.7143587e-05 0.90435427 0.30742437 0.44940409 
2.1900001 -88.765472 0.095377721 9.8748533e-05 0.90540516 0.30697179 0.44828197 
2.2 -88.696892 0.09433613 0.00010037683 0.90644056 0.30652145 0.44716266 
2.21 -88.628433 0.093307838 0.00010202873 0.90746075 0.30607331 0.44604614 
2.22 -88.560104 0.092292666 0.00010370451 0.90846598 0.30562735 0.44493243 
2.23 -88.491913 0.091290414 0.00010540441 0.90945661 0.30518359 0.44382149 
2.24 -88.423851 0.09030091 0.00010712872 0.91043276 0.30474198 0.44271332 
2.25 -88.355911 0.089323968 0.00010887768 0.91139483 0.30430251 0.44160792 
2.26 -88.288116 0.088359408 0.00011065158 0.91234297 0.30386516 0.4405053 
2.27 -88.220444 0.087407053 0.00011245068 0.91327745 0.30342993 0.43940541 
2.28 -88.152908 0.086466737 0.00011427526 0.91419846 0.30299681 0.43830827 
2.29 -88.08551 0.08553829 0.00011612559 0.91510636 0.30256578 0.43721387 
2.3 -88.018242 0.084621534 0.00011800195 0.91600132 0.30213684 0.43612218 
2.3099999 -87.951111 0.083716318 0.00011990461 0.91688353 0.30170992 0.43503323 
2.3199999 -87.884109 0.082822464 0.00012183387 0.91775322 0.30128506 0.43394703 
2.3299999 -87.817245 0.081939831 0.00012379 0.91861069 0.30086219 0.4328635 
2.3399999 -87.750519 0.081068255 0.00012577328 0.91945601 0.30044138 0.43178269 
2.3499999 -87.683922 0.080207571 0.00012778402 0.92028952 0.30002254 0.43070459 
2.3599999 -87.617462 0.079357646 0.0001298225 0.92111135 0.2996057 0.42962918 
2.3699999 -87.55114 0.078518316 0.000131889 0.92192173 0.29919082 0.42855644 
2.3800001 -87.484955 0.077689439 0.00013398382 0.92272085 0.29877788 0.42748639 
2.3900001 -87.418907 0.076870874 0.00013610728 0.92350894 0.2983669 0.42641902 
2.4000001 -87.352989 0.076062463 0.00013825965 0.92428607 0.29795787 0.4253543 
2.4100001 -87.287216 0.075264089 0.00014044125 0.92505258 0.29755071 0.42429224 
2.4200001 -87.221573 0.074475594 0.00014265237 0.92580855 0.29714549 0.42323282 
2.4300001 -87.156067 0.073696852 0.00014489332 0.92655414 0.29674211 0.42217606 
2.4400001 -87.090706 0.072927728 0.00014716441 0.92728961 0.29634064 0.42112195 
2.45 -87.025475 0.072168082 0.00014946594 0.92801505 0.29594103 0.42007047 
2.46 -86.960381 0.071417801 0.00015179825 0.92873067 0.29554325 0.41902161 
2.47 -86.895424 0.070676737 0.00015416161 0.92943668 0.29514733 0.41797537 
2.48 -86.830605 0.069944784 0.00015655637 0.93013316 0.29475322 0.41693172 
2.49 -86.765923 0.069221802 0.00015898285 0.93082029 0.29436094 0.41589069 
2.5 -86.701378 0.068507671 0.00016144133 0.93149817 0.29397044 0.41485226 
2.51 -86.636963 0.067802288 0.00016393219 0.93216711 0.29358172 0.41381642 
2.52 -86.572693 0.067105509 0.00016645571 0.93282712 0.29319477 0.41278318 
2.53 -86.50856 0.06641724 0.00016901223 0.93347836 0.29280961 0.41175252 
2.54 -86.444565 0.065737352 0.00017160209 0.93412101 0.29242617 0.41072443 
2.55 -86.380699 0.065065742 0.00017422561 0.93475521 0.29204446 0.4096989 
2.5599999 -86.316978 0.06440229 0.00017688313 0.93538111 0.29166451 0.40867594 
2.5699999 -86.253387 0.063746899 0.00017957497 0.9359988 0.29128623 0.40765551 
2.5799999 -86.189934 0.063099444 0.00018230149 0.93660843 0.29090968 0.40663764 
2.5899999 -86.126617 0.06245983 0.00018506301 0.93721014 0.29053482 0.40562233 
2.5999999 -86.063438 0.061827954 0.00018785989 0.93780404 0.29016161 0.40460953 
2.6099999 -86.000397 0.061203707 0.00019069244 0.93839025 0.28979009 0.40359926 
2.6199999 -85.937492 0.060586993 0.00019356105 0.93896896 0.28942022 0.40259153 
2.6300001 -85.874718 0.059977707 0.00019646605 0.93954021 0.28905201 0.40158632 
2.6400001 -85.81208 0.059375755 0.00019940778 0.94010413 0.28868541 0.4005836 
2.6500001 -85.74958 0.058781039 0.0002023866 0.94066083 0.28832045 0.3995834 
2.6600001 -85.687218 0.05819346 0.00020540286 0.94121051 0.28795707 0.39858568 
2.6700001 -85.624985 0.057612929 0.00020845693 0.94175321 0.28759533 0.39759046 
2.6800001 -85.562889 0.057039354 0.00021154915 0.94228899 0.28723514 0.39659774 
2.6900001 -85.500931 0.05647264 0.00021467989 0.94281811 0.28687656 0.39560747 
2.7 -85.43911 0.055912703 0.00021784953 0.94334048 0.28651953 0.3946197 
2.71 -85.377419 0.055359446 0.00022105841 0.94385636 0.28616408 0.39363438 
2.72 -85.315857 0.054812789 0.00022430689 0.9443658 0.28581014 0.39265153 
2.73 -85.25444 0.054272644 0.00022759536 0.94486886 0.28545776 0.39167112 
2.74 -85.193146 0.053738926 0.00023092418 0.94536573 0.2851069 0.39069316 
2.75 -85.131996 0.053211555 0.00023429374 0.94585639 0.28475755 0.38971767 
2.76 -85.070969 0.052690443 0.00023770439 0.94634104 0.28440973 0.38874459 
2.77 -85.010086 0.052175514 0.00024115652 0.94681972 0.28406337 0.38777393 
2.78 -84.949326 0.051666688 0.0002446505 0.94729251 0.28371853 0.38680571 
2.79 -84.88871 0.051163886 0.00024818673 0.94775951 0.28337514 0.38583991 
2.8 -84.828217 0.050667033 0.00025176557 0.94822085 0.28303325 0.38487652 
2.8099999 -84.76786 0.050176047 0.00025538742 0.94867653 0.28269279 0.38391551 
2.8199999 -84.707634 0.049690858 0.00025905267 0.94912672 0.28235379 0.38295692 
2.8299999 -84.647537 0.04921139 0.00026276169 0.94957149 0.28201622 0.38200074 
2.8399999 -84.587578 0.048737574 0.00026651489 0.9500109 0.28168008 0.38104692 
2.8499999 -84.527748 0.048269331 0.00027031268 0.950445 0.28134537 0.38009551 
2.8599999 -84.468048 0.047806598 0.00027415541 0.95087391 0.28101206 0.37914646 
2.8699999 -84.408485 0.047349304 0.0002780435 0.9512977 0.28068015 0.37819979 
2.8800001 -84.349045 0.046897378 0.00028197732 0.95171642 0.28034961 0.37725547 
2.8900001 -84.289734 0.046450753 0.00028595733 0.9521302 0.28002048 0.37631351 
2.9000001 -84.23056 0.046009362 0.0002899839 0.95253909 0.27969271 0.3753739 
2.9100001 -84.171516 0.045573141 0.00029405742 0.95294315 0.27936631 0.37443662 
2.9200001 -84.112595 0.045142025 0.00029817832 0.95334244 0.27904129 0.37350172 
2.9300001 -84.05381 0.044715948 0.00030234701 0.95373702 0.27871761 0.37256911 
2.9400001 -83.995148 0.044294853 0.00030656386 0.95412701 0.27839524 0.37163886 
2.95 -83.936623 0.043878671 0.00031082935 0.95451248 0.2780742 0.37071094 
2.96 -83.87822 0.043467347 0.00031514381 0.95489347 0.27775452 0.36978531 
2.97 -83.819946 0.043060817 0.00031950773 0.95526999 0.27743614 0.368862 
2.98 -83.761803 0.042659022 0.0003239215 0.95564216 0.27711904 0.36794099 
2.99 -83.703781 0.042261906 0.00032838556 0.95601004 0.27680326 0.36702231 
3 -83.645897 0.041869409 0.00033290029 0.95637375 0.27648875 0.36610588 
3.01 -83.588135 0.041481476 0.00033746613 0.95673323 0.27617553 0.36519176 
3.02 -83.530495 0.041098051 0.00034208351 0.95708865 0.27586359 0.36427993 
3.03 -83.472992 0.040719081 0.00034675287 0.95743996 0.2755529 0.36337036 
3.04 -83.415611 0.040344507 0.00035147462 0.95778733 0.27524349 0.36246309 
3.05 -83.358353 0.039974276 0.00035624919 0.95813072 0.27493531 0.36155805 
3.0599999 -83.301224 0.039608341 0.00036107702 0.95847023 0.27462837 0.36065528 
3.0699999 -83.244217 0.039246641 0.00036595852 0.95880592 0.27432266 0.35975477 
3.0799999 -83.18734 0.038889132 0.00037089418 0.95913786 0.27401817 0.35885653 
3.0899999 -83.130592 0.038535766 0.00037588438 0.9594661 0.2737149 0.35796049 
3.0999999 -83.073959 0.038186483 0.00038092962 0.95979065 0.27341285 0.35706672 
3.1099999 -83.017456 0.037841242 0.00038603027 0.96011156 0.273112 0.35617515 
3.1199999 -82.961075 0.03749999 0.00039118683 0.96042889 0.27281234 0.35528585 
3.1300001 -82.904823 0.037162684 0.0003963997 0.96074277 0.27251387 0.35439873 
3.1400001 -82.848694 0.036829274 0.00040166936 0.96105313 0.27221659 0.35351384 
3.1500001 -82.792686 0.036499716 0.00040699626 0.9613601 0.27192047 0.35263118 
3.1600001 -82.736801 0.036173958 0.00041238082 0.96166366 0.27162552 0.3517507 
3.1700001 -82.681038 0.035851963 0.0004178235 0.96196395 0.27133173 0.35087243 
3.1800001 -82.625397 0.035533682 0.00042332476 0.9622609 0.27103907 0.34999633 
3.1900001 -82.569885 0.03521907 0.00042888505 0.96255463 0.27074757 0.34912243 
3.2 -82.514488 0.034908086 0.00043450482 0.96284521 0.27045721 0.34825072 
3.21 -82.459213 0.03460069 0.00044018455 0.96313256 0.27016798 0.34738117 
3.22 -82.404068 0.034296833 0.0004459247 0.96341687 0.26987985 0.34651381 
3.23 -82.349037 0.033996481 0.00045172567 0.96369809 0.26959288 0.34564862 
3.24 -82.294128 0.033699591 0.000457588 0.96397632 0.26930699 0.34478557 
3.25 -82.239342 0.03340612 0.00046351209 0.96425152 0.2690222 0.3439247 
3.26 -82.184669 0.033116028 0.00046949845 0.96452379 0.26873851 0.34306595 
3.27 -82.130127 0.032829281 0.00047554751 0.96479321 0.26845592 0.34220937 
3.28 -82.075699 0.032545835 0.00048165978 0.9650597 0.26817441 0.34135491 
3.29 -82.021393 0.032265656 0.0004878357 0.96532339 0.26789397 0.34050259 
3.3 -81.967201 0.031988706 0.00049407571 0.96558428 0.2676146 0.33965239 
3.3099999 -81.913132 0.031714946 0.00050038035 0.96584243 0.26733631 0.33880433 
3.3199999 -81.859184 0.031444337 0.00050675008 0.96609789 0.26705906 0.3379584 
3.3299999 -81.805351 0.03117685 0.00051318534 0.96635062 0.26678285 0.33711454 
3.3399999 -81.75164 0.030912444 0.00051968661 0.96660078 0.26650771 0.33627281 
3.3499999 -81.698044 0.030651087 0.00052625441 0.96684825 0.26623359 0.33543319 
3.3599999 -81.644569 0.030392742 0.00053288916 0.96709317 0.26596051 0.33459565 
3.3699999 -81.591209 0.030137377 0.00053959136 0.96733558 0.26568845 0.3337602 
3.3800001 -81.537964 0.029884957 0.00054636149 0.96757543 0.26541743 0.33292684 
3.3900001 -81.48484 0.029635448 0.00055320008 0.96781284 0.26514739 0.33209556 
3.4000001 -81.431831 0.029388821 0.00056010758 0.9680478 0.26487839 0.33126637 
3.4100001 -81.378937 0.02914504 0.00056708441 0.96828032 0.26461038 0.33043924 
3.4200001 -81.326164 0.028904075 0.00057413115 0.96851051 0.26434335 0.32961419 
3.4300001 -81.273499 0.028665895 0.00058124826 0.96873832 0.26407734 0.32879117 
3.4400001 -81.220955 0.028430467 0.00058843626 0.9689638 0.2638123 0.32797024 
3.45 -81.168526 0.028197762 0.00059569557 0.96918696 0.26354825 0.32715133 
3.46 -81.116211 0.027967751 0.00060302671 0.96940792 0.26328516 0.32633448 
3.47 -81.064011 0.027740402 0.00061043014 0.96962661 0.26302302 0.32551965 
3.48 -81.011925 0.027515687 0.00061790645 0.96984309 0.26276186 0.32470688 
3.49 -80.959961 0.027293578 0.00062545604 0.97005743 0.26250169 0.32389614 
3.5 -80.908104 0.027074043 0.00063307944 0.97026956 0.26224241 0.32308739 
3.51 -80.856354 0.026857058 0.00064077711 0.97047961 0.26198411 0.3222807 
3.52 -80.804726 0.026642593 0.00064854964 0.97068757 0.26172674 0.32147601 
3.53 -80.753212 0.026430622 0.00065639743 0.97089344 0.26147032 0.32067332 
3.54 -80.701805 0.026221117 0.00066432107 0.97109729 0.26121482 0.31987265 
3.55 -80.65052 0.02601405 0.00067232095 0.97129911 0.26096022 0.31907395 
3.5599999 -80.599335 0.025809398 0.00068039767 0.97149891 0.26070657 0.31827727 
3.5699999 -80.548271 0.025607131 0.00068855169 0.97169679 0.26045382 0.31748259 
3.5799999 -80.497314 0.025407229 0.00069678354 0.97189265 0.26020199 0.31668988 
3.5899999 -80.446472 0.025209662 0.00070509367 0.97208667 0.25995106 0.31589913 
3.5999999 -80.395744 0.025014406 0.00071348262 0.97227877 0.25970101 0.31511039 
3.6099999 -80.345123 0.024821438 0.0007219509 0.97246897 0.25945187 0.31432357 
3.6199999 -80.294617 0.024630731 0.00073049898 0.97265732 0.25920361 0.31353876 
3.6300001 -80.244217 0.024442265 0.0007391274 0.97284389 0.25895622 0.31275588 
3.6400001 -80.193924 0.024256013 0.00074783666 0.9730286 0.25870973 0.31197497 
3.6500001 -80.143745 0.024071954 0.0007566273 0.97321153 0.2584641 0.31119603 
3.6600001 -80.093681 0.023890065 0.00076549978 0.97339272 0.25821933 0.31041902 
3.6700001 -80.043716 0.02371032 0.00077445467 0.97357213 0.25797543 0.30964392 
3.6800001 -79.993866 0.0235327 0.0007834924 0.97374988 0.25773239 0.30887079 
3.6900001 -79.94413 0.023357183 0.00079261354 0.97392589 0.25749022 0.3080996 
3.7 -79.894493 0.023183744 0.00080181856 0.97410023 0.25724888 0.30733031 
3.71 -79.844971 0.023012366 0.00081110804 0.97427291 0.25700837 0.30656293 
3.72 -79.795555 0.022843024 0.00082048244 0.97444391 0.25676873 0.30579749 
3.73 -79.746246 0.022675699 0.00082994229 0.97461337 0.2565299 0.30503395 
3.74 -79.697052 0.02251037 0.00083948812 0.97478116 0.2562919 0.30427232 
3.75 -79.647957 0.022347016 0.00084912038 0.97494739 0.25605473 0.3035126 
3.76 -79.598976 0.022185618 0.00085883966 0.97511208 0.2558184 0.30275476 
3.77 -79.550095 0.022026155 0.00086864649 0.97527522 0.25558287 0.30199882 
3.78 -79.50132 0.021868607 0.00087854126 0.97543681 0.25534815 0.30124477 
3.79 -79.45266 0.021712957 0.00088852464 0.9755969 0.25511423 0.30049261 
3.8 -79.404099 0.021559184 0.00089859706 0.97575545 0.25488111 0.29974231 
3.8099999 -79.355652 0.021407269 0.00090875907 0.97591263 0.2546488 0.29899392 
3.8199999 -79.307304 0.021257196 0.00091901113 0.97606826 0.2544173 0.29824737 
3.8299999 -79.259064 0.021108942 0.00092935388 0.97622252 0.25418657 0.29750267 
3.8399999 -79.210922 0.020962493 0.00093978771 0.97637528 0.25395662 0.29675984 
3.8499999 -79.162895 0.020817829 0.00095031323 0.97652668 0.25372747 0.29601887 
3.8599999 -79.114967 0.020674935 0.00096093089 0.9766767 0.25349909 0.29527977 
3.8699999 -79.067146 0.020533789 0.00097164128 0.97682536 0.25327146 0.29454249 
3.8800001 -79.019432 0.020394379 0.00098244485 0.97697258 0.25304464 0.29380706 
3.8900001 -78.971817 0.020256683 0.00099334214 0.97711855 0.25281855 0.29307345 
3.9000001 -78.924309 0.02012069 0.0010043337 0.97726315 0.25259322 0.29234168 
3.9100001 -78.8769 0.019986376 0.0010154201 0.97740644 0.25236866 0.29161176 
3.9200001 -78.829597 0.019853732 0.0010266016 0.97754842 0.25214484 0.29088363 
3.9300001 -78.782394 0.019722737 0.0010378791 0.97768909 0.2519218 0.29015735 
3.9400001 -78.735298 0.019593379 0.0010492529 0.97782856 0.25169948 0.28943285 
3.95 -78.688309 0.019465638 0.0010607236 0.97796673 0.2514779 0.28871018 
3.96 -78.641418 0.019339502 0.0010722916 0.97810364 0.25125706 0.28798932 
3.97 -78.594627 0.019214954 0.0010839575 0.97823936 0.25103694 0.28727025 
3.98 -78.547935 0.019091979 0.0010957218 0.97837389 0.25081754 0.28655297 
3.99 -78.50135 0.018970562 0.0011075852 0.97850716 0.25059891 0.2858375 
4 -78.454865 0.01885069 0.001119548 0.9786393 0.25038096 0.2851238 
4.0100002 -78.408485 0.018732345 0.0011316107 0.9787702 0.25016373 0.28441188 
4.02 -78.362198 0.018615516 0.0011437739 0.97890002 0.24994722 0.28370175 
4.0300002 -78.316017 0.018500188 0.0011560381 0.97902864 0.24973142 0.28299338 
4.04 -78.269936 0.018386345 0.001168404 0.97915614 0.24951632 0.28228679 
4.0500002 -78.223953 0.018273978 0.0011808719 0.9792825 0.24930194 0.28158194 
4.0599999 -78.17807 0.018163066 0.0011934424 0.97940779 0.24908824 0.28087887 
4.0700002 -78.132294 0.018053602 0.0012061159 0.97953194 0.24887525 0.28017756 
4.0799999 -78.086609 0.017945571 0.0012188931 0.97965503 0.24866293 0.27947801 
4.0900002 -78.041023 0.017838959 0.0012317745 0.97977704 0.24845131 0.27878019 
4.0999999 -77.995537 0.017733753 0.0012447605 0.97989798 0.24824037 0.2780841 
4.1100001 -77.950157 0.01762994 0.0012578516 0.98001784 0.24803011 0.27738976 
4.1199999 -77.904869 0.017527508 0.0012710486 0.98013669 0.24782053 0.27669716 
4.1300001 -77.85968 0.017426444 0.0012843516 0.98025453 0.24761163 0.27600628 
4.1399999 -77.81459 0.017326737 0.0012977615 0.98037136 0.24740338 0.27531713 
4.1500001 -77.7696 0.017228374 0.0013112786 0.98048717 0.24719581 0.27462971 
4.1599998 -77.724701 0.017131343 0.0013249035 0.98060197 0.24698891 0.27394399 
4.1700001 -77.679901 0.017035631 0.0013386365 0.98071575 0.24678265 0.27326 
4.1799998 -77.635208 0.016941229 0.0013524785 0.98082858 0.24657705 0.2725777 
4.1900001 -77.590599 0.016848123 0.0013664297 0.98094046 0.24637212 0.27189714 
4.1999998 -77.546097 0.016756302 0.0013804908 0.98105139 0.24616782 0.27121824 
4.21 -77.501686 0.016665757 0.0013946623 0.98116142 0.24596417 0.27054104 
4.2199998 -77.457375 0.016576473 0.0014089446 0.98127043 0.24576117 0.26986554 
4.23 -77.413155 0.016488442 0.0014233382 0.98137856 0.2455588 0.26919171 
4.2399998 -77.369034 0.016401652 0.0014378438 0.98148578 0.24535707 0.26851958 
4.25 -77.325005 0.016316092 0.0014524617 0.98159206 0.24515598 0.26784915 
4.2600002 -77.281075 0.016231753 0.0014671925 0.9816975 0.24495551 0.26718035 
4.27 -77.237236 0.016148621 0.0014820368 0.98180199 0.24475567 0.26651326 
4.2800002 -77.193497 0.016066691 0.0014969949 0.98190564 0.24455646 0.2658478 
4.29 -77.149857 0.015985949 0.0015120675 0.9820084 0.24435785 0.26518402 
4.3000002 -77.1063 0.015906384 0.0015272551 0.98211032 0.24415988 0.2645219 
4.3099999 -77.062843 0.015827989 0.001542558 0.98221141 0.24396251 0.26386142 
4.3200002 -77.019478 0.015750755 0.0015579769 0.98231161 0.24376576 0.26320261 
4.3299999 -76.976212 0.015674667 0.0015735123 0.98241097 0.24356961 0.26254541 
4.3400002 -76.933037 0.015599721 0.0015891646 0.98250955 0.24337406 0.26188987 
4.3499999 -76.889954 0.015525904 0.0016049345 0.98260731 0.24317913 0.26123598 
4.3600001 -76.846962 0.015453209 0.0016208221 0.98270422 0.24298479 0.2605837 
4.3699999 -76.80407 0.015381626 0.0016368284 0.98280036 0.24279104 0.25993305 
4.3800001 -76.761269 0.015311144 0.0016529536 0.98289573 0.24259789 0.25928405 
4.3899999 -76.718559 0.015241756 0.0016691982 0.98299032 0.24240533 0.25863665 
4.4000001 -76.675934 0.015173453 0.0016855628 0.98308408 0.24221335 0.2579909 
4.4099998 -76.633408 0.015106225 0.0017020478 0.98317713 0.24202196 0.25734672 
4.4200001 -76.590981 0.015040065 0.0017186538 0.98326939 0.24183115 0.25670415 
4.4299998 -76.548637 0.014974964 0.0017353813 0.98336089 0.24164093 0.25606322 
4.4400001 -76.506386 0.014910912 0.0017522307 0.98345166 0.24145128 0.25542384 
4.4499998 -76.464226 0.014847903 0.0017692024 0.98354167 0.24126218 0.2547861 
4.46 -76.422157 0.014785926 0.0017862972 0.98363096 0.24107368 0.25414994 
4.4699998 -76.38018 0.014724975 0.0018035154 0.98371953 0.24088573 0.25351536 
4.48 -76.338287 0.01466504 0.0018208574 0.98380738 0.24069835 0.25288236 
4.4899998 -76.296494 0.014606115 0.0018383238 0.98389453 0.24051154 0.25225097 
4.5 -76.254784 0.014548192 0.0018559151 0.98398095 0.24032527 0.25162113 
4.5100002 -76.213173 0.014491262 0.0018736317 0.98406672 0.24013957 0.25099286 
4.52 -76.171646 0.014435318 0.0018914742 0.98415178 0.23995443 0.25036618 
4.5300002 -76.130203 0.014380353 0.0019094431 0.98423612 0.23976983 0.24974105 
4.54 -76.08886 0.014326357 0.0019275387 0.98431987 0.23958577 0.24911749 
4.5500002 -76.0476 0.014273325 0.0019457615 0.98440289 0.23940226 0.24849547 
4.5599999 -76.006432 0.01422125 0.001964112 0.98448527 0.23921931 0.24787502 
4.5700002 -75.965347 0.014170122 0.0019825909 0.98456699 0.23903689 0.24725612 
4.5799999 -75.924355 0.014119937 0.0020011985 0.98464805 0.238855 0.24663876 
4.5900002 -75.883453 0.014070686 0.0020199353 0.98472846 0.23867366 0.24602294 
4.5999999 -75.842636 0.014022363 0.0020388018 0.98480821 0.23849285 0.24540865 
4.6100001 -75.80191 0.01397496 0.0020577982 0.98488736 0.23831256 0.2447959 
4.6199999 -75.761269 0.013928471 0.0020769252 0.98496592 0.2381328 0.24418469 
4.6300001 -75.720711 0.013882889 0.0020961834 0.98504382 0.23795357 0.24357501 
4.6399999 -75.680252 0.013838208 0.002115573 0.98512113 0.23777486 0.24296683 
4.6500001 -75.63987 0.013794421 0.0021350947 0.98519778 0.23759668 0.24236017 
4.6599998 -75.599579 0.013751521 0.0021547487 0.9852739 0.23741899 0.24175505 
4.6700001 -75.559372 0.013709501 0.0021745358 0.98534936 0.23724185 0.24115142 
4.6799998 -75.519257 0.013668357 0.0021944561 0.98542428 0.2370652 0.24054931 
4.6900001 -75.479225 0.013628081 0.0022145102 0.98549861 0.23688906 0.23994869 
4.6999998 -75.439278 0.013588667 0.0022346985 0.98557234 0.23671344 0.23934957 
4.71 -75.399422 0.013550108 0.0022550216 0.98564547 0.23653832 0.23875196 
4.7199998 -75.359642 0.0135124 0.00227548 0.98571807 0.23636371 0.23815583 
4.73 -75.319954 0.013475536 0.0022960738 0.98579007 0.23618959 0.2375612 
4.7399998 -75.280357 0.01343951 0.0023168039 0.9858616 0.23601598 0.23696804 
4.75 -75.240837 0.013404315 0.0023376702 0.98593247 0.23584285 0.23637637 
4.7600002 -75.201401 0.013369948 0.0023586736 0.98600286 0.23567024 0.23578618 
4.77 -75.162056 0.013336401 0.0023798144 0.98607266 0.2354981 0.23519745 
4.7800002 -75.122787 0.013303669 0.002401093 0.98614198 0.23532645 0.23461021 
4.79 -75.083611 0.013271746 0.0024225099 0.9862107 0.2351553 0.23402442 
4.8000002 -75.044518 0.013240628 0.0024440656 0.98627895 0.23498464 0.2334401 
4.8099999 -75.005508 0.013210308 0.0024657603 0.98634666 0.23481444 0.23285724 
4.8200002 -74.966576 0.013180781 0.0024875945 0.98641384 0.23464473 0.23227583 
4.8299999 -74.927734 0.013152042 0.0025095688 0.98648047 0.23447551 0.23169588 
4.8400002 -74.888969 0.013124085 0.0025316835 0.98654664 0.23430675 0.23111737 
4.8499999 -74.850296 0.013096906 0.0025539391 0.98661226 0.23413847 0.23054031 
4.8600001 -74.811699 0.0130705 0.0025763358 0.98667747 0.23397066 0.22996469 
4.8699999 -74.773186 0.013044859 0.0025988743 0.98674208 0.23380332 0.2293905 
4.8800001 -74.734764 0.013019982 0.002621555 0.98680627 0.23363645 0.22881776 
4.8899999 -74.696411 0.012995861 0.002644378 0.98686993 0.23347004 0.22824644 
4.9000001 -74.65815 0.012972492 0.0026673439 0.98693311 0.2333041 0.22767654 
4.9099998 -74.619965 0.012949871 0.0026904533 0.98699582 0.23313862 0.22710808 
4.9200001 -74.581863 0.012927992 0.0027137066 0.9870581 0.23297359 0.22654103 
4.9299998 -74.543846 0.012906851 0.0027371037 0.98711985 0.23280904 0.22597538 
4.9400001 -74.505913 0.012886444 0.0027606457 0.98718113 0.23264492 0.22541116 
4.9499998 -74.468056 0.012866764 0.0027843325 0.98724198 0.23248127 0.22484834 
4.96 -74.430283 0.012847809 0.0028081646 0.98730236 0.23231806 0.22428694 
4.9699998 -74.392586 0.012829573 0.0028321424 0.98736227 0.23215531 0.22372693 
4.98 -74.354973 0.012812052 0.0028562665 0.98742175 0.23199299 0.22316833 
4.9899998 -74.317444 0.012795241 0.0028805372 0.98748082 0.23183112 0.22261111 
5 -74.279991 0.012779136 0.0029049546 0.98753935 0.23166969 0.22205529 
5.0100002 -74.242615 0.012763733 0.0029295194 0.98759753 0.23150872 0.22150086 
5.02 -74.205322 0.012749027 0.002954232 0.98765522 0.23134817 0.2209478 
5.0300002 -74.168114 0.012735015 0.0029790928 0.9877125 0.23118807 0.22039615 
5.04 -74.130981 0.012721691 0.0030041018 0.98776937 0.23102839 0.21984585 
5.0500002 -74.093925 0.012709053 0.0030292596 0.98782581 0.23086916 0.21929693 
5.0599999 -74.056953 0.012697095 0.0030545669 0.98788184 0.23071036 0.21874939 
5.0700002 -74.020058 0.012685814 0.0030800237 0.98793739 0.23055197 0.2182032 
5.0799999 -73.983238 0.012675205 0.0031056304 0.98799258 0.23039402 0.21765839 
5.0900002 -73.946503 0.012665266 0.0031313873 0.98804736 0.2302365 0.21711494 
5.0999999 -73.909843 0.012655991 0.0031572951 0.98810172 0.2300794 0.21657284 
5.1100001 -73.87326 0.012647377 0.0031833539 0.98815566 0.22992273 0.2160321 
5.1199999 -73.836761 0.01263942 0.0032095641 0.98820925 0.22976646 0.21549271 
5.1300001 -73.800339 0.012632117 0.0032359262 0.98826241 0.22961062 0.21495466 
5.1399999 -73.763992 0.012625462 0.0032624402 0.98831517 0.2294552 0.21441795 
5.1500001 -73.727722 0.012619454 0.0032891068 0.98836756 0.22930019 0.2138826 
5.1599998 -73.691528 0.012614088 0.0033159261 0.98841953 0.22914559 0.21334857 
5.1700001 -73.655418 0.01260936 0.0033428988 0.98847115 0.2289914 0.21281587 
5.1799998 -73.619377 0.012605268 0.0033700247 0.98852235 0.22883762 0.21228451 
5.1900001 -73.58342 0.012601806 0.0033973048 0.98857319 0.22868425 0.21175447 
5.1999998 -73.547539 0.012598973 0.0034247388 0.98862368 0.22853129 0.21122576 
5.21 -73.511726 0.012596764 0.0034523273 0.98867381 0.22837873 0.21069837 
5.2199998 -73.475998 0.012595176 0.003480071 0.98872352 0.22822657 0.2101723 
5.23 -73.440346 0.012594205 0.0035079697 0.98877293 0.2280748 0.20964754 
5.2399998 -73.404762 0.012593849 0.0035360237 0.98882192 0.22792345 0.20912409 
5.25 -73.369263 0.012594103 0.0035642337 0.98887056 0.22777249 0.20860194 
5.2600002 -73.333839 0.012594965 0.0035925999 0.98891884 0.22762193 0.2080811 
5.27 -73.298485 0.012596431 0.0036211226 0.98896682 0.22747175 0.20756155 
5.2800002 -73.263206 0.012598499 0.0036498019 0.98901439 0.22732197 0.20704332 
5.29 -73.228004 0.012601163 0.0036786385 0.98906165 0.22717257 0.20652637 
5.3000002 -73.192879 0.012604424 0.0037076324 0.9891085 0.22702357 0.20601071 
5.3099999 -73.157829 0.012608275 0.003736784 0.98915505 0.22687495 0.20549634 
5.3200002 -73.122856 0.012612714 0.0037660936 0.98920131 0.22672673 0.20498325 
5.3299999 -73.087952 0.01261774 0.0037955616 0.98924714 0.22657888 0.20447145 
5.3400002 -73.053123 0.012623347 0.0038251881 0.98929268 0.22643141 0.20396093 
5.3499999 -73.018372 0.012629535 0.0038549735 0.98933792 0.22628433 0.20345168 
5.3600001 -72.983688 0.012636298 0.0038849183 0.9893828 0.22613762 0.2029437 
5.3699999 -72.949089 0.012643635 0.0039150221 0.98942733 0.22599129 0.20243698 
5.3800001 -72.914551 0.012651542 0.0039452864 0.98947155 0.22584534 0.20193154 
5.3899999 -72.880096 0.012660018 0.0039757104 0.98951548 0.22569975 0.20142736 
5.4000001 -72.845711 0.012669058 0.0040062945 0.98955905 0.22555456 0.20092443 
5.4099998 -72.811394 0.01267866 0.0040370394 0.98960233 0.22540972 0.20042276 
5.4200001 -72.777161 0.012688821 0.0040679453 0.9896453 0.22526525 0.19992235 
5.4299998 -72.742989 0.012699539 0.0040990119 0.98968792 0.22512116 0.19942318 
5.4400001 -72.708893 0.012710811 0.0041302405 0.98973024 0.22497742 0.19892526 
5.4499998 -72.674873 0.012722633 0.0041616303 0.98977226 0.22483405 0.19842859 
5.46 -72.640923 0.012735004 0.0041931826 0.98981398 0.22469105 0.19793315 
5.4699998 -72.607048 0.01274792 0.0042248964 0.98985541 0.22454841 0.19743896 
5.48 -72.573242 0.012761381 0.0042567733 0.98989654 0.22440612 0.19694598 
5.4899998 -72.539505 0.01277538 0.0042888126 0.98993737 0.2242642 0.19645426 
5.5 -72.505844 0.012789918 0.004321015 0.98997784 0.22412264 0.19596374 
5.5100002 -72.472252 0.012804992 0.0043533803 0.99001807 0.22398143 0.19547446 
5.52 -72.438736 0.012820598 0.0043859091 0.990058 0.22384058 0.1949864 
5.5300002 -72.405289 0.012836734 0.0044186017 0.99009764 0.22370008 0.19449957 
5.54 -72.37191 0.012853399 0.0044514583 0.99013704 0.22355992 0.19401394 
5.5500002 -72.3386 0.012870588 0.0044844788 0.99017608 0.22342013 0.19352953 
5.5599999 -72.305367 0.012888301 0.0045176637 0.99021488 0.22328067 0.19304632 
5.5700002 -72.272202 0.012906534 0.0045510135 0.99025339 0.22314157 0.19256432 
5.5799999 -72.239105 0.012925285 0.004584528 0.99029166 0.22300281 0.19208354 
5.5900002 -72.206078 0.012944552 0.0046182075 0.99032956 0.22286439 0.19160394 
5.5999999 -72.173126 0.012964333 0.0046520522 0.99036723 0.22272632 0.19112554 
5.6100001 -72.140244 0.012984625 0.0046860622 0.99040467 0.2225886 0.19064835 
5.6199999 -72.107422 0.013005425 0.0047202385 0.9904418 0.22245121 0.19017234 
5.6300001 -72.074677 0.013026733 0.0047545801 0.99047863 0.22231415 0.18969752 
5.6399999 -72.042 0.013048545 0.0047890879 0.99051523 0.22217745 0.18922389 
5.6500001 -72.009392 0.013070858 0.0048237625 0.99055159 0.22204107 0.18875143 
5.6599998 -71.976852 0.013093672 0.0048586028 0.99058765 0.22190502 0.18828017 
5.6700001 -71.944382 0.013116983 0.0048936103 0.99062347 0.22176932 0.18781006 
5.6799998 -71.91198 0.01314079 0.0049287844 0.990659 0.22163394 0.18734115 
5.6900001 -71.879646 0.01316509 0.0049641258 0.99069428 0.22149889 0.18687341 
5.6999998 -71.847382 0.013189882 0.0049996348 0.99072933 0.22136419 0.18640682 
5.71 -71.815186 0.013215163 0.0050353105 0.99076408 0.22122979 0.1859414 
5.7199998 -71.783058 0.013240931 0.0050711543 0.99079859 0.22109573 0.18547715 
5.73 -71.750999 0.013267184 0.0051071658 0.99083287 0.220962 0.18501405 
5.7399998 -71.719002 0.013293919 0.0051433453 0.9908669 0.22082859 0.18455212 
5.75 -71.68708 0.013321136 0.0051796925 0.9909007 0.2206955 0.18409133 
5.7600002 -71.65522 0.013348832 0.0052162083 0.99093419 0.22056274 0.1836317 
5.77 -71.623428 0.013377004 0.0052528926 0.99096745 0.22043028 0.18317321 
5.7800002 -71.591705 0.013405652 0.0052897455 0.99100053 0.22029817 0.18271586 
5.79 -71.560043 0.013434772 0.0053267675 0.99103332 0.22016636 0.18225966 
5.8000002 -71.528458 0.013464364 0.005363958 0.99106586 0.22003487 0.18180461 
5.8099999 -71.496933 0.013494425 0.0054013175 0.99109823 0.21990369 0.18135069 
5.8200002 -71.465477 0.013524953 0.0054388465 0.99113029 0.21977283 0.18089789 
5.8299999 -71.434082 0.013555946 0.0054765446 0.99116212 0.21964228 0.18044624 
5.8400002 -71.402756 0.013587403 0.0055144127 0.99119377 0.21951205 0.1799957 
5.8499999 -71.371498 0.013619321 0.0055524497 0.99122512 0.21938212 0.1795463 
5.8600001 -71.340309 0.013651699 0.0055906572 0.9912563 0.2192525 0.17909801 
5.8699999 -71.309181 0.013684534 0.0056290342 0.99128723 0.2191232 0.17865086 
5.8800001 -71.278114 0.013717826 0.0056675812 0.99131793 0.2189942 0.1782048 
5.8899999 -71.247124 0.013751573 0.0057062986 0.99134845 0.2188655 0.17775987 
5.9000001 -71.216187 0.013785771 0.005745186 0.99137866 0.21873711 0.17731604 
5.9099998 -71.185326 0.013820421 0.0057842438 0.99140871 0.21860902 0.17687333 
5.9200001 -71.154518 0.013855519 0.0058234725 0.99143851 0.21848124 0.17643172 
5.9299998 -71.123787 0.013891065 0.0058628712 0.99146813 0.21835376 0.17599121 
5.9400001 -71.093109 0.013927056 0.0059024412 0.99149746 0.21822657 0.1755518 
5.9499998 -71.0625 0.013963491 0.0059421817 0.9915266 0.21809968 0.1751135 
5.96 -71.03196 0.014000367 0.005982093 0.99155557 0.2179731 0.17467628 
5.9699998 -71.00148 0.014037685 0.0060221758 0.9915843 0.21784681 0.17424016 
5.98 -70.971062 0.014075441 0.0060624294 0.99161279 0.21772082 0.17380512 
5.9899998 -70.940712 0.014113634 0.0061028544 0.9916411 0.21759512 0.17337118 
6 -70.910423 0.014152262 0.0061434503 0.99166918 0.21746971 0.17293832 
6.0100002 -70.880203 0.014191325 0.006184218 0.99169707 0.2173446 0.17250653 
6.02 -70.850037 0.014230819 0.0062251571 0.99172479 0.21721977 0.17207582 
6.0300002 -70.819939 0.014270745 0.0062662675 0.99175221 0.21709524 0.17164619 
6.04 -70.789902 0.014311099 0.0063075498 0.99177951 0.216971 0.17121764 
6.0500002 -70.759933 0.01435188 0.0063490034 0.99180657 0.21684703 0.17079015 
6.0599999 -70.730026 0.014393087 0.0063906293 0.99183339 0.21672337 0.17036374 
6.0700002 -70.70018 0.014434719 0.0064324266 0.99186009 0.21659997 0.16993839 
6.0799999 -70.670395 0.014476774 0.0064743962 0.99188656 0.21647687 0.16951409 
6.0900002 -70.640671 0.014519249 0.0065165376 0.99191278 0.21635406 0.16909087 
6.0999999 -70.611008 0.014562145 0.0065588509 0.99193883 0.21623152 0.16866869 
6.1100001 -70.581413 0.014605458 0.0066013364 0.9919647 0.21610928 0.16824757 
6.1199999 -70.55188 0.014649188 0.0066439938 0.99199039 0.21598729 0.1678275 
6.1300001 -70.5224 0.014693333 0.0066868234 0.99201584 0.2158656 0.16740848 
6.1399999 -70.492989 0.014737892 0.0067298254 0.99204117 0.21574418 0.1669905 
6.1500001 -70.463638 0.014782864 0.0067729997 0.9920662 0.21562305 0.16657357 
6.1599998 -70.434349 0.014828245 0.0068163457 0.99209112 0.21550219 0.16615768 
6.1700001 -70.405121 0.014874036 0.0068598646 0.99211586 0.21538159 0.16574283 
6.1799998 -70.375954 0.014920236 0.0069035557 0.99214035 0.21526128 0.16532902 
6.1900001 -70.34684 0.014966841 0.0069474196 0.99216473 0.21514124 0.16491625 
6.1999998 -70.317795 0.015013851 0.0069914553 0.99218887 0.21502148 0.16450448 
6.21 -70.288811 0.015061266 0.0070356638 0.99221283 0.21490198 0.16409376 
6.2199998 -70.259888 0.015109082 0.0070800446 0.99223661 0.21478274 0.16368407 
6.23 -70.231018 0.015157299 0.0071245981 0.99226022 0.21466379 0.16327541 
6.2399998 -70.202209 0.015205916 0.007169324 0.99228364 0.2145451 0.16286775 
6.25 -70.17347 0.015254932 0.0072142221 0.99230683 0.21442668 0.16246112 
6.2600002 -70.144783 0.015304343 0.007259293 0.9923299 0.21430852 0.16205549 
6.27 -70.116158 0.01535415 0.0073045362 0.99235278 0.21419063 0.1616509 
6.2800002 -70.087585 0.015404351 0.0073499521 0.99237549 0.214073 0.1612473 
6.29 -70.059082 0.015454945 0.0073955408 0.99239802 0.21395564 0.16084471 
6.3000002 -70.030632 0.01550593 0.0074413018 0.99242038 0.21383853 0.16044313 
6.3099999 -70.002243 0.015557305 0.0074872351 0.99244255 0.21372169 0.16004254 
6.3200002 -69.973915 0.01560907 0.0075333412 0.99246454 0.21360512 0.15964296 
6.3299999 -69.945641 0.015661221 0.0075796195 0.99248636 0.2134888 0.15924439 
6.3400002 -69.917427 0.015713759 0.0076260706 0.99250799 0.21337274 0.1588468 
6.3499999 -69.889275 0.015766682 0.007672694 0.99252951 0.21325693 0.15845022 
6.3600001 -69.861176 0.015819987 0.0077194902 0.99255079 0.21314138 0.15805461 
6.3699999 -69.833138 0.015873676 0.0077664587 0.99257195 0.21302609 0.15765999 
6.3800001 -69.805161 0.015927747 0.007813599 0.99259293 0.21291105 0.15726636 
6.3899999 -69.777237 0.015982196 0.007860912 0.99261373 0.21279627 0.15687372 
6.4000001 -69.749374 0.016037025 0.0079083983 0.99263436 0.21268174 0.15648206 
6.4099998 -69.721565 0.01609223 0.0079560559 0.99265486 0.21256746 0.15609136 
6.4200001 -69.693817 0.016147811 0.0080038859 0.99267519 0.21245344 0.15570165 
6.4299998 -69.66613 0.016203769 0.0080518881 0.99269533 0.21233965 0.15531291 
6.4400001 -69.638489 0.016260099 0.0081000626 0.9927153 0.21222614 0.15492515 
6.4499998 -69.610916 0.016316801 0.0081484094 0.99273515 0.21211286 0.15453835 
6.46 -69.583397 0.016373876 0.0081969285 0.99275476 0.21199982 0.15415251 
6.4699998 -69.555931 0.01643132 0.0082456199 0.99277431 0.21188703 0.15376765 
6.48 -69.528519 0.016489135 0.0082944827 0.99279362 0.2117745 0.15338375 
6.4899998 -69.501175 0.016547317 0.0083435178 0.99281281 0.2116622 0.15300079 
6.5 -69.473877 0.016605863 0.0083927242 0.99283183 0.21155016 0.1526188 
6.5100002 -69.44664 0.016664777 0.0084421029 0.99285072 0.21143836 0.15223776 
6.52 -69.419456 0.016724054 0.0084916539 0.99286944 0.21132679 0.15185767 
6.5300002 -69.392326 0.016783696 0.0085413763 0.99288797 0.21121547 0.15147853 
6.54 -69.365257 0.016843699 0.0085912701 0.99290639 0.21110439 0.15110034 
6.5500002 -69.338242 0.016904062 0.0086413352 0.99292463 0.21099356 0.1507231 
6.5599999 -69.311279 0.016964786 0.0086915726 0.99294275 0.21088295 0.15034679 
6.5700002 -69.284378 0.017025867 0.0087419813 0.99296069 0.21077259 0.14997143 
6.5799999 -69.25753 0.017087307 0.0087925615 0.99297845 0.21066247 0.149597 
6.5900002 -69.230736 0.017149102 0.008843312 0.9929961 0.21055257 0.14922351 
6.5999999 -69.203995 0.017211253 0.0088942349 0.99301362 0.21044293 0.14885095 
6.6100001 -69.177307 0.017273758 0.0089453291 0.99303097 0.21033351 0.14847931 
6.6199999 -69.150681 0.017336616 0.0089965938 0.99304813 0.21022433 0.14810862 
6.6300001 -69.124107 0.017399827 0.0090480288 0.99306518 0.21011537 0.14773884 
6.6399999 -69.09758 0.017463388 0.0090996362 0.99308211 0.21000665 0.14736998 
6.6500001 -69.071114 0.017527299 0.0091514131 0.99309886 0.20989817 0.14700206 
6.6599998 -69.044701 0.017591558 0.0092033613 0.99311543 0.20978992 0.14663504 
6.6700001 -69.018341 0.017656166 0.00925548 0.99313188 0.2096819 0.14626895 
6.6799998 -68.992035 0.017721118 0.0093077691 0.99314821 0.2095741 0.14590377 
6.6900001 -68.965782 0.017786419 0.0093602296 0.99316442 0.20946655 0.14553949 
6.6999998 -68.939583 0.017852062 0.0094128596 0.99318045 0.2093592 0.14517614 
6.71 -68.913445 0.01791805 0.00946566 0.99319631 0.20925209 0.14481369 
6.7199998 -68.887352 0.017984379 0.0095186299 0.99321204 0.2091452 0.14445214 
6.73 -68.861313 0.018051051 0.0095717702 0.99322766 0.20903856 0.1440915 
6.7399998 -68.835327 0.018118061 0.009625081 0.99324316 0.20893212 0.14373176 
6.75 -68.809387 0.018185413 0.0096785612 0.99325848 0.20882592 0.14337291 
6.7600002 -68.783508 0.018253101 0.009732211 0.99327368 0.20871992 0.14301497 
6.77 -68.757683 0.018321129 0.0097860303 0.9932887 0.20861416 0.14265791 
6.7800002 -68.731903 0.01838949 0.009840019 0.9933036 0.20850863 0.14230174 
6.79 -68.706184 0.018458188 0.0098941773 0.99331838 0.2084033 0.14194646 
6.8000002 -68.680511 0.018527219 0.0099485051 0.99333304 0.20829821 0.14159209 
6.8099999 -68.654892 0.018596586 0.010003001 0.99334753 0.20819332 0.14123859 
6.8200002 -68.629326 0.018666282 0.010057667 0.99336189 0.20808867 0.14088596 
6.8299999 -68.603806 0.01873631 0.010112502 0.99337614 0.20798422 0.14053422 
6.8400002 -68.578339 0.01880667 0.010167506 0.9933902 0.20787999 0.14018337 
6.8499999 -68.552933 0.018877357 0.010222677 0.99340415 0.20777598 0.13983339 
6.8600001 -68.527565 0.018948374 0.010278017 0.99341798 0.20767219 0.13948427 
6.8699999 -68.502258 0.019019719 0.010333526 0.99343169 0.20756862 0.13913605 
6.8800001 -68.476997 0.019091388 0.010389203 0.99344528 0.20746526 0.13878867 
6.8899999 -68.45179 0.019163385 0.010445048 0.99345869 0.2073621 0.13844217 
6.9000001 -68.426628 0.019235704 0.010501062 0.99347198 0.20725918 0.13809654 
6.9099998 -68.40152 0.019308347 0.010557243 0.99348515 0.20715645 0.13775177 
6.9200001 -68.376465 0.019381315 0.01061359 0.99349821 0.20705394 0.13740785 
6.9299998 -68.351456 0.019454602 0.010670107 0.99351114 0.20695163 0.13706481 
6.9400001 -68.3265 0.01952821 0.010726791 0.99352396 0.20684955 0.13672261 
6.9499998 -68.30159 0.019602137 0.010783642 0.99353659 0.20674767 0.13638128 
6.96 -68.276733 0.019676384 0.010840659 0.99354911 0.206646 0.13604079 
6.9699998 -68.251923 0.019750949 0.010897844 0.99356151 0.20654453 0.13570115 
6.98 -68.227165 0.019825831 0.010955196 0.99357378 0.20644328 0.13536237 
6.9899998 -68.202454 0.019901028 0.011012714 0.99358594 0.20634224 0.13502443 
7 -68.177795 0.01997654 0.0110704 0.99359798 0.2062414 0.13468732 
7.0100002 -68.153183 0.020052366 0.011128251 0.99360991 0.20614076 0.13435107 
7.02 -68.128624 0.020128507 0.011186269 0.99362165 0.20604034 0.13401565 
7.0300002 -68.104111 0.020204959 0.011244453 0.99363333 0.20594011 0.13368107 
7.04 -68.079651 0.020281723 0.011302804 0.99364483 0.20584008 0.13334733 
7.0500002 -68.055229 0.020358797 0.011361319 0.99365628 0.20574027 0.13301443 
7.0599999 -68.030861 0.020436181 0.01142 0.99366754 0.20564064 0.13268234 
7.0700002 -68.006546 0.020513874 0.011478848 0.99367869 0.20554124 0.1323511 
7.0799999 -67.982277 0.020591874 0.01153786 0.99368978 0.20544203 0.13202067 
7.0900002 -67.958054 0.020670181 0.011597037 0.99370068 0.20534301 0.13169107 
7.0999999 -67.933876 0.020748794 0.01165638 0.99371147 0.2052442 0.1313623 
7.1100001 -67.909752 0.020827712 0.011715888 0.99372214 0.20514558 0.13103434 
7.1199999 -67.885674 0.020906935 0.01177556 0.99373269 0.20504718 0.13070722 
7.1300001 -67.861641 0.020986462 0.011835397 0.99374318 0.20494895 0.1303809 
7.1399999 -67.837654 0.021066289 0.011895399 0.99375349 0.20485093 0.1300554 
7.1500001 -67.813713 0.02114642 0.011955564 0.99376369 0.20475312 0.12973072 
7.1599998 -67.789825 0.021226851 0.012015894 0.99377376 0.20465548 0.12940684 
7.1700001 -67.765984 0.021307584 0.012076388 0.99378371 0.20455804 0.12908377 
7.1799998 -67.742188 0.021388615 0.012137045 0.99379361 0.20446081 0.12876152 
7.1900001 -67.718437 0.021469943 0.012197867 0.99380332 0.20436378 0.12844005 
7.1999998 -67.694733 0.021551568 0.012258851 0.99381298 0.20426692 0.12811939 
7.21 -67.671074 0.021633491 0.01232 0.99382246 0.20417027 0.12779954 
7.2199998 -67.647461 0.02171571 0.012381311 0.99383187 0.2040738 0.12748049 
7.23 -67.623894 0.021798223 0.012442785 0.99384111 0.20397754 0.12716223 
7.2399998 -67.60038 0.021881031 0.012504422 0.99385029 0.20388146 0.12684478 
7.25 -67.576904 0.021964131 0.012566223 0.99385935 0.20378557 0.1265281 
7.2600002 -67.553474 0.022047523 0.012628185 0.99386829 0.20368987 0.12621222 
7.27 -67.53009 0.022131208 0.012690309 0.99387711 0.20359436 0.12589714 
7.2800002 -67.506752 0.022215184 0.012752597 0.99388582 0.20349903 0.12558283 
7.29 -67.483467 0.022299448 0.012815046 0.9938944 0.20340391 0.12526932 
7.3000002 -67.46022 0.022384003 0.012877657 0.99390286 0.20330897 0.12495659 
7.3099999 -67.437012 0.022468844 0.01294043 0.99391127 0.2032142 0.12464463 
7.3200002 -67.413857 0.022553975 0.013003364 0.99391949 0.20311964 0.12433346 
7.3299999 -67.390747 0.022639392 0.01306646 0.99392766 0.20302525 0.12402306 
7.3400002 -67.367676 0.022725094 0.013129718 0.9939357 0.20293105 0.12371344 
7.3499999 -67.34465 0.022811081 0.013193136 0.99394363 0.20283704 0.12340459 
7.3600001 -67.321671 0.022897353 0.013256716 0.99395144 0.20274322 0.12309652 
7.3699999 -67.298737 0.022983909 0.013320455 0.99395913 0.20264956 0.12278921 
7.3800001 -67.275848 0.023070747 0.013384356 0.99396676 0.2025561 0.12248267 
7.3899999 -67.252998 0.023157867 0.013448417 0.99397427 0.20246282 0.12217689 
7.4000001 -67.230194 0.023245268 0.013512639 0.9939816 0.20236972 0.12187189 
7.4099998 -67.207436 0.023332948 0.013577021 0.99398893 0.20227681 0.12156764 
7.4200001 -67.184715 0.023420908 0.013641562 0.99399608 0.20218408 0.12126415 
7.4299998 -67.162041 0.023509149 0.013706264 0.99400312 0.20209152 0.12096142 
7.4400001 -67.139412 0.023597665 0.013771126 0.99401009 0.20199914 0.12065945 
7.4499998 -67.116821 0.023686459 0.013836147 0.99401695 0.20190695 0.12035822 
7.46 -67.094276 0.023775531 0.013901328 0.99402368 0.20181493 0.12005775 
7.4699998 -67.071777 0.023864876 0.013966667 0.9940303 0.2017231 0.11975804 
7.48 -67.049316 0.023954498 0.014032166 0.99403685 0.20163144 0.11945907 
7.4899998 -67.026901 0.024044394 0.014097824 0.99404329 0.20153996 0.11916085 
7.5 -67.004524 0.024134563 0.01416364 0.99404961 0.20144865 0.11886337 
7.5100002 -66.982193 0.024225004 0.014229616 0.99405581 0.20135753 0.11856664 
7.52 -66.9599 0.024315719 0.01429575 0.99406189 0.20126657 0.11827064 
7.5300002 -66.937653 0.024406703 0.014362043 0.99406791 0.20117579 0.11797539 
7.54 -66.915443 0.024497958 0.014428494 0.99407381 0.20108519 0.11768088 
7.5500002 -66.893272 0.024589483 0.014495102 0.99407965 0.20099476 0.11738709 
7.5599999 -66.871147 0.024681276 0.014561868 0.99408531 0.2009045 0.11709405 
7.5700002 -66.849068 0.024773337 0.014628793 0.99409091 0.20081443 0.11680174 
7.5799999 -66.827026 0.024865666 0.014695875 0.9940964 0.20072451 0.11651015 
7.5900002 -66.805023 0.024958262 0.014763115 0.99410182 0.20063478 0.1162193 
7.5999999 -66.783058 0.025051124 0.014830513 0.99410707 0.20054522 0.11592916 
7.6100001 -66.761139 0.025144251 0.014898067 0.99411225 0.20045583 0.11563976 
7.6199999 -66.739258 0.025237642 0.014965779 0.99411738 0.2003666 0.11535108 
7.6300001 -66.717422 0.025331298 0.015033648 0.99412233 0.20027755 0.11506312 
7.6399999 -66.695625 0.025425216 0.015101674 0.99412721 0.20018867 0.11477587 
7.6500001 -66.673866 0.025519397 0.015169856 0.99413204 0.20009995 0.11448935 
7.6599998 -66.652145 0.025613841 0.015238196 0.99413669 0.2000114 0.11420354 
7.6700001 -66.630463 0.025708543 0.015306692 0.99414128 0.19992302 0.11391845 
7.6799998 -66.608826 0.025803508 0.015375343 0.99414575 0.19983482 0.11363406 
7.6900001 -66.587227 0.02589873 0.015444152 0.99415016 0.19974677 0.11335039 
7.6999998 -66.565666 0.025994213 0.015513116 0.99415445 0.1996589 0.11306743 
7.71 -66.544144 0.026089953 0.015582237 0.99415863 0.19957119 0.11278518 
7.7199998 -66.522659 0.026185952 0.015651515 0.99416268 0.19948366 0.11250362 
7.73 -66.501221 0.026282206 0.015720947 0.99416667 0.19939628 0.11222278 
7.7399998 -66.479813 0.026378717 0.015790535 0.99417061 0.19930907 0.11194263 
7.75 -66.458443 0.026475484 0.01586028 0.99417436 0.19922201 0.11166318 
7.7600002 -66.437119 0.026572505 0.01593018 0.99417806 0.19913514 0.11138443 
7.77 -66.415833 0.02666978 0.016000234 0.99418169 0.19904841 0.11110637 
7.7800002 -66.394577 0.02676731 0.016070444 0.99418521 0.19896187 0.11082902 
7.79 -66.373367 0.026865091 0.016140811 0.99418861 0.19887547 0.11055236 
7.8000002 -66.352188 0.026963124 0.016211331 0.99419188 0.19878924 0.11027638 
7.8099999 -66.331055 0.02706141 0.016282007 0.9941951 0.19870317 0.11000109 
7.8200002 -66.309952 0.027159946 0.016352838 0.9941982 0.19861726 0.1097265 
7.8299999 -66.288887 0.027258731 0.016423823 0.99420124 0.19853151 0.10945258 
7.8400002 -66.26786 0.027357766 0.016494965 0.99420416 0.19844593 0.10917936 
7.8499999 -66.24688 0.027457051 0.01656626 0.99420702 0.1983605 0.10890681 
7.8600001 -66.225922 0.027556583 0.016637711 0.99420971 0.19827524 0.10863495 
7.8699999 -66.205009 0.027656363 0.016709315 0.99421239 0.19819012 0.10836376 
7.8800001 -66.184135 0.027756391 0.016781075 0.99421489 0.19810519 0.10809325 
7.8899999 -66.163292 0.027856665 0.016852988 0.9942174 0.19802038 0.10782342 
7.9000001 -66.142487 0.027957182 0.016925056 0.99421972 0.19793576 0.10755426 
7.9099998 -66.121719 0.028057948 0.01699728 0.99422199 0.19785129 0.10728578 
7.9200001 -66.10099 0.028158955 0.017069655 0.99422413 0.19776696 0.10701796 
7.9299998 -66.080292 0.028260207 0.017142186 0.99422622 0.1976828 0.10675082 
7.9400001 -66.059631 0.028361702 0.017214872 0.99422824 0.1975988 0.10648434 
7.9499998 -66.039009 0.02846344 0.017287711 0.99423009 0.19751495 0.10621852 
7.96 -66.018417 0.02856542 0.017360704 0.99423188 0.19743125 0.10595338 
7.9699998 -65.997864 0.028667642 0.017433852 0.99423361 0.19734772 0.10568889 
7.98 -65.977348 0.028770104 0.017507153 0.99423522 0.19726433 0.10542507 
7.9899998 -65.956863 0.028872807 0.017580608 0.99423671 0.19718111 0.1051619 
8 -65.936409 0.028975748 0.017654218 0.99423814 0.19709802 0.10489939 
8.0100002 -65.916 0.029078929 0.017727982 0.99423951 0.19701509 0.10463753 
8.0200005 -65.895622 0.029182347 0.017801899 0.9942407 0.19693233 0.10437634 
8.0299997 -65.875275 0.029286005 0.017875969 0.99424189 0.1968497 0.10411579 
8.04 -65.854965 0.029389897 0.017950194 0.99424297 0.19676724 0.10385589 
8.0500002 -65.834686 0.029494029 0.018024573 0.99424392 0.19668493 0.10359664 
8.0600004 -65.814445 0.029598394 0.018099107 0.99424475 0.19660276 0.10333805 
8.0699997 -65.794235 0.029702997 0.018173793 0.99424559 0.19652076 0.10308009 
8.0799999 -65.774063 0.029807834 0.018248634 0.99424624 0.19643889 0.10282278 
8.0900002 -65.753922 0.029912906 0.018323628 0.99424684 0.19635718 0.10256612 
8.1000004 -65.73381 0.030018212 0.018398777 0.99424738 0.19627562 0.10231009 
8.1099997 -65.713737 0.03012375 0.018474078 0.99424779 0.1961942 0.10205471 
8.1199999 -65.693695 0.030229522 0.018549535 0.99424815 0.19611295 0.10179996 
8.1300001 -65.673691 0.030335525 0.018625144 0.99424839 0.19603182 0.10154585 
8.1400003 -65.653709 0.030441759 0.018700909 0.99424857 0.19595087 0.10129237 
8.1499996 -65.633766 0.030548226 0.018776827 0.99424863 0.19587004 0.10103953 
8.1599998 -65.613861 0.030654922 0.018852899 0.99424857 0.19578937 0.10078731 
8.1700001 -65.593979 0.030761849 0.018929126 0.99424845 0.19570884 0.10053574 
8.1800003 -65.574135 0.030869005 0.019005505 0.99424827 0.19562846 0.10028478 
8.1899996 -65.554321 0.03097639 0.019082041 0.99424797 0.19554824 0.10003445 
8.1999998 -65.534538 0.031084005 0.01915873 0.99424762 0.19546816 0.099784754 
8.21 -65.514786 0.031191846 0.019235574 0.99424714 0.19538821 0.099535674 
8.2200003 -65.495064 0.031299915 0.01931257 0.99424654 0.19530842 0.099287219 
8.2299995 -65.47538 0.031408213 0.019389722 0.99424595 0.19522877 0.099039383 
8.2399998 -65.455719 0.031516735 0.01946703 0.99424517 0.19514926 0.098792173 
8.25 -65.436096 0.031625483 0.019544492 0.9942444 0.19506991 0.098545574 
8.2600002 -65.416496 0.031734455 0.019622108 0.99424344 0.19499068 0.098299593 
8.2700005 -65.396935 0.031843655 0.019699879 0.99424249 0.19491161 0.098054223 
8.2799997 -65.377403 0.031953078 0.019777805 0.99424136 0.19483268 0.097809471 
8.29 -65.357895 0.032062724 0.019855885 0.99424022 0.1947539 0.097565331 
8.3000002 -65.338425 0.032172598 0.019934122 0.99423897 0.19467525 0.097321793 
8.3100004 -65.318977 0.032282691 0.020012513 0.9942376 0.19459674 0.097078875 
8.3199997 -65.299568 0.032393008 0.020091061 0.99423617 0.19451839 0.096836552 
8.3299999 -65.280182 0.032503545 0.020169763 0.99423468 0.19444016 0.09659484 
8.3400002 -65.260826 0.032614306 0.02024862 0.99423307 0.19436207 0.096353732 
8.3500004 -65.241501 0.032725289 0.020327633 0.99423134 0.19428414 0.096113227 
8.3599997 -65.222206 0.032836489 0.020406805 0.99422956 0.19420634 0.095873326 
8.3699999 -65.202942 0.032947913 0.020486129 0.99422771 0.19412869 0.095634021 
8.3800001 -65.183708 0.033059556 0.020565612 0.99422574 0.19405116 0.095395312 
8.3900003 -65.164497 0.033171419 0.020645251 0.99422371 0.19397378 0.095157199 
8.3999996 -65.145317 0.033283502 0.020725047 0.99422163 0.19389655 0.094919682 
8.4099998 -65.126167 0.033395801 0.020804999 0.99421942 0.19381945 0.094682761 
8.4200001 -65.10704 0.033508319 0.020885108 0.9942171 0.19374248 0.094446428 
8.4300003 -65.087944 0.033621054 0.020965375 0.99421471 0.19366565 0.094210684 
8.4399996 -65.068878 0.033734009 0.021045798 0.99421227 0.19358897 0.093975537 
8.4499998 -65.049843 0.033847179 0.02112638 0.99420971 0.19351241 0.09374097 
8.46 -65.03083 0.033960566 0.02120712 0.99420708 0.193436 0.093506992 
8.4700003 -65.011848 0.034074169 0.021288017 0.99420434 0.19335972 0.093273595 
8.4799995 -64.992889 0.034187987 0.021369074 0.99420154 0.19328359 0.093040787 
8.4899998 -64.973961 0.034302022 0.021450289 0.99419862 0.19320758 0.09280856 
8.5 -64.955055 0.034416273 0.02153166 0.9941957 0.19313172 0.092576906 
8.5100002 -64.93618 0.034530737 0.021613194 0.9941926 0.19305597 0.092345841 
8.5200005 -64.917328 0.034645416 0.021694884 0.99418944 0.19298038 0.092115343 
8.5299997 -64.898506 0.034760311 0.021776736 0.99418622 0.19290492 0.091885425 
8.54 -64.879707 0.034875415 0.021858746 0.99418294 0.19282958 0.091656081 
8.5500002 -64.860939 0.034990735 0.021940917 0.99417955 0.19275439 0.091427311 
8.5600004 -64.842194 0.035106272 0.022023249 0.99417603 0.19267933 0.091199115 
8.5699997 -64.823471 0.035222016 0.02210574 0.99417245 0.19260441 0.090971485 
8.5799999 -64.804779 0.035337973 0.022188395 0.99416882 0.1925296 0.090744428 
8.5900002 -64.78611 0.035454143 0.022271208 0.99416506 0.19245495 0.090517938 
8.6000004 -64.767464 0.035570525 0.022354186 0.99416125 0.19238041 0.090292007 
8.6099997 -64.748848 0.035687119 0.022437323 0.99415737 0.19230603 0.090066649 
8.6199999 -64.730255 0.035803922 0.022520624 0.99415338 0.19223176 0.08984185 
8.6300001 -64.711685 0.035920937 0.022604087 0.99414933 0.19215763 0.08961761 
8.6400003 -64.693146 0.03603816 0.022687713 0.99414515 0.19208363 0.089393936 
8.6499996 -64.674622 0.036155596 0.022771504 0.99414092 0.19200976 0.089170814 
8.6599998 -64.656128 0.036273241 0.022855457 0.99413657 0.19193602 0.088948257 
8.6700001 -64.637657 0.036391094 0.022939574 0.99413216 0.19186242 0.088726252 
8.6800003 -64.619209 0.03650916 0.023023857 0.99412769 0.19178894 0.088504799 
8.6899996 -64.600784 0.036627434 0.023108304 0.9941231 0.19171558 0.088283904 
8.6999998 -64.582382 0.036745913 0.023192916 0.99411845 0.19164237 0.08806356 
8.71 -64.564003 0.036864605 0.023277694 0.99411374 0.19156928 0.087843768 
8.7200003 -64.545647 0.036983505 0.02336264 0.99410892 0.19149633 0.08762452 
8.7299995 -64.527321 0.03710261 0.023447752 0.99410397 0.19142349 0.087405823 
8.7399998 -64.50901 0.037221923 0.023533029 0.99409902 0.19135079 0.08718767 
8.75 -64.490723 0.037341446 0.023618476 0.99409395 0.19127822 0.086970069 
8.7600002 -64.472458 0.037461177 0.023704089 0.99408877 0.19120578 0.086753003 
8.7700005 -64.454216 0.037581112 0.023789873 0.99408352 0.19113345 0.086536482 
8.7799997 -64.435997 0.037701257 0.023875825 0.99407822 0.19106127 0.086320505 
8.79 -64.417801 0.037821606 0.023961946 0.99407285 0.19098921 0.086105071 
8.8000002 -64.39962 0.037942164 0.024048237 0.99406737 0.19091728 0.085890166 
8.8100004 -64.38147 0.038062926 0.024134699 0.99406177 0.19084547 0.085675806 
8.8199997 -64.363335 0.038183898 0.024221333 0.99405611 0.19077379 0.085461974 
8.8299999 -64.345222 0.038305074 0.024308136 0.99405038 0.19070223 0.085248679 
8.8400002 -64.327133 0.038426455 0.024395114 0.9940446 0.19063081 0.08503592 
8.8500004 -64.309059 0.038548041 0.024482263 0.9940387 0.19055951 0.08482369 
8.8599997 -64.291008 0.038669832 0.024569586 0.99403268 0.19048832 0.08461199 
8.8699999 -64.27298 0.038791832 0.024657084 0.99402666 0.19041727 0.084400818 
8.8800001 -64.254967 0.038914036 0.024744755 0.99402052 0.19034635 0.084190175 
8.8900003 -64.236977 0.039036445 0.024832601 0.99401426 0.19027555 0.083980061 
8.8999996 -64.219009 0.039159056 0.024920624 0.99400795 0.19020487 0.083770469 
8.9099998 -64.201057 0.039281875 0.025008822 0.99400157 0.19013432 0.083561398 
8.9200001 -64.183121 0.039404899 0.025097197 0.99399513 0.19006389 0.083352856 
8.9300003 -64.165207 0.039528128 0.025185751 0.99398857 0.18999359 0.083144829 
8.9399996 -64.147316 0.039651562 0.025274482 0.9939819 0.18992341 0.08293733 
8.9499998 -64.12944 0.039775196 0.025363393 0.99397516 0.18985334 0.082730338 
8.96 -64.111588 0.03989904 0.025452483 0.99396837 0.18978341 0.082523875 
8.9700003 -64.093742 0.040023085 0.025541754 0.99396151 0.1897136 0.082317919 
8.9799995 -64.075928 0.040147334 0.025631206 0.99395454 0.1896439 0.082112484 
8.9899998 -64.058121 0.040271789 0.02572084 0.99394751 0.18957435 0.081907555 
9 -64.040337 0.040396448 0.025810657 0.99394035 0.18950489 0.081703141 
9.0100002 -64.022575 0.040521313 0.025900656 0.99393314 0.18943557 0.081499241 
9.0200005 -64.004822 0.040646378 0.02599084 0.99392587 0.18936637 0.081295848 
9.0299997 -63.987091 0.040771652 0.02608121 0.99391848 0.18929729 0.081092961 
9.04 -63.969376 0.040897127 0.026171764 0.99391103 0.18922834 0.080890588 
9.0500002 -63.951675 0.041022807 0.026262505 0.99390346 0.1891595 0.080688715 
9.0600004 -63.933994 0.041148692 0.026353434 0.99389583 0.18909079 0.080487348 
9.0699997 -63.916328 0.041274779 0.026444551 0.99388814 0.18902218 0.08028648 
9.0799999 -63.898678 0.04140107 0.026535857 0.99388033 0.18895371 0.080086119 
9.0900002 -63.881042 0.041527569 0.026627352 0.99387246 0.18888536 0.079886258 
9.1000004 -63.863426 0.04165427 0.026719039 0.99386454 0.18881711 0.079686895 
9.1099997 -63.845821 0.041781176 0.026810918 0.99385649 0.188749 0.079488032 
9.1199999 -63.828236 0.041908283 0.026902989 0.99384838 0.18868101 0.079289667 
9.1300001 -63.810661 0.042035598 0.026995255 0.99384022 0.18861313 0.079091795 
9.1400003 -63.793106 0.042163119 0.027087713 0.99383193 0.18854538 0.078894421 
9.1499996 -63.775562 0.04229084 0.027180368 0.99382353 0.18847774 0.078697532 
9.1599998 -63.758034 0.042418767 0.027273219 0.99381512 0.18841021 0.078501143 
9.1700001 -63.740517 0.042546902 0.027366268 0.9938066 0.18834281 0.078305244 
9.1800003 -63.723019 0.042675238 0.027459513 0.99379796 0.18827553 0.078109831 
9.1899996 -63.705528 0.042803783 0.02755296 0.99378926 0.18820836 0.077914909 
9.1999998 -63.688057 0.042932529 0.027646607 0.99378049 0.18814132 0.077720471 
9.21 -63.670597 0.043061484 0.027740456 0.99377167 0.18807438 0.077526525 
9.2200003 -63.653149 0.043190643 0.027834507 0.99376273 0.18800758 0.077333055 
9.2299995 -63.635715 0.043320008 0.02792876 0.99375367 0.18794088 0.077140078 
9.2399998 -63.618294 0.043449581 0.028023221 0.99374461 0.1878743 0.076947577 
9.25 -63.600883 0.043579355 0.028117886 0.99373537 0.18780784 0.076755561 
9.2600002 -63.583488 0.043709338 0.028212758 0.99372613 0.18774149 0.076564021 
9.2700005 -63.566101 0.043839529 0.028307838 0.99371678 0.18767527 0.076372959 
9.2799997 -63.548729 0.043969925 0.028403129 0.99370736 0.18760915 0.076182373 
9.29 -63.531368 0.044100527 0.028498629 0.99369782 0.18754315 0.075992271 
9.3000002 -63.514015 0.04423134 0.028594343 0.99368823 0.18747728 0.075802639 
9.3100004 -63.496677 0.044362355 0.028690267 0.99367857 0.18741152 0.075613484 
9.3199997 -63.479347 0.044493582 0.028786408 0.99366879 0.18734586 0.075424798 
9.3299999 -63.462029 0.044625014 0.028882764 0.9936589 0.18728034 0.075236581 
9.3400002 -63.444721 0.044756658 0.028979335 0.99364901 0.18721491 0.075048842 
9.3500004 -63.427422 0.044888508 0.029076125 0.99363899 0.18714961 0.074861564 
9.3599997 -63.410133 0.045020565 0.029173136 0.99362886 0.18708442 0.074674763 
9.3699999 -63.392857 0.045152836 0.029270368 0.99361873 0.18701935 0.074488424 
9.3800001 -63.375587 0.045285311 0.029367819 0.99360842 0.18695439 0.074302547 
9.3900003 -63.358326 0.045418002 0.029465497 0.9935981 0.18688956 0.074117139 
9.3999996 -63.341076 0.045550898 0.029563399 0.99358767 0.18682483 0.073932193 
9.4099998 -63.323833 0.045684006 0.029661527 0.99357712 0.1867602 0.073747709 
9.4200001 -63.306599 0.045817327 0.029759884 0.99356657 0.18669571 0.073563695 
9.4300003 -63.289371 0.045950856 0.029858468 0.99355584 0.18663132 0.073380128 
9.4399996 -63.272152 0.046084598 0.029957285 0.99354511 0.18656704 0.07319703 
9.4499998 -63.254944 0.046218552 0.030056335 0.99353427 0.18650289 0.073014379 
9.46 -63.23774 0.046352722 0.030155618 0.9935233 0.18643883 0.07283219 
9.4700003 -63.220543 0.0464871 0.030255135 0.99351227 0.1863749 0.072650455 
9.4799995 -63.20335 0.046621695 0.030354891 0.99350119 0.18631108 0.072469175 
9.4899998 -63.186169 0.046756502 0.030454885 0.99348998 0.18624736 0.072288349 
9.5 -63.168991 0.046891525 0.03055512 0.99347872 0.18618377 0.072107978 
9.5100002 -63.151821 0.047026761 0.030655596 0.99346739 0.18612029 0.071928054 
9.5200005 -63.134655 0.047162212 0.030756317 0.99345595 0.18605691 0.071748577 
9.5299997 -63.117496 0.047297884 0.030857284 0.99344444 0.18599366 0.071569555 
9.54 -63.100342 0.047433767 0.030958496 0.99343282 0.18593051 0.071390979 
9.5500002 -63.083191 0.047569871 0.031059958 0.99342114 0.18586747 0.071212843 
9.5600004 -63.066044 0.04770619 0.031161672 0.99340934 0.18580455 0.071035154 
9.5699997 -63.048904 0.047842726 0.031263638 0.99339747 0.18574174 0.070857912 
9.5799999 -63.031769 0.047979485 0.031365857 0.99338549 0.18567903 0.070681117 
9.5900002 -63.014637 0.04811646 0.031468332 0.99337351 0.18561645 0.070504755 
9.6000004 -62.997505 0.048253655 0.031571068 0.99336135 0.18555397 0.070328839 
9.6099997 -62.980381 0.048391074 0.031674061 0.99334913 0.18549159 0.070153363 
9.6199999 -62.963257 0.048528712 0.031777319 0.99333686 0.18542935 0.069978327 
9.6300001 -62.946136 0.04866657 0.031880837 0.99332446 0.1853672 0.069803722 
9.6400003 -62.92902 0.048804652 0.031984624 0.993312 0.18530516 0.069629557 
9.6499996 -62.911903 0.048942961 0.032088678 0.99329948 0.18524323 0.069455832 
9.6599998 -62.894791 0.049081489 0.032193005 0.99328685 0.18518142 0.069282539 
9.6700001 -62.877678 0.049220245 0.0322976 0.99327409 0.18511972 0.069109678 
9.6800003 -62.860565 0.049359225 0.032402474 0.99326128 0.18505813 0.068937242 
9.6899996 -62.843456 0.049498431 0.032507621 0.9932484 0.18499663 0.068765245 
9.6999998 -62.826344 0.049637865 0.032613046 0.99323541 0.18493527 0.068593681 
9.71 -62.809235 0.04977753 0.032718755 0.99322236 0.184874 0.068422541 
9.7200003 -62.792126 0.049917419 0.032824747 0.99320918 0.18481284 0.068251826 
9.7299995 -62.775017 0.050057542 0.032931022 0.99319595 0.18475181 0.068081543 
9.7399998 -62.757904 0.050197892 0.033037588 0.9931826 0.18469086 0.067911685 
9.75 -62.740795 0.050338473 0.033144444 0.99316919 0.18463004 0.067742243 
9.7600002 -62.723682 0.050479285 0.033251591 0.99315566 0.18456933 0.067573234 
9.7700005 -62.706566 0.050620332 0.033359032 0.99314207 0.18450873 0.067404643 
9.7799997 -62.689449 0.050761614 0.033466771 0.99312836 0.18444823 0.067236476 
9.79 -62.672333 0.05090313 0.033574812 0.99311459 0.18438783 0.067068733 
9.8000002 -62.655209 0.051044885 0.033683155 0.9931007 0.18432756 0.066901401 
9.8100004 -62.638084 0.051186871 0.033791803 0.99308676 0.18426737 0.066734493 
9.8199997 -62.62096 0.051329099 0.03390076 0.99307275 0.18420732 0.066568002 
9.8299999 -62.603828 0.051471565 0.034010023 0.99305862 0.18414736 0.066401921 
9.8400002 -62.586693 0.05161427 0.034119602 0.99304438 0.18408751 0.066236265 
9.8500004 -62.569553 0.051757216 0.034229498 0.99303007 0.18402778 0.066071019 
9.8599997 -62.55241 0.051900405 0.034339711 0.99301565 0.18396814 0.065906182 
9.8699999 -62.535259 0.052043837 0.034450248 0.99300116 0.18390863 0.065741763 
9.8800001 -62.518105 0.052187514 0.034561105 0.99298656 0.18384922 0.065577753 
9.8900003 -62.500946 0.052331433 0.034672294 0.9929719 0.18378991 0.065414146 
9.8999996 -62.48378 0.052475601 0.03478381 0.99295712 0.18373071 0.065250956 
9.9099998 -62.46661 0.052620016 0.034895658 0.99294227 0.18367162 0.065088175 
9.9200001 -62.449429 0.05276468 0.035007846 0.99292731 0.18361264 0.064925797 
9.9300003 -62.432243 0.052909598 0.035120372 0.99291229 0.18355377 0.064763829 
9.9399996 -62.415051 0.053054761 0.035233237 0.99289715 0.183495 0.064602256 
9.9499998 -62.397846 0.053200182 0.035346452 0.99288189 0.18343633 0.0644411 
9.96 -62.380638 0.053345852 0.035460014 0.99286658 0.18337779 0.064280339 
9.9700003 -62.363419 0.053491782 0.035573926 0.9928512 0.18331935 0.06411998 
9.9799995 -62.346191 0.053637967 0.035688195 0.99283564 0.18326101 0.063960023 
9.9899998 -62.328953 0.053784408 0.035802823 0.99282008 0.18320277 0.063800469 
10 -62.311707 0.05393111 0.035917815 0.99280435 0.18314466 0.06364131 
10.01 -62.294449 0.054078072 0.036033168 0.99278855 0.18308663 0.063482553 
10.02 -62.27718 0.054225296 0.036148895 0.9927727 0.18302873 0.063324191 
10.03 -62.259903 0.054372784 0.03626499 0.99275672 0.18297093 0.063166223 
10.04 -62.242611 0.054520536 0.036381464 0.99274063 0.18291323 0.063008651 
10.05 -62.225307 0.054668557 0.036498319 0.99272448 0.18285565 0.062851474 
10.06 -62.207993 0.054816846 0.036615554 0.99270821 0.18279816 0.062694691 
10.07 -62.190666 0.054965403 0.03673318 0.99269181 0.18274079 0.062538296 
10.08 -62.173325 0.055114232 0.036851197 0.99267536 0.18268353 0.062382292 
10.09 -62.155972 0.055263333 0.036969606 0.99265885 0.18262637 0.062226683 
10.1 -62.138603 0.05541271 0.037088417 0.99264216 0.18256931 0.062071458 
10.11 -62.12122 0.055562362 0.03720763 0.99262542 0.18251237 0.061916623 
10.12 -62.103821 0.055712294 0.037327252 0.99260861 0.18245552 0.061762176 
10.13 -62.086407 0.055862505 0.037447285 0.99259162 0.1823988 0.061608117 
10.14 -62.068977 0.056012996 0.037567735 0.99257457 0.18234217 0.061454441 
10.15 -62.051533 0.056163773 0.037688602 0.99255747 0.18228565 0.061301149 
10.16 -62.034069 0.05631483 0.037809893 0.99254018 0.18222924 0.061148241 
10.17 -62.01659 0.056466177 0.037931614 0.9925229 0.18217292 0.060995713 
10.18 -61.999092 0.056617815 0.03805377 0.99250543 0.18211673 0.060843568 
10.19 -61.981575 0.05676974 0.038176361 0.99248791 0.18206064 0.060691807 
10.2 -61.964043 0.056921959 0.038299397 0.99247026 0.18200465 0.060540423 
10.21 -61.946487 0.057074472 0.038422879 0.9924525 0.18194877 0.060389414 
10.22 -61.928913 0.057227284 0.038546816 0.99243468 0.18189299 0.060238786 
10.23 -61.91132 0.057380393 0.038671207 0.99241668 0.18183732 0.060088534 
10.24 -61.893707 0.057533801 0.03879606 0.99239868 0.18178177 0.059938658 
10.25 -61.876072 0.057687514 0.038921379 0.9923805 0.18172631 0.059789158 
10.26 -61.858414 0.057841532 0.03904717 0.99236226 0.18167096 0.059640031 
10.27 -61.840733 0.057995856 0.039173439 0.9923439 0.18161571 0.059491277 
10.28 -61.823029 0.058150489 0.039300188 0.99232543 0.18156058 0.059342895 
10.29 -61.805302 0.058305435 0.039427429 0.99230683 0.18150555 0.059194881 
10.3 -61.787552 0.058460694 0.039555158 0.99228817 0.18145062 0.059047241 
10.31 -61.769779 0.058616269 0.03968339 0.9922694 0.18139581 0.058899969 
10.32 -61.75198 0.058772162 0.039812125 0.9922505 0.1813411 0.058753066 
10.33 -61.734154 0.058928378 0.03994137 0.99223149 0.1812865 0.058606531 
10.34 -61.716301 0.059084915 0.04007113 0.99221241 0.18123199 0.058460359 
10.35 -61.698421 0.059241779 0.040201411 0.99219322 0.1811776 0.058314554 
10.36 -61.680515 0.059398971 0.04033222 0.99217385 0.18112332 0.058169115 
10.37 -61.662579 0.059556495 0.040463563 0.99215448 0.18106914 0.058024041 
10.38 -61.644615 0.059714355 0.040595446 0.99213493 0.18101507 0.057879329 
10.39 -61.626625 0.059872549 0.040727876 0.99211526 0.1809611 0.057734977 
10.4 -61.608601 0.060031079 0.040860858 0.99209553 0.18090725 0.057590988 
10.41 -61.590546 0.060189955 0.040994398 0.99207562 0.1808535 0.057447359 
10.42 -61.572464 0.060349174 0.041128505 0.99205565 0.18079984 0.057304088 
10.43 -61.554344 0.060508739 0.041263185 0.99203557 0.18074632 0.057161175 
10.44 -61.536198 0.060668655 0.041398443 0.99201536 0.18069288 0.057018619 
10.45 -61.518013 0.060828924 0.04153429 0.99199504 0.18063955 0.056876421 
10.46 -61.499798 0.060989548 0.041670728 0.99197459 0.18058634 0.056734581 
10.47 -61.481548 0.061150532 0.041807767 0.99195409 0.18053323 0.056593094 
10.48 -61.463261 0.061311878 0.041945413 0.99193341 0.18048023 0.056451961 
10.49 -61.444939 0.061473593 0.042083673 0.9919126 0.18042733 0.056311179 
10.5 -61.426579 0.061635673 0.042222559 0.99189174 0.18037453 0.05617075 
10.51 -61.408184 0.061798126 0.042362075 0.9918707 0.18032184 0.056030672 
10.52 -61.389748 0.06196095 0.042502228 0.9918496 0.18026927 0.055890948 
10.53 -61.371273 0.062124155 0.042643029 0.99182832 0.1802168 0.05575157 
10.54 -61.35276 0.062287744 0.042784486 0.99180698 0.18016444 0.055612542 
10.55 -61.334206 0.062451717 0.042926606 0.99178547 0.1801122 0.05547386 
10.56 -61.315609 0.062616073 0.043069396 0.99176389 0.18006004 0.055335529 
10.57 -61.29697 0.062780827 0.043212865 0.99174213 0.18000801 0.055197541 
10.58 -61.27829 0.062945977 0.043357022 0.99172032 0.17995608 0.055059899 
10.59 -61.259563 0.063111521 0.04350188 0.99169832 0.17990425 0.054922599 
10.6 -61.240795 0.063277476 0.043647442 0.99167621 0.17985255 0.054785646 
10.61 -61.221981 0.063443832 0.043793723 0.99165398 0.17980094 0.054649033 
10.62 -61.203117 0.063610606 0.043940727 0.99163163 0.17974944 0.054512765 
10.63 -61.184208 0.063777789 0.044088464 0.99160916 0.17969805 0.054376837 
10.64 -61.165253 0.06394539 0.044236947 0.99158657 0.17964676 0.054241247 
10.65 -61.146244 0.064113416 0.044386186 0.9915638 0.17959559 0.054105997 
10.66 -61.12719 0.064281866 0.044536188 0.99154097 0.17954454 0.053971086 
10.67 -61.108082 0.064450756 0.044686966 0.99151796 0.17949358 0.053836513 
10.68 -61.088924 0.06462007 0.044838529 0.99149483 0.17944273 0.053702276 
10.69 -61.06971 0.064789832 0.04499089 0.99147159 0.179392 0.053568374 
10.7 -61.050446 0.064960033 0.045144055 0.99144822 0.17934136 0.053434808 
10.71 -61.031124 0.065130688 0.04529804 0.99142468 0.17929085 0.053301577 
10.72 -61.011745 0.065301798 0.045452856 0.99140102 0.17924044 0.053168681 
10.73 -60.992313 0.065473363 0.045608509 0.99137723 0.17919014 0.053036116 
10.74 -60.97282 0.065645389 0.04576502 0.99135333 0.17913994 0.052903879 
10.75 -60.95327 0.065817885 0.045922391 0.99132925 0.17908987 0.052771978 
10.76 -60.933659 0.06599085 0.046080641 0.99130505 0.1790399 0.052640405 
10.77 -60.913986 0.066164292 0.046239782 0.99128067 0.17899004 0.052509163 
10.78 -60.894253 0.066338219 0.046399824 0.99125624 0.1789403 0.052378248 
10.79 -60.874454 0.066512637 0.046560779 0.99123156 0.17889066 0.052247658 
10.8 -60.854588 0.066687547 0.046722665 0.99120682 0.17884113 0.0521174 
10.81 -60.83466 0.066862956 0.046885494 0.99118191 0.17879172 0.051987465 
10.82 -60.814663 0.067038864 0.047049277 0.99115688 0.17874241 0.051857855 
10.83 -60.794598 0.067215286 0.047214031 0.99113166 0.17869322 0.051728573 
10.84 -60.774464 0.067392223 0.047379766 0.99110627 0.17864414 0.051599611 
10.85 -60.754257 0.067569673 0.047546502 0.99108082 0.17859516 0.051470973 
10.86 -60.733982 0.06774766 0.047714252 0.99105513 0.17854631 0.051342655 
10.87 -60.713627 0.067926176 0.047883034 0.99102932 0.17849757 0.051214661 
10.88 -60.693203 0.068105228 0.048052855 0.99100339 0.17844893 0.051086988 
10.89 -60.672699 0.068284832 0.048223741 0.99097729 0.17840041 0.050959632 
10.9 -60.652119 0.06846498 0.048395701 0.990951 0.178352 0.050832596 
10.91 -60.631458 0.068645693 0.048568755 0.9909246 0.1783037 0.05070588 
10.92 -60.610718 0.068826966 0.04874292 0.99089801 0.17825553 0.050579477 
10.93 -60.589893 0.069008805 0.04891821 0.99087131 0.17820747 0.050453395 
10.94 -60.568989 0.069191232 0.049094647 0.99084443 0.17815952 0.050327625 
10.95 -60.547997 0.069374233 0.04927225 0.99081737 0.17811167 0.050202172 
10.96 -60.526917 0.069557838 0.049451031 0.99079013 0.17806396 0.050077032 
10.97 -60.505749 0.069742031 0.049631014 0.99076271 0.17801635 0.049952209 
10.98 -60.484493 0.069926836 0.049812216 0.99073517 0.17796886 0.049827695 
10.99 -60.463142 0.070112251 0.049994662 0.99070746 0.17792147 0.049703494 
11 -60.4417 0.070298292 0.050178364 0.99067956 0.17787422 0.049579602 
11.01 -60.420162 0.070484959 0.050363347 0.99065149 0.17782708 0.049456023 
11.02 -60.398525 0.070672259 0.05054963 0.99062324 0.17778005 0.049332753 
11.03 -60.376793 0.070860207 0.050737239 0.99059486 0.17773314 0.049209788 
11.04 -60.354958 0.071048811 0.050926194 0.99056625 0.17768635 0.049087137 
11.05 -60.333019 0.071238071 0.051116515 0.99053746 0.17763966 0.048964787 
11.06 -60.310978 0.071428008 0.051308226 0.99050856 0.17759311 0.04884275 
11.07 -60.288826 0.071618617 0.051501352 0.99047941 0.17754667 0.048721015 
11.08 -60.266571 0.071809918 0.051695921 0.99045008 0.17750035 0.048599586 
11.09 -60.244202 0.072001912 0.051891949 0.99042058 0.17745414 0.048478458 
11.1 -60.221718 0.072194614 0.052089468 0.9903909 0.17740807 0.048357636 
11.11 -60.19912 0.072388031 0.052288499 0.99036103 0.1773621 0.048237119 
11.12 -60.176407 0.07258217 0.052489076 0.99033093 0.17731626 0.0481169 
11.13 -60.153572 0.072777048 0.052691218 0.99030066 0.17727055 0.047996987 
11.14 -60.130615 0.07297267 0.052894961 0.9902702 0.17722493 0.047877371 
11.15 -60.107536 0.073169045 0.053100325 0.99023956 0.17717946 0.047758054 
11.16 -60.084328 0.073366188 0.053307347 0.99020869 0.17713411 0.047639038 
11.17 -60.060993 0.073564105 0.053516053 0.99017763 0.17708887 0.047520321 
11.18 -60.037525 0.073762812 0.053726472 0.99014634 0.17704377 0.047401898 
11.19 -60.01392 0.073962316 0.053938642 0.99011487 0.17699878 0.047283772 
11.2 -59.990181 0.074162625 0.054152589 0.99008322 0.17695391 0.047165945 
11.21 -59.966301 0.074363761 0.054368351 0.99005127 0.17690918 0.047048412 
11.22 -59.942276 0.074565724 0.05458596 0.99001914 0.17686456 0.046931174 
11.23 -59.91811 0.074768536 0.05480545 0.98998684 0.17682007 0.046814229 
11.24 -59.893791 0.074972205 0.055026859 0.98995429 0.17677571 0.046697579 
11.25 -59.869324 0.075176738 0.055250224 0.98992151 0.17673147 0.04658122 
11.26 -59.8447 0.075382158 0.055475578 0.98988849 0.17668736 0.046465155 
11.27 -59.81992 0.07558848 0.055702966 0.98985523 0.17664339 0.04634938 
11.28 -59.794975 0.075795703 0.055932429 0.98982179 0.17659953 0.046233892 
11.29 -59.769867 0.076003857 0.056164 0.98978806 0.17655581 0.046118699 
11.3 -59.744591 0.076212943 0.056397729 0.98975414 0.17651223 0.046003792 
11.31 -59.719143 0.076422982 0.056633655 0.98971993 0.17646876 0.045889173 
11.32 -59.693523 0.07663399 0.056871824 0.98968554 0.17642543 0.04577484 
11.33 -59.667721 0.076845974 0.05711228 0.98965085 0.17638223 0.045660798 
11.34 -59.641735 0.077058963 0.057355072 0.98961592 0.17633916 0.045547038 
11.35 -59.615566 0.077272959 0.057600252 0.98958075 0.17629622 0.045433566 
11.36 -59.589203 0.07748799 0.057847865 0.98954529 0.17625342 0.045320377 
11.37 -59.562649 0.077704065 0.058097962 0.98950958 0.17621076 0.045207471 
11.38 -59.535892 0.077921204 0.058350597 0.98947358 0.17616823 0.045094851 
11.39 -59.508934 0.078139424 0.058605824 0.98943734 0.17612584 0.044982512 
11.4 -59.481766 0.07835874 0.058863703 0.98940086 0.17608358 0.044870455 
11.41 -59.454384 0.078579172 0.059124283 0.98936409 0.17604145 0.044758681 
11.42 -59.426788 0.078800745 0.059387635 0.98932701 0.17599948 0.044647187 
11.43 -59.398968 0.079023473 0.059653811 0.98928964 0.17595764 0.044535972 
11.44 -59.370918 0.07924737 0.059922874 0.98925197 0.17591593 0.044425037 
11.45 -59.34264 0.079472467 0.060194898 0.989214 0.17587437 0.044314377 
11.46 -59.314121 0.079698779 0.06046994 0.9891758 0.17583296 0.044204 
11.47 -59.285358 0.079926327 0.060748074 0.98913723 0.17579168 0.044093896 
11.48 -59.256344 0.080155134 0.061029375 0.98909837 0.17575055 0.04398407 
11.49 -59.227077 0.080385223 0.061313909 0.98905921 0.17570956 0.043874521 
11.5 -59.197548 0.080616616 0.061601754 0.98901969 0.17566873 0.043765247 
11.51 -59.167751 0.080849335 0.061892994 0.98897988 0.17562804 0.043656249 
11.52 -59.137684 0.081083409 0.062187705 0.9889397 0.17558749 0.043547522 
11.53 -59.10733 0.081318863 0.062485974 0.98889923 0.17554709 0.043439068 
11.54 -59.076691 0.081555717 0.062787883 0.9888584 0.17550685 0.043330889 
11.55 -59.045757 0.081794001 0.063093528 0.98881721 0.17546676 0.043222979 
11.56 -59.014523 0.082033746 0.063403003 0.98877567 0.17542683 0.04311534 
11.57 -58.982979 0.082274966 0.063716397 0.98873383 0.17538704 0.043007974 
11.58 -58.951115 0.082517706 0.064033806 0.98869157 0.1753474 0.042900879 
11.59 -58.918922 0.082761988 0.064355344 0.98864889 0.17530793 0.042794053 
11.6 -58.886402 0.083007842 0.064681113 0.98860592 0.17526862 0.042687491 
11.61 -58.853535 0.083255306 0.065011226 0.98856252 0.17522946 0.042581201 
11.62 -58.820316 0.083504401 0.065345787 0.98851871 0.17519046 0.042475179 
11.63 -58.786736 0.083755165 0.065684922 0.98847449 0.17515163 0.042369422 
11.64 -58.752785 0.084007636 0.066028759 0.9884299 0.17511296 0.042263929 
11.65 -58.718456 0.084261842 0.066377416 0.98838484 0.17507446 0.042158704 
11.66 -58.683731 0.084517829 0.066731036 0.98833942 0.17503613 0.042053744 
11.67 -58.648605 0.084775627 0.067089744 0.98829353 0.17499796 0.041949049 
11.68 -58.613068 0.085035272 0.06745369 0.98824716 0.17495996 0.041844618 
11.69 -58.577106 0.085296817 0.067823015 0.98820037 0.17492214 0.041740447 
11.7 -58.540707 0.085560292 0.068197891 0.9881531 0.17488448 0.041636541 
11.71 -58.503857 0.085825741 0.068578459 0.98810542 0.17484701 0.041532896 
11.72 -58.466541 0.08609321 0.068964891 0.9880572 0.17480971 0.041429512 
11.73 -58.428753 0.086362742 0.069357365 0.9880085 0.17477259 0.041326389 
11.74 -58.390476 0.086634383 0.069756061 0.98795927 0.17473565 0.041223522 
11.75 -58.351692 0.086908191 0.070161164 0.98790956 0.1746989 0.04112092 
11.76 -58.312389 0.087184206 0.070572868 0.98785925 0.17466234 0.041018575 
11.77 -58.272549 0.087462485 0.070991382 0.98780847 0.17462595 0.040916488 
11.78 -58.232159 0.087743074 0.071416922 0.98775709 0.17458977 0.040814657 
11.79 -58.191196 0.088026039 0.071849704 0.98770517 0.17455377 0.040713087 
11.8 -58.149643 0.088311434 0.072289959 0.98765266 0.17451796 0.04061177 
11.81 -58.107487 0.088599317 0.07273794 0.98759955 0.17448236 0.04051071 
11.82 -58.064705 0.088889755 0.073193893 0.98754585 0.17444696 0.040409904 
11.83 -58.021275 0.089182809 0.073658086 0.98749149 0.17441176 0.040309355 
11.84 -57.977173 0.089478537 0.074130788 0.98743653 0.17437676 0.040209059 
11.85 -57.932384 0.089777023 0.074612312 0.98738086 0.17434196 0.040109016 
11.86 -57.886879 0.090078339 0.07510294 0.98732454 0.17430739 0.040009227 
11.87 -57.840637 0.090382546 0.075603001 0.98726755 0.17427303 0.039909691 
11.88 -57.793629 0.090689734 0.076112822 0.9872098 0.17423889 0.039810404 
11.89 -57.745827 0.090999976 0.076632768 0.98715132 0.17420496 0.039711371 
11.9 -57.697205 0.09131337 0.077163205 0.98709214 0.17417127 0.039612588 
11.91 -57.647732 0.091629989 0.077704512 0.98703212 0.17413779 0.039514057 
11.92 -57.597378 0.091949932 0.078257099 0.98697132 0.17410456 0.039415773 
11.93 -57.546108 0.092273287 0.078821398 0.98690969 0.17407155 0.039317742 
11.94 -57.493889 0.092600174 0.079397865 0.98684722 0.17403878 0.039219957 
11.95 -57.440685 0.092930675 0.079986975 0.98678386 0.17400627 0.039122421 
11.96 -57.386452 0.093264908 0.08058922 0.98671955 0.17397399 0.039025132 
11.97 -57.331158 0.093602993 0.081205145 0.9866544 0.17394198 0.038928092 
11.98 -57.274754 0.093945034 0.081835292 0.98658824 0.17391022 0.038831297 
11.99 -57.217194 0.094291173 0.082480274 0.98652107 0.17387873 0.038734749 
12 -57.158432 0.094641529 0.083140701 0.98645288 0.1738475 0.038638446 
12.01 -57.098415 0.094996244 0.083817236 0.98638362 0.17381653 0.03854239 
12.02 -57.037094 0.095355466 0.084510595 0.98631322 0.17378587 0.038446579 
12.03 -56.974407 0.095719337 0.085221507 0.9862417 0.17375547 0.038351014 
12.04 -56.910297 0.096088029 0.085950777 0.98616904 0.17372537 0.038255692 
12.05 -56.844696 0.096461691 0.086699232 0.98609507 0.17369555 0.038160611 
12.06 -56.777538 0.096840516 0.087467782 0.98601985 0.17366606 0.038065776 
12.07 -56.708752 0.097224683 0.088257365 0.98594332 0.17363687 0.037971184 
12.08 -56.638252 0.097614393 0.089069009 0.98586541 0.17360799 0.037876833 
12.09 -56.56596 0.09800984 0.089903787 0.98578602 0.17357944 0.037782725 
12.1 -56.491791 0.098411255 0.090762869 0.98570514 0.17355123 0.037688859 
12.11 -56.415642 0.098818868 0.091647483 0.9856227 0.17352337 0.037595235 
12.12 -56.337418 0.099232927 0.092558965 0.9855386 0.17349584 0.037501853 
12.13 -56.257004 0.099653676 0.093498729 0.98545283 0.17346869 0.03740871 
12.14 -56.174286 0.10008141 0.094468318 0.98536527 0.17344192 0.037315808 
12.15 -56.089138 0.10051642 0.095469356 0.9852758 0.17341551 0.037223145 
12.16 -56.001423 0.10095901 0.09650363 0.98518437 0.17338951 0.037130728 
12.17 -55.910995 0.10140952 0.097573042 0.98509085 0.17336391 0.037038546 
12.18 -55.817692 0.10186829 0.098679654 0.98499519 0.17333874 0.036946606 
12.19 -55.721348 0.10233573 0.099825688 0.98489726 0.17331399 0.036854908 
12.2 -55.621769 0.10281222 0.10101358 0.98479688 0.17328969 0.036763445 
12.21 -55.518757 0.10329822 0.10224593 0.98469394 0.17326586 0.036672227 
12.22 -55.41209 0.10379418 0.10352561 0.98458833 0.17324249 0.036581244 
12.23 -55.301529 0.10430061 0.10485571 0.98447984 0.17321964 0.036490504 
12.24 -55.186813 0.10481805 0.10623963 0.98436838 0.1731973 0.036400005 
12.25 -55.067646 0.1053471 0.10768108 0.98425364 0.1731755 0.036309745 
12.26 -54.943718 0.10588839 0.10918413 0.98413551 0.17315425 0.036219727 
12.27 -54.814682 0.1064426 0.11075324 0.98401368 0.17313358 0.036129948 
12.28 -54.680149 0.10701048 0.11239333 0.98388797 0.17311352 0.036040414 
12.29 -54.539692 0.10759287 0.11410984 0.98375803 0.17309411 0.035951119 
12.3 -54.392845 0.10819063 0.11590876 0.98362356 0.17307535 0.03586207 
12.31 -54.239079 0.10880475 0.11779676 0.98348421 0.17305729 0.035773266 
12.32 -54.077808 0.1094363 0.11978128 0.98333961 0.17303997 0.035684705 
12.33 -53.908375 0.11008646 0.12187058 0.98318928 0.17302342 0.035596389 
12.34 -53.730045 0.11075653 0.12407394 0.9830327 0.1730077 0.035508327 
12.35 -53.541981 0.11144796 0.12640178 0.98286939 0.17299283 0.035420511 
12.36 -53.343243 0.11216234 0.12886584 0.98269862 0.17297888 0.035332948 
12.37 -53.132755 0.11290148 0.13147941 0.98251963 0.1729659 0.035245642 
12.38 -52.909294 0.11366737 0.1342576 0.98233157 0.17295398 0.035158593 
12.39 -52.671459 0.11446228 0.13721761 0.98213339 0.17294316 0.035071809 
12.4 -52.417622 0.11528876 0.14037919 0.981924 0.17293353 0.034985293 
12.41 -52.145908 0.1161497 0.14376505 0.98170197 0.1729252 0.034899045 
12.42 -51.854122 0.11704843 0.14740148 0.98146558 0.17291827 0.03481308 
12.43 -51.539692 0.11798873 0.15131906 0.98121285 0.17291287 0.034727402 
12.44 -51.199585 0.11897501 0.15555355 0.98094141 0.17290913 0.034642026 
12.45 -50.830185 0.12001237 0.16014704 0.98064822 0.1729072 0.034556955 
12.46 -50.427158 0.1211068 0.16514939 0.98032957 0.17290732 0.034472216 
12.47 -49.985271 0.12226535 0.17062007 0.97998089 0.17290968 0.034387823 
12.48 -49.498146 0.12349641 0.17663047 0.97959608 0.17291458 0.034303803 
12.49 -48.957916 0.12481006 0.18326706 0.9791674 0.17292234 0.034220193 
12.5 -48.35482 0.12621854 0.19063534 0.97868443 0.1729334 0.03413704 
12.51 -47.676552 0.12773682 0.19886516 0.97813314 0.17294827 0.03405441 
12.52 -46.907459 0.12938344 0.20811775 0.97749376 0.17296761 0.033972386 
12.53 -46.027367 0.1311817 0.21859506 0.97673804 0.1729923 0.033891112 
12.54 -45.009892 0.13316117 0.23055229 0.97582376 0.17302351 0.033810779 
12.55 -43.820072 0.13535994 0.24431445 0.97468561 0.17306282 0.03373171 
12.56 -42.410927 0.13782778 0.26029825 0.97321755 0.17311244 0.033654422 
12.57 -40.718513 0.1406305 0.27903941 0.97123832 0.17317566 0.033579856 
12.58 -38.654968 0.14385617 0.30122471 0.96841979 0.17325746 0.033509798 
12.59 -36.099293 0.14762351 0.32772079 0.96413475 0.17336562 0.03344804 
12.6 -32.887108 0.15209241 0.35957751 0.95714772 0.17351298 0.033403654 
12.61 -28.805374 0.15747516 0.39794663 0.94517565 0.17372116 0.033401866 
12.62 -23.607765 0.16404316 0.4438031 0.92523897 0.17402731 0.033526972 
12.63 -17.070995 0.17211908 0.49738172 0.89681929 0.17449519 0.034123525 
12.64 -9.0971613 0.1820443 0.55757838 0.86391062 0.1752349 0.036832746 
12.65 0.14275423 0.19411573 0.62189943 0.83047462 0.1764397 0.048123889 
